02_Processed_Data/Guangdong-driving/Tem/jizhongtxt/gd-tem-15-txt.txt
ncols         755
nrows         605
xllcorner     491130
yllcorner     2101946
cellsize      1000
NODATA_value  -9999
[rows 465 to 495 of 605, columns 0 to 68 of 755]
-9999 -9999 -9999 -9999 -9999 -9999 -9999 -9999 -9999 -9999 -9999 -9999 0.8033354 0.7998919 0.7895578 0.8037476 0.7989969 0.7916586 0.7843151 0.7838514 0.7859643 0.7798954 0.7802761 0.7763481 0.7793003 0.777513 0.7735896 0.7747898 0.781579 0.7793254 0.7779275 0.7765239 0.776406 0.7758526 0.7748634 0.7725776 0.7724383 0.7705724 0.7699921 0.7676852 0.7636515 0.763486 0.7559991 0.753241 0.7530596 0.7502908 0.747674 0.7453095 0.7442306 0.7440073 0.7411965 0.7405327 0.7372813 0.7409105 0.7342063 0.7322307 0.7367052 0.7338587 0.7353109 0.7298725 0.729593 0.7232841 0.7217039 0.7235615 0.7193896 0.716934 0.7151684 0.7174196 0.7132107
-9999 -9999 -9999 -9999 -9999 -9999 -9999 -9999 -9999 -9999 -9999 -9999 0.7979535 0.7953576 0.793187 0.8030599 0.7970047 0.7840585 0.7848779 0.7831094 0.7886514 0.7817079 0.7807837 0.7777026 0.7819314 0.7732446 -9999 0.7825503 0.7807183 0.7788808 0.7766074 0.7756194 0.7750567 0.7753488 0.7739145 0.7716138 0.7705989 0.7687177 0.7681223 0.7657999 0.757878 0.7555453 0.7549283 0.7530151 0.7510966 0.7500336 0.7465493 0.7450296 0.7426437 0.7424042 0.7417291 0.7453524 0.7395026 0.7362301 0.7376861 0.7318208 0.7293932 0.7329856 0.73356 0.7293958 0.7265174 0.724495 0.7241886 0.7200046 0.7145244 0.7154942 0.7141519 0.716386 0.7121599
-9999 -9999 -9999 -9999 -9999 -9999 -9999 -9999 -9999 -9999 -9999 -9999 0.7887061 0.7899702 0.7955321 -9999 0.7932987 0.7915279 0.7897514 0.7849571 0.7891945 0.783098 0.7808687 0.7794948 0.7815581 0.7849067 0.7822619 0.7804213 0.7798659 0.7784443 0.7774475 0.7751539 0.7745762 0.7748539 0.7721135 0.7702281 0.7696286 0.7694538 0.7679823 0.7566078 0.7546953 0.7557895 0.7521449 0.7527983 0.7512944 0.7497852 0.7467249 0.74605 0.7432178 0.7429624 0.74055 0.7377018 0.7361394 0.7384446 0.7385932 0.731851 0.731989 0.7342734 0.7309582 0.7267774 0.7256039 0.7231338 0.7228107 0.7164578 0.7139729 0.7149257 0.7131463 0.7127808 0.7119802
-9999 -9999 -9999 -9999 -9999 -9999 -9999 -9999 -9999 -9999 -9999 -9999 0.7859215 0.7785655 0.8013282 -9999 -9999 0.7942713 0.7924816 0.7885344 0.7901759 0.7844958 0.7818226 0.780865 -9999 0.7836667 0.7814464 0.7787309 0.7777308 0.7762949 0.7752835 0.7742666 0.7736743 0.7735068 0.7716122 0.7623963 0.7613515 0.7594402 0.758384 0.7573224 0.7558249 0.7530309 0.752383 0.7512994 0.7510712 0.7491158 0.7456189 0.7440675 0.7425105 0.7409482 0.7389501 0.7369466 0.7357982 0.7333537 0.7321948 0.7357643 0.733734 0.731268 0.7283669 0.7284725 0.7238395 0.7243651 0.7218733 0.7172247 0.7142923 0.7083426 0.713012 0.7100475 0.7075084
-9999 -9999 -9999 -9999 -9999 -9999 -9999 -9999 -9999 -9999 -9999 -9999 -9999 0.7955716 -9999 -9999 -9999 -9999 -9999 -9999 -9999 -9999 -9999 -9999 -9999 0.7832958 0.7802094 0.7787705 0.7781866 0.7771666 0.7739892 0.7725275 0.7714903 0.7691562 0.7676772 0.7631802 0.7621205 0.7610548 0.7569714 0.7563249 0.7548121 0.7532937 0.7534912 0.7511011 0.7508571 0.7480254 0.7466744 0.7442464 0.7422435 0.7398046 0.738651 0.7362012 0.7350368 0.7321457 0.729249 0.7345235 0.7286038 0.7261215 0.7249249 0.7245837 0.7238069 0.7213035 0.7222377 0.7184328 0.7111801 0.7082255 0.7081551 0.7111984 0.7082114
-9999 -9999 -9999 -9999 -9999 -9999 -9999 -9999 -9999 -9999 -9999 -9999 -9999 -9999 -9999 -9999 -9999 -9999 -9999 -9999 -9999 -9999 -9999 -9999 -9999 0.781212 -9999 -9999 0.7777904 0.7776167 0.7735643 0.7690757 0.7663026 0.7665362 0.7620302 0.764834 0.7620378 0.7579449 0.7581498 0.7587792 0.7576816 0.7552873 0.7541785 0.7530638 0.7510831 0.7486665 0.7468789 0.7448659 0.7424167 0.7412528 0.7405139 0.7354658 0.7338552 0.7318085 0.7301869 0.7285595 0.729509 0.7261497 0.7223542 0.7241483 0.7190515 0.7195438 0.7226128 0.7153482 0.7115213 0.7107015 0.7089042 0.7110694 0.7097867
-9999 -9999 -9999 -9999 -9999 -9999 -9999 -9999 -9999 -9999 -9999 -9999 -9999 -9999 -9999 -9999 -9999 -9999 -9999 -9999 -9999 -9999 -9999 -9999 0.7827299 0.7808582 -9999 0.7818885 0.774821 0.7729119 0.7718574 0.7677848 0.7641365 0.7652162 0.7654291 0.7630545 0.7589524 0.7582874 0.7584772 0.7569399 0.7584093 0.7559998 0.7540148 0.7515938 0.7491673 0.748026 0.7462332 0.743774 0.7408788 0.7405599 0.7376533 0.737323 0.7374176 0.7319123 0.731135 0.7277703 0.7325765 0.7283401 0.7236679 0.7207114 0.7199014 0.7186555 0.7195562 0.7105535 0.7135952 0.7084551 0.7105252 0.7100914 0.7019062
-9999 -9999 -9999 -9999 -9999 -9999 -9999 -9999 -9999 -9999 -9999 -9999 -9999 -9999 -9999 -9999 -9999 -9999 -9999 -9999 -9999 -9999 -9999 -9999 -9999 -9999 0.7761204 0.7733482 0.7722915 0.767786 0.7671476 0.7643516 0.7628404 0.7643359 0.762813 0.7612843 0.7584586 0.7560575 0.7570928 0.7559708 0.7574251 0.7545701 0.75257 0.7484124 0.7472614 0.7482563 0.7443066 0.7426923 0.7402118 0.7403076 0.7369552 0.735318 0.7341056 0.730736 0.7295122 0.7278526 0.7330729 0.7258077 0.7219797 0.7198675 0.7190409 0.7203606 0.7203839 0.714377 0.7118073 0.7083717 0.7134489 0.7078341 0.7039354
-9999 -9999 -9999 -9999 -9999 -9999 -9999 -9999 -9999 -9999 -9999 -9999 -9999 -9999 -9999 -9999 -9999 -9999 -9999 -9999 -9999 -9999 -9999 -9999 -9999 -9999 0.7761204 0.7721329 0.769771 0.7652515 0.7637381 0.7630796 0.7632754 0.7634652 0.7636493 0.7595239 0.7588351 0.7572797 0.7574399 0.7563028 0.7560205 0.7535808 0.7507049 0.7486838 0.7470872 0.7463452 0.7428208 0.7399002 0.7382648 0.7383449 0.7366977 0.7359055 0.7316648 0.7334434 0.7291913 0.7291913 0.7305279 0.7318591 0.7258688 0.7207332 0.7203261 0.7160404 0.7151916 0.7186411 0.7113264 0.7134738 0.7060886 0.7039052 0.6987036
-9999 -9999 -9999 -9999 -9999 -9999 -9999 -9999 -9999 -9999 -9999 -9999 -9999 -9999 -9999 -9999 -9999 -9999 -9999 -9999 -9999 -9999 -9999 -9999 -9999 -9999 0.7755473 0.7741573 0.7735093 0.7672603 0.7644478 0.7616293 0.7618172 0.7619987 0.761744 0.7614831 0.7590644 0.7562093 0.7563603 0.7565058 0.7566449 0.7546263 0.7521715 0.750141 0.7481047 0.7464927 0.7447063 0.7404851 0.7379793 0.7367587 0.7346715 0.7347301 0.7334918 0.7331085 0.729707 0.7267299 0.7254684 0.730226 0.7285229 0.7207893 0.7190748 0.7152029 0.7134774 0.711746 0.710009 0.7142915 0.7038894 0.6999677 0.6951798
-9999 -9999 -9999 -9999 -9999 -9999 -9999 -9999 -9999 -9999 -9999 -9999 -9999 -9999 -9999 -9999 -9999 -9999 -9999 -9999 -9999 -9999 -9999 -9999 -9999 0.7775872 0.7756602 0.7746964 0.7744646 0.7664804 0.7645146 0.7646946 0.7622858 0.7607319 0.7578806 0.7584659 0.7590453 0.7553148 0.7571726 0.7555818 0.7561364 0.7545335 0.7507725 0.748727 0.7479665 0.7454786 0.7449787 0.7411726 0.738221 0.7387065 0.7344521 0.7327735 0.7323804 0.7289689 0.7285638 0.7277226 0.7251542 0.7243013 0.7273158 0.7191355 0.7178352 0.7152381 0.7139263 0.715191 0.7130073 0.7090965 0.7051451 0.7020673 0.7007056
-9999 -9999 -9999 -9999 -9999 -9999 -9999 -9999 -9999 -9999 -9999 -9999 -9999 -9999 -9999 -9999 -9999 -9999 -9999 -9999 -9999 -9999 -9999 -9999 0.7796578 0.7764322 0.7766435 0.7713721 0.7706961 0.7670015 0.7654521 0.7647572 0.7623344 0.7607663 0.7591916 0.7593322 0.7551633 0.7570128 0.7541224 0.7542381 0.7552083 0.75316 0.7498146 0.7486148 0.7474088 0.7461968 0.7422499 0.7401499 0.7384743 0.7367923 0.7338132 0.7321193 0.7317106 0.7282833 0.7274323 0.7265751 0.7235606 0.721831 0.7265509 0.7209365 0.7166075 0.7135636 0.7143874 0.7173568 0.7087017 0.7064958 0.7051223 0.7028887 0.7006497
-9999 -9999 -9999 -9999 -9999 -9999 -9999 -9999 -9999 -9999 -9999 -9999 -9999 -9999 -9999 -9999 -9999 -9999 -9999 -9999 -9999 -9999 -9999 -9999 0.7759441 0.7748567 0.7729023 0.7680578 0.7660769 0.765811 0.7642477 0.7613871 0.761102 0.75995 0.7596523 0.7571966 0.755595 0.75743 0.753234 0.7533352 0.7525692 0.7522276 0.7484372 0.7472222 0.7460012 0.7434831 0.740393 0.7387081 0.7387385 0.7353199 0.7323256 0.7340591 0.7297614 0.7289006 0.7263124 0.7250093 0.7224091 0.7232456 0.7236462 0.7236102 0.716683 0.7144837 0.7183034 0.715232 0.7078513 0.70692 0.7038214 0.7024321 0.6997461
-9999 -9999 -9999 -9999 -9999 -9999 -9999 -9999 -9999 -9999 -9999 -9999 -9999 -9999 -9999 -9999 -9999 -9999 -9999 -9999 -9999 -9999 -9999 -9999 0.7735313 0.7720001 0.7704626 0.7664747 0.7666321 0.7650614 0.7630537 0.7606095 0.7590195 0.7591442 0.7566807 0.7533498 0.7530252 0.7531244 0.7523565 0.7520127 0.7512323 0.7508757 0.7483614 0.7454104 0.7428835 0.7425019 0.740393 0.7381383 0.7377234 0.7364413 0.7317102 0.7321371 0.7295455 0.7239351 0.7239134 0.7243159 0.7221303 0.7203692 0.7194626 0.7219927 0.7184922 0.7184286 0.7166377 0.7079555 0.7061529 0.7056356 0.7038247 0.7028492 0.7018679
-9999 -9999 -9999 -9999 -9999 -9999 -9999 -9999 -9999 -9999 -9999 -9999 -9999 -9999 -9999 -9999 -9999 -9999 -9999 -9999 -9999 -9999 -9999 -9999 0.7771529 0.7734566 0.766311 0.7674839 0.7633241 0.7626004 0.7618701 0.7594119 0.7578077 0.7574883 0.7563016 0.7572599 0.7534782 0.7518418 0.7506292 0.7507012 0.7503366 0.7486743 0.7465758 0.742749 0.7410678 0.7398108 0.7389777 0.7362893 0.7354288 0.7337012 0.7242211 0.7254933 0.7246076 0.7232855 0.7223874 0.7193316 0.7154089 0.7183657 0.718304 0.7208182 0.7194533 0.7176523 0.7115417 0.7080076 0.7066191 0.7056552 0.7016894 0.7041402 0.7031425
-9999 -9999 -9999 -9999 -9999 -9999 -9999 -9999 -9999 -9999 -9999 -9999 -9999 -9999 -9999 -9999 -9999 -9999 -9999 -9999 -9999 -9999 -9999 -9999 -9999 0.7805178 0.7750801 0.7719465 0.7669123 0.7601501 0.7585455 0.7569342 0.755316 0.7562734 0.7623885 0.7542958 0.7517907 0.7497095 0.7489129 0.7481098 0.7477306 0.7469146 0.7452315 0.7409598 0.7401245 0.7397131 0.737574 0.7387556 0.7348675 0.7348461 0.7236295 0.7214438 0.7226944 0.7196354 0.7182916 0.7152203 0.713864 0.7155139 0.7158668 0.7162136 0.7182756 0.7164584 0.7094715 0.7067817 0.7049466 0.7039664 0.7008588 0.6989898 0.6966847
-9999 -9999 -9999 -9999 -9999 -9999 -9999 -9999 -9999 -9999 -9999 -9999 -9999 -9999 -9999 -9999 -9999 -9999 -9999 0.7762603 0.775153 0.7731782 0.7720574 0.7692084 0.7663526 0.7665027 0.7782649 0.7703946 0.7683594 0.7667476 0.7582437 0.759631 0.7666059 0.7641068 0.7624618 0.7599491 0.7552783 0.7557651 0.7515113 0.7506939 0.7515912 0.7481786 0.7460502 0.7409036 0.740914 0.7366148 0.7374732 0.7330573 0.728724 0.7265359 0.7213289 0.7199886 0.7212241 0.7198711 0.7159297 0.7124125 0.7093194 0.7131054 0.7125818 0.7124825 0.712377 0.7118349 0.7078443 0.7051386 0.7045788 0.7027216 0.699611 0.6977261 0.6962653
-9999 -9999 -9999 -9999 -9999 -9999 -9999 -9999 -9999 0.7994088 -9999 -9999 -9999 0.7912893 0.7902102 -9999 0.7858799 0.7839195 0.7776487 0.7769659 0.7758456 0.7729969 0.7722933 0.770292 0.7678533 0.7645472 0.7702718 0.7615377 0.7629318 0.7669009 0.7665598 0.7610478 0.7542383 0.7530162 0.75523 0.7578675 0.7493097 0.7463395 0.7485266 0.7446824 0.7447047 0.7425688 0.7417169 0.7395679 0.7378425 0.7348193 0.7348023 0.7312445 0.7273265 0.7242626 0.7194709 0.7176852 0.7167537 0.7093608 0.7105681 0.7091872 0.7022055 0.7115704 0.7127525 0.7122073 0.7120859 0.7089462 0.7036486 0.7043696 0.7020724 0.70149 0.6975168 0.6964762 0.6941386
-9999 -9999 -9999 -9999 -9999 -9999 -9999 -9999 -9999 0.7998185 -9999 -9999 0.794886 0.7938017 0.7918494 0.7864479 0.7788875 0.7872426 0.7779468 0.7768207 0.7748268 0.7732565 0.7716792 0.7692344 0.7676432 0.7656149 0.7640101 0.7625894 0.7596666 0.7567369 0.7654194 0.7538691 0.7547919 0.7539865 0.7523133 0.7506335 0.7467953 0.7451019 0.7446929 0.7421256 0.7417032 0.7391224 0.7365349 0.7403956 0.7360737 0.7326057 0.7325738 0.7247101 0.7229289 0.7202806 0.7163346 0.7136732 0.7122961 0.7096217 0.7030679 0.6995199 0.7019902 0.709188 0.7073424 0.7080724 0.7109478 0.708653 0.7067822 0.7010324 0.701301 0.6985513 0.6975168 0.6930888 0.6928869
-9999 -9999 -9999 -9999 -9999 -9999 -9999 -9999 -9999 0.8002375 0.7970105 0.7950675 0.793978 0.7933118 0.7922081 0.7811997 0.7787907 0.7828299 0.7735214 0.7779771 0.7738189 0.7730962 0.7710755 0.7686176 0.7678741 0.7645416 0.7637843 0.7619312 0.7594251 0.7616462 0.7668725 0.7553084 0.7536354 0.7532466 0.7558631 0.7490053 0.7451531 0.7451672 0.7421619 0.7430233 0.7387131 0.7356877 0.7326555 0.7442484 0.7334566 0.7308347 0.7273452 0.72034 0.7181138 0.716311 0.71192 0.7049403 0.7044089 0.7064532 0.7007446 0.6997635 0.70394 0.7020851 0.705388 0.7082542 0.7081018 0.7075127 0.7056262 0.7002909 0.6988223 0.6982082 0.6967275 0.6927283 0.6907889
-9999 -9999 -9999 -9999 -9999 -9999 -9999 -9999 -9999 -9999 0.7965672 0.7954729 0.7943711 0.7872376 0.7852609 0.7811254 0.779565 0.7823005 0.7798653 0.7739799 0.7728212 0.7720858 0.7704826 0.768442 0.7689766 0.7652006 0.7631388 0.7612838 0.7591949 0.7605417 0.756287 0.7632142 0.7589456 0.7572519 0.7577029 0.7491101 0.747826 0.746105 0.7417947 0.7413507 0.7396086 0.7361387 0.729219 0.73176 0.7278395 0.7269242 0.7242809 0.7168435 0.7128812 0.7110638 0.7079487 0.6983722 0.7025597 0.7002852 0.696283 0.6991598 0.7037513 0.7014509 0.7030172 0.7032858 0.7052696 0.7042344 0.7027628 0.7034365 0.6993701 0.6978796 0.6955222 0.6876485 0.6844024
-9999 -9999 -9999 -9999 -9999 -9999 -9999 -9999 -9999 -9999 0.7948428 0.7933061 0.7883194 0.7906411 0.7809063 0.7836441 0.7829317 0.7792 0.7758912 0.769563 0.7662399 0.7697952 0.7690398 0.7682774 0.7670776 0.7645797 0.7629352 0.7623691 0.7585456 0.756006 0.7556112 0.7534878 0.7526482 0.7530927 0.750518 0.7487966 0.7436257 0.7418905 0.7444519 0.7414115 0.7396557 0.7353106 0.7292374 0.7270305 0.7222346 0.7307724 0.7289755 0.7159419 0.7106739 0.707551 0.7035604 0.699133 0.6955593 0.6868151 0.6845192 0.6968483 0.6962605 0.6956663 0.6946352 0.6996223 0.7011603 0.7026918 0.7007742 0.6984198 0.6956289 0.6902494 0.6930403 0.6838747 0.6810429
-9999 -9999 -9999 -9999 -9999 -9999 -9999 -9999 -9999 -9999 0.7892559 0.7881376 0.7852906 0.7901823 0.7873207 0.7861732 0.7807149 0.7782616 0.7736494 0.7617142 0.7570877 0.7683764 0.7701903 0.7685543 0.7647594 0.7635395 0.7627427 0.7595928 0.7583382 0.7587978 0.7553772 0.7536708 0.7541087 0.7502364 0.7489391 0.745913 0.7497656 0.7428526 0.7441086 0.7384726 0.7375632 0.734495 0.7309898 0.7240348 0.7200853 0.7212931 0.7190511 0.7111801 0.7058977 0.6993173 0.6957427 0.6930217 0.6928761 0.6944449 0.6891219 0.6721728 0.6827589 0.6855921 0.6858371 0.6882268 0.6962044 0.6968598 0.6962178 0.6968605 0.6940537 0.6916712 0.6862699 0.6805461 0.6820019
-9999 -9999 -9999 -9999 -9999 -9999 -9999 -9999 -9999 -9999 0.7875524 0.7877132 0.787006 0.7841396 0.7894425 0.7809668 0.7810907 0.7790555 0.774431 0.7685082 0.7634385 0.7648166 0.7700607 0.7675511 0.7663257 0.7638017 0.762992 0.7615619 0.7594336 0.7572979 0.7534338 0.7525747 0.7517083 0.7525563 0.7495239 0.7473451 0.7460197 0.7412446 0.7356016 0.7351157 0.732471 0.7298192 0.7271606 0.7046991 0.6938499 0.7096748 0.7100006 0.7090137 0.7007045 0.6941096 0.686217 0.6856332 0.6902064 0.6904697 0.685562 0.6776353 0.6752959 0.6841391 0.6813563 0.6884646 0.6925542 0.694485 0.6946884 0.6953156 0.6877597 0.6905256 0.6859692 0.6875609 0.6812547
-9999 -9999 -9999 -9999 -9999 -9999 -9999 -9999 -9999 -9999 0.7875807 0.7872995 0.7865804 0.7845627 0.7821072 0.7805051 0.7784651 0.775557 0.7747931 0.7727309 0.7723826 0.7698751 0.7699425 0.7661293 0.7666122 0.7657968 0.7645439 0.7596697 0.7570981 0.75581 0.7523631 0.7527817 0.7510414 0.7505849 0.7488302 0.7470681 0.7444381 0.7435223 0.7421692 0.7408086 0.7312646 0.7264471 0.7246351 0.6879584 0.6650454 0.7006517 0.7061271 0.7085822 0.7028407 0.6953707 0.6853116 0.6851438 0.6927148 0.6921026 0.6876105 0.686124 0.6859216 0.6822699 0.6850663 0.6878563 0.6880574 0.6929857 0.6940344 0.6929248 0.6926693 0.6915468 0.6908478 0.6881359 0.6835358
-9999 -9999 -9999 -9999 -9999 -9999 -9999 -9999 -9999 -9999 0.7876199 0.785175 0.7870263 0.7849967 0.7812383 0.7800545 0.7780023 0.7768032 0.7755969 0.7735224 0.7714402 0.7727933 0.7685444 0.7668705 0.7660496 0.7639305 0.7618038 0.7590805 0.7569262 0.7556252 0.7534562 0.7534313 0.7486653 0.7481954 0.7464274 0.7442215 0.742869 0.739788 0.7392815 0.7361861 0.7305014 0.7256702 0.7221227 0.7004938 0.6883252 0.7015396 0.707001 0.7094554 0.702839 0.6983668 0.6882936 0.6872503 0.6896428 0.6933194 0.6913946 0.6907542 0.6879548 0.6877309 0.6844878 0.6932876 0.6943342 0.6936529 0.6916741 0.6914098 0.6932907 0.6908618 0.6871352 0.6835626 0.6828199
-9999 -9999 -9999 -9999 -9999 -9999 -9999 -9999 -9999 -9999 0.7889607 0.7877954 0.7870527 0.78329 0.7816712 0.7796148 0.7775506 0.7754788 0.7742603 0.773034 0.7705091 0.7709892 0.7688797 0.7671931 0.7663596 0.7637972 0.7616578 0.7602249 0.7580577 0.7567437 0.7511188 0.7523718 0.7480232 0.7475401 0.7461888 0.7439696 0.7421734 0.7395093 0.7351161 0.7311463 0.7250175 0.7227542 0.7183325 0.7121819 0.699569 0.7007198 0.7117615 0.7081906 0.7037115 0.6983649 0.6921499 0.6902316 0.689167 0.6932594 0.6921806 0.6936774 0.6874206 0.6932065 0.6895183 0.6927086 0.6902975 0.6934744 0.6936321 0.6907707 0.6904848 0.6893315 0.6873108 0.684169 0.6829808
-9999 -9999 -9999 -9999 -9999 -9999 -9999 -9999 -9999 -9999 0.7881609 0.7874142 0.7853689 0.7841763 0.7808247 0.7796168 0.7784013 0.7763174 0.7737957 0.7729877 0.770881 0.7683362 0.7683662 0.7662363 0.7653903 0.7641063 0.7628148 0.758799 0.7579103 0.7557226 0.7505152 0.7478821 0.7482541 0.7468973 0.7455328 0.7433003 0.7427815 0.7379522 0.7352672 0.7304232 0.7277232 0.7220036 0.7192892 0.7114035 0.7043712 0.7012046 0.7109411 0.7056488 0.7028769 0.7005282 0.6942995 0.6897847 0.6899965 0.6914926 0.6891084 0.6901599 0.6937867 0.6879386 0.6872479 0.6865504 0.6875673 0.6915898 0.6938841 0.6922988 0.6885549 0.6860953 0.6849202 0.6817788 0.6827273
-9999 -9999 -9999 -9999 -9999 -9999 -9999 -9999 -9999 -9999 0.7882329 0.7874746 0.785848 0.7833528 0.7817107 0.7809213 0.7784028 0.776307 0.7737731 0.7720922 0.773416 0.7691376 0.7687247 0.7674434 0.7661544 0.7635669 0.7609716 0.7599682 0.7582058 0.7534232 0.752076 0.7489995 0.7472069 0.7466977 0.7448894 0.7422135 0.7425423 0.7372692 0.7315583 0.729713 0.7269997 0.7238485 0.719399 0.7170939 0.7096175 0.7085887 0.7088436 0.7074242 0.7054993 0.7054993 0.6992636 0.696463 0.6945162 0.6960051 0.6936134 0.6873419 0.6926822 0.6906999 0.691723 0.6871443 0.6855714 0.6925985 0.6948845 0.6941517 0.692121 0.6879317 0.6854572 0.6827688 0.6819872
-9999 -9999 -9999 -9999 -9999 -9999 -9999 -9999 -9999 -9999 -9999 0.7861642 0.7862552 0.7854778 0.7834011 0.7817473 0.7800856 0.778416 0.7767385 0.7754835 0.7720693 0.7699382 0.7682295 0.766083 0.7660803 0.7660701 0.7639002 0.760765 0.7585673 0.7563619 0.7550095 0.7536495 0.7492692 0.7453119 0.7460805 0.7433988 0.7415702 0.7388733 0.7374601 0.7343177 0.7303076 0.7275805 0.7257071 0.7208135 0.7180645 0.7157381 0.7125439 0.7128675 0.7105054 0.7072752 0.7036075 0.7012234 0.7022748 0.7015976 0.695749 0.6937665 0.6926376 0.6919318 0.6886368 0.6917899 0.6876201 0.6873167 0.69174 0.6892708 0.6872252 0.6825906 0.6861259 0.6791353 0.6766172
-9999 -9999 -9999 -9999 -9999 -9999 -9999 -9999 -9999 -9999 -9999 0.7858285 0.7854775 0.7846887 0.7826006 0.7817959 0.7792615 0.7788709 0.7763212 0.7750543 0.7737796 0.7699151 0.7694854 0.7677569 0.7655902 0.7651372 0.7620943 0.7598198 0.7584704 0.7562523 0.7531657 0.7526537 0.7512732 0.7468726 0.7463372 0.744073 0.7413705 0.7373695 0.7363734 0.7336482 0.7304851 0.7260236 0.7258577 0.7231026 0.7207702 0.7149875 0.7147918 0.7129642 0.7101581 0.7090657 0.7071055 0.704277 0.7031628 0.6985984 0.6944571 0.6950423 0.6921776 0.7039374 0.6872875 0.6887048 0.6871027 0.6872147 0.6894715 0.6865575 0.6814846 0.6845815 0.683368 0.6733665 0.6695428
