02_Processed_Data/Guangdong-driving/Tem/jizhongtxt/gd-tem-15-txt.txt
ncols         755
nrows         605
xllcorner     491130
yllcorner     2101946
cellsize      1000
NODATA_value  -9999
[rows 434 to 464 of 605, columns 69 to 137 of 755]
0.7484962 0.7517228 0.7631236 0.7478406 0.7450348 0.7409354 0.7351116 0.7331588 0.737228 0.7425857 0.7475103 0.7421042 0.7392774 0.7459158 0.7443752 0.7312126 0.732798 0.7342426 0.7313809 0.7366935 0.7359785 0.7171869 0.7177578 0.720478 0.7176012 0.6889015 0.7299146 0.7326245 0.730168 0.7272789 0.726969 0.7275175 0.7246209 0.7230128 0.7218326 0.7189285 0.7144557 0.7132481 0.7133292 0.7138382 0.7126232 0.7118363 0.7106169 0.7089646 0.7064495 0.7060835 0.7078669 0.7049146 0.7028205 0.7024456 0.700347 0.6952338 0.6961433 0.6966199 0.6958037 0.6941246 0.6891867 0.6874835 0.6870692 0.6845011 0.6776273 0.6754857 0.6750633 0.6810938 0.6802372 0.6793789 0.6737848 0.6746436 0.6664639
0.7635506 0.7624554 0.7493081 0.7421829 0.74151 0.7382523 0.7358527 0.7360327 0.7370703 0.7441303 0.7455931 0.7393072 0.7450681 0.7435108 0.7419507 0.7386667 0.7333502 0.7309023 0.7275907 0.7264287 0.7265548 0.7318424 0.704852 0.7122863 0.7080985 0.6836824 0.73027 0.7303779 0.7300534 0.728435 0.7272446 0.7247606 0.7214136 0.7197855 0.717294 0.715661 0.7111716 0.7103742 0.7108653 0.710063 0.7101191 0.7088815 0.707642 0.7063997 0.7030037 0.704339 0.7065327 0.7052816 0.7027368 0.7019113 0.6997928 0.693799 0.6890937 0.6908416 0.6908659 0.6904576 0.6876557 0.6876539 0.6837769 0.6807587 0.6781687 0.6768678 0.6781473 0.6768426 0.6755362 0.6742278 0.6733481 0.6694541 0.6668495
0.7618247 0.7434975 0.7436721 0.741262 0.74014 0.7372939 0.7374574 0.7389093 0.7291697 0.7387928 0.7363635 0.7378045 0.7413943 0.7393875 0.7412508 0.738808 0.7283114 0.7219709 0.7164884 0.7273561 0.7257414 0.7323003 0.726807 0.701946 0.7102184 0.7055781 0.728477 0.7289956 0.728651 0.7261519 0.7245112 0.721577 0.7182097 0.7152706 0.7140502 0.7128273 0.7104734 0.710086 0.7092659 0.707583 0.7071886 0.7055005 0.7042407 0.7016874 0.6995619 0.7013075 0.7008991 0.7004883 0.6992146 0.6983691 0.6979515 0.6958107 0.6906552 0.6859277 0.6855018 0.6859343 0.6809651 0.6843861 0.6830713 0.6821848 0.6782843 0.6761029 0.6752108 0.6725956 0.6678272 0.6677904 0.6699036 0.6711543 0.6625057
0.7601022 0.7447688 0.7453552 0.7416353 0.740925 0.7384905 0.7343319 0.7288793 0.7277277 0.7317371 0.7254155 0.7285589 0.7261048 0.7391405 0.7323779 0.7316372 0.7237067 0.7207896 0.7200211 0.7183894 0.724501 0.7284586 0.7281095 0.6885973 0.7050264 0.7175798 0.7275487 0.7263261 0.7251006 0.7234427 0.7204907 0.7175365 0.71501 0.713772 0.7129617 0.7104278 0.709349 0.7080808 0.7072407 0.7063981 0.7042622 0.702554 0.7008435 0.6991307 0.6956942 0.6987108 0.6982821 0.6974207 0.6969876 0.6952612 0.6948236 0.6939538 0.6883476 0.6879036 0.681433 0.6775421 0.6803039 0.6798318 0.6784971 0.6762999 0.6736706 0.6706091 0.6658242 0.6636199 0.661844 0.6622182 0.6668941 0.6681256 0.6555848
0.7583832 0.7365763 0.7423081 0.7411517 0.7374102 0.7353874 0.7333616 0.7296114 0.7318836 0.7259761 0.7286726 0.7124315 0.7228685 0.7311512 0.7269511 0.7274818 0.7234096 0.7252064 0.7257097 0.72578 0.7236952 0.7194565 0.7246826 0.7010728 0.6972563 0.7235609 0.7240424 0.7236606 0.7211244 0.7185854 0.7160441 0.7147911 0.712675 0.7127079 0.712308 0.7106146 0.7073681 0.7043586 0.7039287 0.7039269 0.7030616 0.7017637 0.6983117 0.6952878 0.6931222 0.6961184 0.6960999 0.6947882 0.6956258 0.6938794 0.689979 0.6912405 0.6843238 0.6847203 0.6795205 0.6790525 0.6774959 0.6765737 0.6752192 0.6695597 0.6630372 0.6638293 0.6616068 0.6576615 0.6605999 0.6618153 0.6638897 0.6633807 0.6572758
0.7407453 0.7417279 0.7427077 0.7393806 0.73476 0.7335792 0.7216364 0.7299172 0.7252847 0.7202189 0.7173021 0.7148126 0.7291036 0.7274691 0.7219587 0.7254827 0.7239771 0.7248939 0.725808 0.7202641 0.7211725 0.7229388 0.7251326 0.7221599 0.7209054 0.7187878 0.7209709 0.7192779 0.719304 0.7150238 0.7159052 0.7120501 0.7107744 0.7112178 0.7103674 0.7090844 0.7045319 0.7040843 0.7032039 0.7014603 0.7014358 0.6992568 0.6987973 0.6961837 0.6909854 0.6926703 0.6934925 0.6947426 0.6929781 0.6920723 0.6894428 0.6881022 0.6858989 0.684124 0.677613 0.6749732 0.6746933 0.674612 0.6723771 0.6671278 0.6657498 0.6613582 0.6591163 0.6594547 0.660222 0.6609875 0.6626124 0.6616537 0.6594025
0.7291366 0.7275184 0.7370863 0.7389048 0.7355565 0.7330658 0.7120675 0.7155954 0.7195507 0.6994041 0.6917345 0.7103127 0.7237238 0.72207 0.719983 0.7239179 0.7236885 0.719852 0.7207469 0.7138923 0.7203757 0.7259954 0.7247269 0.7251769 0.7247635 0.7230564 0.7187645 0.7157607 0.7205008 0.7127578 0.7114676 0.7080229 0.7084487 0.7088719 0.7075714 0.7058376 0.7047128 0.7025241 0.7016233 0.6981384 0.6972331 0.6963251 0.6954149 0.6932114 0.6897143 0.6879365 0.6878778 0.6882472 0.6899055 0.6894096 0.6880512 0.6853996 0.6836066 0.6818117 0.6774324 0.6760639 0.6718966 0.671365 0.6699709 0.667284 0.6645955 0.6610446 0.6579223 0.6582415 0.6602799 0.6610262 0.6609105 0.6595022 0.658523
0.7278599 0.7365517 0.7353426 0.7319785 0.7324845 0.7321267 0.7227287 0.7060118 0.7151123 0.7138816 0.7147999 0.7256126 0.724373 0.7244215 0.7214546 0.7223578 0.7199621 0.7173973 0.7152601 0.7139804 0.7217351 0.7226017 0.7226046 0.7213137 0.7200198 0.7204447 0.7165633 0.7148307 0.7182597 0.7130791 0.7134902 0.7121774 0.711292 0.7108347 0.7086532 0.7060389 0.7036085 0.70226 0.7004789 0.7004163 0.6999212 0.6977021 0.6941898 0.691966 0.6893097 0.6870813 0.6831294 0.6796057 0.6812438 0.6841707 0.6832225 0.6827025 0.6783077 0.6782139 0.6751059 0.6741477 0.6686756 0.6672632 0.6624066 0.6614217 0.6600043 0.655573 0.6532918 0.6540217 0.65475 0.6554768 0.6579235 0.6569265 0.6559281
0.7351947 0.7227813 0.7241358 0.7302207 0.7315688 0.7238764 0.7088653 0.7041791 0.7007808 0.7038345 0.7159225 0.7060598 0.7220148 0.7224742 0.7186276 0.7208024 0.719253 0.7196813 0.7201066 0.7200988 0.7243912 0.7222256 0.7200571 0.7183161 0.7122691 0.7105222 0.7126458 0.7113239 0.716024 0.7069504 0.7086325 0.7103121 0.7085462 0.707208 0.7058674 0.704524 0.7003579 0.6976984 0.6898723 0.6949541 0.6965903 0.695212 0.6929705 0.692448 0.6910624 0.6888141 0.6831208 0.6787162 0.6786128 0.678077 0.6758178 0.6782902 0.6764573 0.6754829 0.6723548 0.6700858 0.6633091 0.6614469 0.6604433 0.6585778 0.6567105 0.6548418 0.6525411 0.6523905 0.65396 0.6550978 0.6549433 0.6530663 0.6550609
0.7304851 0.7223569 0.7180979 0.7314802 0.7250634 0.6786218 0.696728 0.6967567 0.7053891 0.7032596 0.710595 0.715345 0.7084727 0.7140771 0.7149449 0.7175308 0.7159675 0.7219709 0.7223768 0.7201976 0.7180154 0.7179821 0.7162244 0.7170457 0.7122697 0.7096426 0.7104554 0.710835 0.7103512 0.7059915 0.7050717 0.7075921 0.7066669 0.7044482 0.7035176 0.7012935 0.6941012 0.6922821 0.6865878 0.6894977 0.6924052 0.6918672 0.6917574 0.6890632 0.6859363 0.6819463 0.6788149 0.6786936 0.676849 0.6758628 0.6774565 0.6790484 0.6746132 0.6723278 0.6687495 0.6664607 0.6631136 0.6573583 0.6589175 0.6574624 0.655145 0.6541171 0.6522272 0.6503361 0.6523163 0.651283 0.6506788 0.6496431 0.6507581
0.7244895 0.7232282 0.7180903 0.7198346 0.7224361 0.7233134 0.7151501 0.709996 0.7078509 0.7100062 0.7203348 0.7211925 0.7155923 0.634679 0.6983572 0.7151252 0.7217246 0.7212536 0.7203491 0.7194415 0.7146579 0.7128835 0.7149793 0.7127684 0.7096943 0.7100599 0.7112834 0.7060487 0.7038237 0.704178 0.7023776 0.7040173 0.7043632 0.7034155 0.7020345 0.6972085 0.6938757 0.6920367 0.6932077 0.6922243 0.6916688 0.6893897 0.6883991 0.6861151 0.6803861 0.673794 0.6740854 0.6773868 0.6733704 0.6719337 0.6717861 0.6750792 0.6701937 0.6713313 0.6703152 0.6680063 0.6586217 0.6549984 0.6578287 0.6585054 0.6557383 0.6572728 0.6562239 0.6530222 0.6506798 0.6487665 0.6472824 0.6462274 0.6473231
0.7249542 0.7198014 0.7146451 0.7168012 0.7193844 0.699156 0.7120607 0.7154948 0.7154824 0.711594 0.7163092 0.718439 0.7149712 0.7054755 0.7153419 0.7196108 0.7150081 0.7166693 0.7178971 0.7148184 0.7134578 0.7142462 0.7141706 0.7119403 0.7092768 0.7087621 0.7082442 0.704281 0.7041878 0.704522 0.7005505 0.7021701 0.702496 0.7006677 0.6992671 0.6965727 0.6949477 0.6930888 0.6925183 0.6902239 0.6862059 0.6864886 0.6859084 0.681883 0.6748427 0.6725341 0.6745269 0.6773779 0.6729109 0.671024 0.6712867 0.6719777 0.6675027 0.6647473 0.6662932 0.6631039 0.6545675 0.6539367 0.6554561 0.6543922 0.6511748 0.6552721 0.6537733 0.6527036 0.6516327 0.6501304 0.648627 0.6479834 0.6438958
0.7198301 0.7004576 0.6914098 0.7206589 0.7210718 0.7077104 0.7154322 0.7154047 0.7183861 0.7200731 0.719175 0.7113878 0.7139258 0.7100053 0.7146884 0.715065 0.7147527 0.7151037 0.7120085 0.7089105 0.7126946 0.7134633 0.7094952 0.7063848 0.704132 0.7018763 0.7013387 0.7029501 0.7024068 0.7027215 0.7013116 0.7003295 0.7006357 0.6996479 0.6973668 0.6963737 0.6925842 0.6907052 0.6896845 0.6878005 0.6872049 0.6844556 0.6821337 0.6789489 0.671889 0.6699906 0.669381 0.6747942 0.671168 0.6688306 0.6682127 0.6706052 0.6665407 0.6667776 0.6661521 0.6607911 0.6561154 0.6524528 0.6530918 0.652438 0.6522136 0.6519877 0.6504696 0.6489502 0.6482902 0.643756 0.6422334 0.6402793 0.6421975
0.7198761 0.7129652 0.7215428 0.7228013 0.7240562 0.7210042 0.7149365 0.7166116 0.7148406 0.7152176 0.7190343 0.7077854 0.7107347 0.7085167 0.7110289 0.7118165 0.7106309 0.7118232 0.7074179 0.709034 0.7106471 0.7075232 0.7086997 0.7038482 0.7024366 0.7010218 0.7013252 0.7016259 0.6993415 0.700497 0.6994979 0.6984959 0.6987822 0.696914 0.6941823 0.6931694 0.6897976 0.6883291 0.6872884 0.6858147 0.6830475 0.6798474 0.6787968 0.6751618 0.6723851 0.6696061 0.6672552 0.6713573 0.6728752 0.6670752 0.6690193 0.6653671 0.665586 0.664512 0.6625756 0.6597767 0.6529379 0.6526982 0.6524568 0.652214 0.6511091 0.6500029 0.6488954 0.6469262 0.6436647 0.639972 0.6367086 0.6347355 0.638356
0.7216494 0.7220359 0.7232795 0.7240893 0.7201614 0.7162303 0.7148776 0.7126608 0.7100103 0.7116598 0.7167483 0.7084929 0.7084109 0.7087557 0.7090972 0.7115871 0.7078067 0.7063979 0.705416 0.7070128 0.7068852 0.7067541 0.704038 0.7008885 0.7033301 0.7023263 0.70261 0.6994483 0.6975744 0.6982799 0.6976913 0.6962391 0.6956449 0.6933265 0.6918659 0.6904029 0.6870186 0.6859606 0.6836087 0.6821153 0.6801888 0.6778295 0.6733161 0.6713825 0.6698769 0.6683689 0.6659979 0.6683587 0.6689959 0.667049 0.6659607 0.6635798 0.6629181 0.6618242 0.6598679 0.6583403 0.6519204 0.6516608 0.6513999 0.6498464 0.6478611 0.6467354 0.645178 0.6427589 0.64163 0.6357663 0.6346353 0.6317822 0.6340925
0.7229989 0.7207848 0.7245922 0.7184979 0.7175642 0.7166269 0.7152557 0.7121595 0.7112114 0.7162848 0.7161903 0.6984486 0.7048027 0.7094318 0.7084631 0.7079216 0.7078067 0.7065741 0.7047122 0.7032775 0.7035606 0.704271 0.699814 0.6992269 0.7007884 0.6971827 0.6952953 0.6934049 0.6940935 0.6939185 0.6937404 0.6957113 0.6946669 0.6918981 0.6895572 0.6880741 0.6851084 0.6836002 0.6803678 0.6779936 0.676908 0.6740984 0.6687043 0.6706236 0.6690982 0.6662791 0.672495 0.6632168 0.6578091 0.6653097 0.664632 0.6626614 0.6606888 0.6591448 0.6584595 0.6526088 0.6517724 0.6519234 0.649491 0.6470572 0.6454827 0.6443376 0.6380268 0.6364492 0.63444 0.6324301 0.6291281 0.6275468 0.6289774
0.7222033 0.722553 0.7276331 0.7228112 0.7218591 0.7183213 0.7182223 0.7155379 0.7171532 0.7161831 0.7091843 0.6746405 0.7063653 0.710115 0.7082667 0.7077057 0.707572 0.7050363 0.7018642 0.6995492 0.7011043 0.6992132 0.6973188 0.6997247 0.6948114 0.6929078 0.6905704 0.6912423 0.6893294 0.691286 0.690658 0.6913182 0.6902539 0.6900476 0.6889777 0.6874747 0.6840671 0.6821085 0.6801473 0.6743106 0.6753567 0.6733878 0.6692648 0.6694428 0.6683277 0.6624765 0.6626478 0.6684113 0.6647053 0.6640096 0.6615905 0.6596 0.6563166 0.6534616 0.6536173 0.6498985 0.6499121 0.6487524 0.6467306 0.6451378 0.6439742 0.6393666 0.6364795 0.6318698 0.6302717 0.6286726 0.6283639 0.6259029 0.6281749
0.723566 0.7251887 0.7272378 0.7254103 0.7248701 0.7200226 0.7216265 0.7206447 0.7200896 0.7178097 0.7129439 0.707214 0.7070749 0.7069324 0.7076469 0.7040547 0.7039017 0.7009243 0.6981632 0.6962594 0.6969343 0.6963149 0.6961225 0.6963573 0.6935763 0.6912227 0.6888657 0.6865056 0.6845731 0.6886619 0.6961904 0.6882243 0.6884313 0.6877747 0.6875456 0.6860231 0.6808827 0.6789043 0.6769233 0.6736486 0.6733838 0.6688129 0.6676826 0.6669801 0.6649842 0.6612649 0.660125 0.6615652 0.6625733 0.6597061 0.6594187 0.6574084 0.6519533 0.6490785 0.6487843 0.6493489 0.6472006 0.6460212 0.6439798 0.6423674 0.6403235 0.6365572 0.6336504 0.6328944 0.6291252 0.6296587 0.6263183 0.6242685 0.6265213
0.71719 0.7200854 0.7238377 0.7219918 0.7218634 0.7200099 0.719874 0.7171521 0.7195908 0.7168617 0.7132683 0.7105319 0.7086526 0.7084911 0.7078955 0.705145 0.6993784 0.7011235 0.6996343 0.6959898 0.6979367 0.6981586 0.6996682 0.699453 0.6919191 0.6929885 0.6936246 0.6903843 0.6897229 0.6856157 0.6856157 0.6871 0.6855689 0.6844652 0.6850801 0.6848312 0.6792723 0.6755553 0.6757089 0.6758596 0.6738562 0.6722806 0.6681202 0.6652486 0.6640959 0.6620802 0.6583408 0.6593331 0.6594625 0.66002 0.6575634 0.6555347 0.6535045 0.6488904 0.6477173 0.6469728 0.6461267 0.6444987 0.6424391 0.6403781 0.6396068 0.6375433 0.6359094 0.634274 0.6317773 0.6297101 0.6272119 0.6229918 0.6222136
0.7217109 0.718137 0.7171414 0.7225966 0.7224539 0.7197251 0.7178531 0.7189896 0.7149582 0.7165177 0.7133396 0.710588 0.7091238 0.7098076 0.7074756 0.7047094 0.7023699 0.6985323 0.6991794 0.6998226 0.6952984 0.6972261 0.6952769 0.6963368 0.7021273 0.6919914 0.6913202 0.6897851 0.6878161 0.6888566 0.6894637 0.6861947 0.6902383 0.68309 0.6823941 0.6816952 0.6795684 0.6775531 0.6751049 0.6730841 0.6714912 0.6694654 0.6657155 0.6615331 0.6616516 0.6570338 0.6558568 0.6572596 0.6560777 0.6574764 0.6537086 0.6503696 0.646598 0.6462675 0.645505 0.646462 0.6447458 0.6422372 0.6401583 0.6380774 0.6364259 0.6330521 0.630968 0.6280225 0.6255063 0.6242805 0.6243449 0.6226876 0.6193085
0.7209623 0.7229647 0.7241026 0.7260971 0.7220629 0.7206069 0.7165645 0.7181132 0.7183667 0.7164648 0.7141286 0.7126493 0.7077236 0.7092494 0.7073288 0.7058347 0.7039068 0.6979067 0.6972435 0.6987286 0.6959065 0.6948025 0.6941251 0.6930141 0.69233 0.6912122 0.6892304 0.6889668 0.6886998 0.6892905 0.6872957 0.6861587 0.6880311 0.6825846 0.6814387 0.68072 0.6795684 0.6761176 0.6736497 0.6724699 0.6704268 0.6679509 0.6615994 0.6621306 0.6562046 0.6567312 0.6516612 0.6508923 0.6548551 0.6519303 0.6464216 0.646075 0.6465871 0.6458064 0.6458849 0.6451008 0.6416538 0.6404169 0.6391787 0.6357874 0.6315343 0.6294319 0.6268982 0.6269456 0.6222583 0.6197221 0.6189069 0.6180909 0.6155533
0.7180699 0.7191938 0.7198831 0.7231504 0.7229711 0.7171932 0.7139934 0.7181053 0.7153282 0.7159896 0.7136349 0.712137 0.7080532 0.7074085 0.7076206 0.7022347 0.7007181 0.6994418 0.6978986 0.7015164 0.6965236 0.6941092 0.6934127 0.6905611 0.6902881 0.690442 0.6897319 0.6890183 0.6874409 0.6862906 0.6834158 0.6839805 0.6823907 0.6842404 0.6800624 0.6788937 0.6781526 0.6734009 0.671774 0.6697138 0.6685116 0.6655856 0.6626568 0.6601563 0.6593745 0.6529959 0.6496274 0.6522815 0.6532121 0.6498371 0.6464603 0.6478152 0.6470167 0.6453557 0.6436929 0.64375 0.6390032 0.637316 0.6343371 0.6335081 0.6300964 0.6275442 0.6236997 0.6228672 0.6203122 0.6190479 0.6169222 0.6169479 0.6135304
0.7177677 0.7180129 0.7186841 0.7184906 0.7170018 0.7142182 0.7114305 0.7120813 0.712298 0.7125105 0.7092768 0.7103423 0.7083914 0.7068672 0.7023269 0.7020862 0.7005506 0.6975428 0.6977024 0.6995795 0.692416 0.6938556 0.6909882 0.6881173 0.6843823 0.6853775 0.6855087 0.6839153 0.6849005 0.6798579 0.6786846 0.6800907 0.6806327 0.6790202 0.6782653 0.6766469 0.6754557 0.6711249 0.6694782 0.6678289 0.6653158 0.6615094 0.6589914 0.6581923 0.6552389 0.6505619 0.6441615 0.6536811 0.6507189 0.6473244 0.6465098 0.647845 0.646166 0.6436245 0.6423726 0.6402583 0.6367937 0.6329356 0.6307977 0.6286582 0.6282392 0.6265283 0.6218037 0.620091 0.6192384 0.6196759 0.6175311 0.6149552 0.61281
0.7157524 0.7172706 0.7183542 0.7190034 0.7162054 0.7138338 0.7101671 0.7103693 0.7114282 0.711192 0.7092305 0.7098472 0.7074474 0.7020313 0.700915 0.6993644 0.6973795 0.6965141 0.6962245 0.693349 0.6921911 0.6931812 0.6894339 0.6861135 0.6840807 0.6863475 0.6825865 0.680113 0.6828002 0.6794595 0.6761153 0.6762108 0.6784547 0.6772529 0.6747571 0.6744099 0.6731991 0.6697199 0.6693447 0.6676754 0.6634216 0.660456 0.6561971 0.6562389 0.6536963 0.6464174 0.6511861 0.650358 0.6465155 0.6435311 0.645279 0.6448733 0.6440354 0.6414742 0.6406328 0.6389292 0.6328745 0.6320091 0.6294212 0.6251108 0.6233813 0.6212205 0.6177676 0.6151747 0.614733 0.6147212 0.6147088 0.6164176 0.6146832
0.7141761 0.7156762 0.7150207 0.7173728 0.7145569 0.7134582 0.7102036 0.7095268 0.7105675 0.7128948 0.7066115 0.7050577 0.7030699 0.6989263 0.7003732 0.6979429 0.6963697 0.6976467 0.6960469 0.6918615 0.691115 0.6895042 0.6878896 0.6841196 0.6803461 0.6791513 0.6775225 0.67546 0.679419 0.6751981 0.6722649 0.6744927 0.676287 0.6750656 0.6738411 0.6726137 0.6709531 0.6657436 0.6653486 0.6640903 0.6611079 0.6589834 0.6559957 0.6538662 0.6491524 0.6513214 0.6500454 0.6479066 0.6418924 0.6431924 0.643199 0.6432038 0.6414855 0.6397656 0.6380436 0.6363205 0.6298276 0.6255 0.6233229 0.6224357 0.617244 0.6180762 0.614604 0.6115617 0.6115309 0.6127909 0.6118987 0.6118668 -9999
0.7117479 0.7136606 0.7129869 0.7123088 0.713348 0.7122311 0.7072367 0.7065418 0.7114372 0.7081518 0.7048625 0.7045813 0.7034352 0.6997035 0.700271 0.6991133 0.698382 0.692334 0.6924368 0.6921055 0.6878973 0.6866976 0.6824821 0.6829967 0.6753309 0.6754076 0.6750509 0.6716781 0.6747571 0.6726686 0.6727284 0.6732154 0.6749902 0.6741797 0.672936 0.6699677 0.6682875 0.6647908 0.6635155 0.6618072 0.6605267 0.6579522 0.6545147 0.6515049 0.6493534 0.650642 0.6484858 0.6454666 0.6424455 0.6415735 0.6424215 0.6406853 0.6380867 0.6363469 0.6350361 0.632863 0.626793 0.623737 0.6206797 0.6167607 0.614562 0.6123624 0.6093013 0.6079608 0.609202 0.6074302 0.6086705 0.6073286 0.6085685
0.7132019 0.7107933 0.7113926 0.7119879 0.7130088 0.7084312 0.7068615 0.707009 0.7097343 0.7038485 0.7044138 0.7002411 0.6982162 0.6961869 0.6967359 0.6968504 0.69567 0.693056 0.6901278 0.6893472 0.687272 0.6856232 0.6822491 0.6810232 0.6767812 0.6789908 0.6738809 0.6709192 0.67527 0.6697194 0.667178 0.6680759 0.6702616 0.6698622 0.6681684 0.6643202 0.6634811 0.6616977 0.6604031 0.6582449 0.6552234 0.6539205 0.6496025 0.6478642 -9999 0.648253 0.6465075 0.6451903 0.6438707 0.6421188 0.6399347 0.6381788 0.635991 0.6338015 0.6311799 0.6298478 0.626793 0.6198347 0.6171883 0.6119585 0.6084496 0.6066609 0.6070232 0.6069545 0.603873 0.6050943 0.6058854 0.607537 -9999
0.7133742 0.7096567 0.7102383 0.710385 0.7131095 0.7067924 0.7043441 0.7044733 0.7063197 0.7021371 0.6996716 0.6980627 0.6981708 0.6974142 0.6957927 0.6928762 0.6933984 0.6912068 0.6908417 0.6878906 0.6862269 0.6854196 0.6785842 0.6764786 0.6769513 0.6752687 0.6705702 0.6684498 0.675794 0.6672116 0.6642206 0.6663901 0.6681263 0.6664163 0.6638426 0.6604052 0.6599771 0.6530219 0.6547201 0.6525425 0.6568172 0.6511912 0.6485754 0.6472477 -9999 0.6450157 0.6428202 0.6410529 0.6397138 0.6383727 0.6365991 0.6352543 0.6317557 0.6291165 0.627336 0.6255542 0.6246315 0.6133629 0.6132793 0.6088911 0.6075144 0.6044153 0.6034673 0.6042401 0.6015697 0.6040632 0.6031133 0.6043153 0.6029355
0.7144165 0.7111118 0.7095239 0.7096529 0.7110684 0.7073153 0.7052791 0.7040995 0.7054973 0.7012963 0.6996732 0.698476 0.6972747 0.6956391 0.6957206 0.6927854 0.6889857 0.6885073 0.6876933 0.6873056 0.6856228 0.6813544 0.6744997 0.6740966 0.6723988 0.673279 0.6715737 0.6690043 0.6698738 0.6681581 0.6638566 0.6634249 0.66299 0.6595395 0.6586677 0.6577931 0.656915 0.6529648 0.6477583 0.6464219 0.6493862 0.6501961 0.6475604 0.6453527 -9999 0.6422209 0.6404363 0.6390796 0.6372908 0.634639 0.631555 0.6301906 0.6262423 0.6201406 0.6183408 0.6182607 0.6181794 0.6081955 0.6042196 0.6058367 0.6061618 0.6043347 0.602937 0.6011086 0.598419 0.5991718 0.599494 0.6002466 0.5975567
0.7137477 0.7117162 0.7088196 0.7076398 0.7077463 0.7082787 0.7019212 0.7020141 0.7059762 0.7017569 0.6988244 0.6976092 0.6938076 0.6934442 0.6939376 0.6905537 0.6871658 0.6871099 0.6854164 0.6858709 0.6858906 0.6841854 0.6764513 0.6704348 0.670009 0.6721615 0.6695765 0.666988 0.6691295 0.6656731 0.6626436 0.6617624 0.6595869 0.657408 0.6569474 0.6573443 0.6555864 0.6533505 0.6476941 0.6484903 0.6445497 0.6483523 0.6452671 0.6434703 -9999 0.6398692 0.638065 0.6366891 0.6344502 0.6304882 0.6265239 0.6238489 0.6220329 0.6193544 0.6179654 0.6152839 0.6126012 0.6051937 0.601198 0.6032262 0.6031018 0.6029766 0.6045722 0.5954089 0.5935607 0.5960158 0.5984706 0.5970526 0.5947738
0.7143798 0.7097487 0.7115681 0.7082188 0.7078771 0.7079612 0.7024464 0.7020913 0.704744 0.7013674 0.698847 0.6980438 0.6955149 0.6938424 0.6921654 0.6896238 0.6879385 0.6874452 0.6865939 0.6848778 0.6848791 0.6814335 0.6754022 0.6728095 0.6689221 0.6680432 0.6680214 0.6679957 0.6640936 0.6644911 0.6627334 0.6618333 0.658778 0.6578707 0.6539481 0.6581987 0.6555609 0.6520273 0.6515159 0.6479891 0.6448898 0.6452305 0.6421258 0.6411704 0.6393517 0.6375304 0.6357068 0.6334508 0.6320532 0.6254895 0.6232271 0.6244061 0.6186973 0.6147085 0.6132998 0.6123206 0.6096183 0.6039265 0.6012027 0.60106 0.6009164 0.6020629 0.5989056 0.5923051 0.5925894 0.5937346 0.5978916 0.5960241 0.5924355
