02_Processed_Data/Guangdong-driving/Tem/jizhongtxt/gd-tem-15-txt.txt
ncols         755
nrows         605
xllcorner     491130
yllcorner     2101946
cellsize      1000
NODATA_value  -9999
[rows 279 to 309 of 605, columns 483 to 551 of 755]
0.615784 0.6652174 0.670331 0.6707157 0.6728265 0.6633226 0.6280024 0.6327078 0.6498966 0.6597729 0.6653485 0.6631805 0.663597 0.6627241 0.6614226 0.6595143 0.6581939 0.6525705 0.66373 0.6589662 0.6559225 0.6507253 0.6567147 0.6515129 0.6450165 0.6484139 0.5713334 0.5730003 0.6275933 0.6365642 0.6476798 0.6729894 0.6737615 0.673664 0.6640899 0.6522196 0.6619726 0.6592345 0.5579368 0.5478588 0.6367456 0.6348171 0.5820938 0.5478598 0.606994 0.6321145 0.6619518 0.658635 0.6380861 0.6562487 0.6545959 0.6464674 0.6413307 0.6137943 0.6348644 0.656332 0.6562566 0.6578788 0.6530219 0.6442671 0.6350569 0.6550835 0.6397966 0.6472906 0.63281 0.6281998 0.6390537 0.6154519 0.53975
0.6589442 0.6700572 0.669126 0.6703512 0.6453305 0.6220355 0.6082121 0.633123 0.6571771 0.6605779 0.6579567 0.6579204 0.6578863 0.6535505 0.6569622 0.6382399 0.6282929 0.6402935 0.657458 0.6505228 0.6500415 0.6474069 0.6383153 0.6240567 0.6338941 0.6523345 0.623003 0.5579483 0.5656158 0.5672525 0.6226749 0.6458145 0.6698068 0.6696919 0.6661247 0.6632684 0.6618156 0.6625035 0.6459661 0.6345804 0.6494327 0.6298439 0.5749531 0.5174654 0.5610916 0.5991075 0.6590534 0.6595949 0.6502203 0.6533067 0.6572343 0.6478012 0.6465237 0.6495284 0.6421828 0.6339447 0.6527921 0.6535417 0.6508247 0.6437799 0.6186358 0.6326273 0.5962429 0.639445 0.64432 0.6349664 0.6307491 0.5696988 0.5675763
0.658197 0.6667082 0.6670477 0.6566338 0.6397695 0.6422746 0.6348863 0.6300836 0.6532568 0.6519039 0.6535659 0.639308 0.6383932 0.6486689 0.6524909 0.6393328 0.6465796 0.6516751 0.6554797 0.6442214 0.6445814 0.6315995 0.6168941 0.6168181 0.6029676 0.595569 0.6389464 0.6560683 0.649516 0.6438186 0.6488733 0.6203542 0.6658459 0.6657133 0.6539524 0.6614017 0.6612233 0.661034 0.6573904 0.6545957 0.6487754 0.6463847 0.5966423 0.5417209 0.5315397 0.6031071 0.6479766 0.6532373 0.6563283 0.6559581 0.655138 0.6422487 0.6469828 0.6534173 0.6542354 0.635227 0.6338363 0.6380172 0.6430348 0.6333967 0.6482635 0.6110337 0.6348867 0.6359055 0.6368976 0.6197886 0.5918933 0.6057134 0.6238086
0.6591591 0.6642076 0.6585025 0.6553845 0.6617385 0.6508832 0.6043137 0.6408038 0.6484645 0.6470913 0.6362535 0.6361772 0.636103 0.6175259 0.631226 0.5694097 0.6011663 0.627329 0.6250892 0.6422144 0.6184561 0.5929755 0.5322046 0.521351 0.5543892 0.5573002 0.5834455 0.6285212 0.6602513 0.6605607 0.6591424 0.6551351 0.6592968 -9999 0.6615701 -9999 0.6576142 0.6569783 0.6567615 0.6530902 0.6511276 0.6065478 0.6135951 0.6214885 0.5613729 0.6376594 0.6282912 0.6477394 0.6533985 0.6534447 0.6534447 0.6474471 0.6203434 0.642278 0.6508512 0.6417639 0.6412446 0.5993901 0.5975346 0.5728476 0.5773998 0.6438967 0.6380715 0.642549 0.625914 0.627327 0.6321559 0.6287813 0.6335555
0.6566672 0.6474946 0.6361753 0.6472384 0.6522815 0.6418366 0.6275226 0.6480702 0.6458133 0.6375346 0.5944015 0.5944015 0.5977478 0.6165888 0.6134843 0.5847934 0.5696226 0.5729576 0.5922155 0.5964116 0.6062018 0.5660718 0.57586 0.6037208 0.5674583 0.5879983 0.553021 0.5670986 0.5919306 0.6004043 0.6514761 0.657356 0.6580653 0.6579064 -9999 -9999 -9999 -9999 0.6533498 0.6526868 0.6477087 0.640997 0.6273866 0.6451774 0.6336907 0.6122912 0.6270244 0.6408809 0.6469744 0.6496074 0.6470581 0.6354529 0.5876796 0.6009948 0.6259085 0.5961542 0.6339235 0.6019552 0.5678129 0.5319259 0.6048917 0.6231799 0.6319759 -9999 0.6318486 -9999 -9999 -9999 -9999
0.6534638 0.6515819 0.6393774 0.6581621 0.6575863 0.6552938 0.6525751 0.6459875 0.6338091 0.6349751 0.6172093 0.5968645 0.589002 0.6190122 0.5978137 0.5234783 0.4906442 0.475025 0.4852266 0.5384625 0.582661 0.6161004 0.6069351 0.5951859 0.6385182 0.6310678 0.5659487 0.6243334 0.6280608 0.6106967 0.5997823 0.6387812 0.6347396 0.6517772 -9999 -9999 -9999 -9999 -9999 0.6490397 0.6483499 0.6411924 0.6439204 0.6388882 0.6093128 0.610707 0.5970239 0.6220555 0.6388934 0.6372096 0.6441146 0.6436855 0.6208591 0.5463722 0.5686916 0.5466737 0.6102515 0.5941948 0.5247535 0.5301687 0.5940866 0.6244141 0.6293271 -9999 -9999 -9999 -9999 -9999 -9999
0.6466665 0.6439045 0.6420082 0.6551791 0.6227382 0.6458161 0.6521148 0.6420647 0.6221205 0.5565639 0.5779395 0.5472467 0.5479716 0.6072252 0.5489979 0.5234783 0.4336051 0.4063475 0.4169605 0.5269827 0.578048 0.6136204 0.6362817 0.6137558 0.6235035 0.6448678 0.6335235 0.597646 0.6469718 0.6463738 0.6255443 0.64387 0.6152823 0.5427926 0.6170413 -9999 -9999 -9999 -9999 -9999 0.6446856 0.6426777 0.6225826 0.6115113 0.5806308 0.5527479 0.5614286 0.6234558 0.6329648 0.6347106 0.6398813 0.6402997 0.6398389 0.5868567 0.5601053 0.5466849 0.5637748 0.5946139 0.5548554 0.5671454 0.6164212 0.628234 0.6292643 -9999 -9999 -9999 -9999 -9999 -9999
0.6437322 0.6461148 0.6485024 0.6526164 0.6498495 0.6492389 0.6473416 0.6445876 0.6289273 0.5878804 0.5279018 0.5199978 0.5353348 0.5420672 0.5466505 0.449675 0.5400876 0.4753714 0.4825231 0.524963 0.5476072 0.5754152 0.6415227 0.6417868 0.6386064 0.6440305 0.6472998 0.6221636 0.6469429 -9999 0.6435557 0.6381959 0.6233625 0.596903 0.612179 -9999 -9999 -9999 -9999 -9999 0.6405898 0.6239356 0.6305075 0.6301808 0.5971344 0.5593398 0.5865119 0.617541 0.6188602 0.6059618 0.6360794 0.635625 0.635582 0.6350894 0.5661527 0.5518631 0.5835738 0.5838479 0.5625833 0.5998224 0.6116488 0.6251731 -9999 -9999 -9999 -9999 -9999 -9999 -9999
0.645092 0.6453035 0.6468111 0.6478929 0.6468279 0.6449067 0.6425592 0.6415071 0.6370159 0.6320986 0.5535958 0.4497062 0.3867019 0.4153627 0.4478986 0.5372415 0.5802906 0.5177073 0.5119301 0.5853361 0.5735347 0.5832505 0.6411635 0.6396883 0.6330473 0.6104818 0.6434274 -9999 -9999 -9999 0.6120738 0.6131528 0.6107831 0.6187345 -9999 -9999 -9999 -9999 -9999 -9999 0.6308987 0.6185338 0.6302558 0.6243206 0.6179419 0.6098273 0.6339735 0.633575 0.5896958 0.6146543 0.6296977 0.6318129 -9999 0.6308235 0.5975934 0.5863087 0.6020855 0.5760984 0.5931235 0.6152906 0.6163485 0.5975874 0.5843975 -9999 -9999 -9999 -9999 -9999 -9999
0.6447216 0.6440528 0.6433891 0.643591 0.6369122 0.6401358 0.6412116 0.6397095 0.631326 0.5502185 0.5689536 0.5205586 0.4846466 0.4560528 0.4390806 0.5507823 0.5679854 0.5036623 0.562848 0.5557621 0.6119366 0.6224946 0.6343433 0.6401663 0.6369508 0.6130769 -9999 -9999 -9999 -9999 -9999 0.6276977 -9999 -9999 -9999 -9999 -9999 -9999 0.6093529 0.6099063 0.6130311 0.6286244 0.6312953 0.6309412 -9999 -9999 -9999 0.6298147 0.6181986 0.6078569 0.6026621 0.6051958 0.6275067 0.6269908 0.6251644 0.6173153 0.6085522 0.5834153 0.610328 0.6088165 0.6094341 0.6164842 -9999 -9999 -9999 -9999 -9999 -9999 -9999
0.6426212 0.6410728 0.6395291 0.6345475 0.6360256 0.6379386 0.6351221 0.6318795 0.5623683 0.5186811 0.60453 0.5716082 0.5709648 0.4988876 0.491364 0.5281677 0.5268413 0.5670726 0.5948251 0.6023526 0.6253729 0.6268764 0.6344039 0.6363364 0.6365463 -9999 -9999 -9999 -9999 -9999 -9999 -9999 -9999 -9999 -9999 -9999 0.5882536 0.5789145 0.5803246 0.6243284 0.6274394 0.6275268 0.627172 0.6268044 -9999 -9999 -9999 -9999 0.6251869 0.6191366 0.6186635 -9999 0.6232589 0.6227316 0.6221851 0.6147601 0.5995315 0.6088114 0.5935407 0.5679205 0.5891849 -9999 -9999 -9999 -9999 -9999 -9999 -9999 -9999
0.6362099 0.6342116 0.631788 0.6341031 0.6342711 0.6258364 0.5885735 0.6012342 0.5996973 0.5904185 0.5996476 0.6071586 0.6013321 0.5529048 0.5341736 0.5804259 0.598011 0.6167068 0.6220634 0.6119292 0.6258942 0.6295319 -9999 -9999 -9999 -9999 -9999 -9999 -9999 -9999 -9999 -9999 -9999 -9999 -9999 -9999 0.5661395 0.5447365 0.5990646 0.6206769 0.6237742 0.6208358 0.6204677 0.6222389 0.6222758 -9999 -9999 -9999 -9999 -9999 -9999 -9999 -9999 -9999 -9999 0.6126404 0.6034262 0.5920397 0.5556726 0.5330551 0.5745361 -9999 -9999 -9999 -9999 -9999 -9999 -9999 -9999
0.6353855 0.6325077 0.6317865 0.6306394 0.6260544 0.6201827 0.6168973 0.61835 0.6142123 0.6135208 0.616276 0.6108577 0.6093159 0.5604395 0.5416896 0.5969607 0.6244198 0.628036 0.6273499 0.6296775 0.6294242 0.6296014 -9999 -9999 -9999 -9999 -9999 -9999 -9999 -9999 -9999 -9999 -9999 -9999 0.6041867 0.5810785 0.506586 0.5363799 0.5932762 0.6127233 0.6136556 0.6154378 0.615487 0.6163849 0.615118 0.6181412 -9999 -9999 -9999 -9999 -9999 -9999 -9999 -9999 0.6136581 0.5756688 0.5522431 0.5305189 0.5595539 0.5610258 -9999 -9999 -9999 -9999 -9999 -9999 -9999 -9999 -9999
0.6298209 0.6260633 0.6210195 0.6207142 0.6221347 0.6222686 0.6215463 0.5962989 0.597306 0.6064937 0.6217095 0.6115388 0.6099783 0.5636654 0.5999804 0.6212362 -9999 0.6264503 -9999 -9999 -9999 -9999 -9999 -9999 -9999 -9999 -9999 -9999 -9999 -9999 -9999 -9999 0.6227309 0.6185568 0.594581 0.5331584 0.5287983 0.5194173 0.4850682 0.5617374 0.6005266 0.6087511 0.6096482 0.6131155 0.6118366 0.6139868 -9999 -9999 -9999 -9999 -9999 -9999 -9999 -9999 0.6094028 0.5770036 0.5991843 0.5477566 0.5746305 0.5704988 0.5728006 0.5617399 -9999 -9999 -9999 -9999 -9999 -9999 -9999
0.6251109 0.6209038 0.6154109 0.6137955 0.6182094 0.6157422 0.6210259 0.618137 0.6040635 0.6162444 0.6215436 0.6169488 0.6162302 0.6168059 0.6156629 0.6244207 -9999 -9999 -9999 -9999 -9999 -9999 -9999 -9999 -9999 -9999 -9999 -9999 -9999 -9999 -9999 -9999 0.6092812 0.5857275 0.5862667 0.5855083 0.5505817 0.4882554 0.4500201 0.5443203 0.5972979 0.6016368 0.6046734 0.605116 0.6072676 0.6068239 -9999 -9999 -9999 0.6079184 0.6074 -9999 -9999 -9999 -9999 0.5421965 0.5953518 0.5572554 0.5948784 0.5967624 0.5956126 -9999 -9999 -9999 -9999 -9999 -9999 -9999 -9999
0.6216862 0.6183212 0.6115181 0.6133267 0.6177215 0.6152357 0.6174877 0.6167318 0.6125372 0.6152319 0.6218036 0.6219237 0.6198957 -9999 -9999 -9999 -9999 -9999 -9999 -9999 -9999 -9999 -9999 -9999 -9999 -9999 -9999 -9999 -9999 -9999 -9999 -9999 0.5902373 0.5623662 0.5297554 0.5707263 0.55085 0.5440248 0.4666156 0.5355132 0.57815 0.5850587 0.5971201 0.6009936 0.5996906 0.600096 0.5991969 0.6017262 0.5960642 0.5482138 0.5735051 0.6026526 0.6020897 -9999 0.5974674 -9999 0.5953999 0.5779503 -9999 -9999 -9999 -9999 -9999 -9999 -9999 -9999 -9999 -9999 -9999
0.6165353 0.608848 0.6015958 0.6111315 0.6112044 0.6121423 0.6066296 0.6114493 0.6175641 0.612494 -9999 -9999 -9999 0.617211 -9999 -9999 -9999 -9999 -9999 -9999 -9999 -9999 -9999 -9999 -9999 -9999 -9999 -9999 -9999 -9999 -9999 -9999 0.5668912 0.5118948 0.5502766 0.550782 0.5765111 0.5231965 0.4526601 0.4470963 0.5323247 0.5043637 0.5331966 0.5749283 0.5869542 0.5976763 0.5623388 0.586374 0.5940418 0.5913663 0.5533867 0.5536913 0.532892 0.5856634 -9999 -9999 -9999 -9999 -9999 -9999 -9999 -9999 -9999 -9999 -9999 -9999 -9999 -9999 -9999
0.6105194 0.6071169 0.6058706 0.6041989 0.6042528 0.5995777 0.6013619 0.6009988 0.6032221 0.6106132 0.6145661 0.6112063 -9999 -9999 -9999 -9999 -9999 -9999 -9999 -9999 -9999 -9999 -9999 -9999 -9999 -9999 -9999 -9999 -9999 -9999 -9999 -9999 0.5723793 0.5440503 0.5243229 0.5936697 0.5539775 0.5247493 0.468402 0.4202223 0.4426091 0.4159272 0.4774544 0.5505893 0.5260251 0.5737452 0.5465731 0.4983004 0.5283352 0.5755685 0.500139 0.4092012 0.5080264 0.5388408 0.5623214 -9999 -9999 -9999 -9999 -9999 -9999 -9999 -9999 -9999 -9999 -9999 -9999 -9999 -9999
0.6049297 0.5954839 0.5847516 0.56886 0.5310257 0.5775423 0.5539179 0.5720409 0.5880162 0.6009836 0.6044875 0.6006794 -9999 -9999 -9999 -9999 -9999 -9999 -9999 -9999 -9999 -9999 -9999 -9999 -9999 -9999 -9999 -9999 -9999 -9999 -9999 -9999 -9999 -9999 0.5853008 0.5573776 0.4879834 0.4923097 0.4122814 0.4974954 0.5181493 0.4531553 0.471637 0.5550888 0.5300832 0.5287337 0.5531917 0.537614 0.5056694 0.5003909 0.4326974 0.4157679 0.4831687 0.5716388 0.5860726 -9999 -9999 -9999 -9999 -9999 -9999 -9999 -9999 -9999 -9999 -9999 -9999 -9999 -9999
0.5481266 0.5924547 0.5657814 0.57354 0.5688231 0.5912222 0.5641365 0.491009 0.5405326 -9999 -9999 -9999 0.6099966 -9999 -9999 -9999 -9999 -9999 -9999 -9999 -9999 -9999 -9999 -9999 -9999 -9999 -9999 -9999 -9999 -9999 -9999 -9999 -9999 -9999 0.5782881 0.5408851 0.460294 0.4383576 0.4383609 0.4951608 0.5381809 0.517931 0.5226308 0.5548611 0.5393119 0.4927662 0.531845 0.4745139 0.4997942 0.5250596 0.5296534 0.5157264 0.5198575 0.5721694 -9999 -9999 -9999 -9999 -9999 -9999 -9999 -9999 -9999 -9999 -9999 -9999 -9999 -9999 -9999
0.5984753 0.5928658 0.5881214 0.5876851 0.5894048 0.5278693 0.5657467 0.5692011 0.5997714 -9999 0.5684016 -9999 -9999 -9999 -9999 -9999 -9999 -9999 -9999 -9999 -9999 -9999 -9999 -9999 -9999 -9999 -9999 -9999 -9999 -9999 -9999 -9999 -9999 0.5871724 0.5170568 0.5256877 0.4864022 0.4932868 0.5178082 0.5302719 0.5500421 0.5663603 0.5495319 0.5288196 0.5352075 0.5463164 0.4605862 0.5357899 0.5382519 0.5277894 0.5470047 0.5399536 0.5040534 -9999 -9999 -9999 -9999 -9999 -9999 -9999 -9999 -9999 -9999 -9999 -9999 -9999 -9999 -9999 -9999
0.5851319 0.5760614 0.5605402 0.5196336 0.5024 0.4679576 0.5066774 0.5393766 0.5935974 0.5759557 0.5626218 -9999 -9999 -9999 -9999 -9999 -9999 -9999 -9999 -9999 -9999 -9999 -9999 -9999 -9999 -9999 -9999 -9999 -9999 -9999 -9999 -9999 0.5909166 0.530261 0.4627152 0.5040401 0.514668 0.5581203 0.5598223 0.5640982 0.5541641 0.567459 0.5674033 0.541086 0.5711319 0.5254258 0.4865925 0.5247768 0.5457336 0.5206296 0.5372533 0.5452547 -9999 -9999 -9999 -9999 -9999 -9999 -9999 -9999 -9999 -9999 -9999 -9999 -9999 -9999 -9999 -9999 -9999
0.4474186 0.4331658 0.5415646 0.4649215 0.4201281 0.4618375 0.4592263 0.5233222 -9999 -9999 -9999 -9999 -9999 -9999 -9999 -9999 -9999 -9999 -9999 -9999 -9999 -9999 -9999 -9999 -9999 -9999 -9999 -9999 -9999 -9999 -9999 -9999 0.5796385 0.5645868 0.5039144 0.5069273 0.540358 0.5695978 0.5708585 0.5630739 0.5587235 0.5233793 0.5357931 0.5318432 0.5640305 0.5596271 0.5285299 0.5292649 0.5540848 0.5651199 0.5666722 0.5677788 -9999 -9999 -9999 -9999 -9999 -9999 -9999 -9999 -9999 -9999 -9999 -9999 -9999 -9999 -9999 -9999 -9999
0.3678005 0.4658486 0.5169941 0.4992896 0.4097225 0.3485624 0.3855245 0.4551969 -9999 -9999 -9999 -9999 -9999 -9999 -9999 -9999 -9999 -9999 -9999 -9999 -9999 -9999 -9999 -9999 -9999 -9999 -9999 -9999 -9999 -9999 -9999 -9999 0.564062 0.5692246 0.5502836 0.5403748 0.5428168 0.5453645 0.5689921 0.5676521 0.5512415 0.5313795 0.5480862 0.5264822 0.5457493 0.5457493 0.5585497 0.5248605 0.4997654 0.5138172 0.5213999 0.5612435 -9999 -9999 -9999 -9999 -9999 -9999 -9999 -9999 -9999 -9999 -9999 -9999 -9999 -9999 -9999 -9999 -9999
0.4159933 0.456358 0.5470768 0.5052554 0.3601564 0.4366872 0.4366872 0.5407644 0.5729791 -9999 -9999 -9999 -9999 -9999 -9999 -9999 -9999 -9999 -9999 -9999 -9999 -9999 -9999 -9999 -9999 -9999 -9999 -9999 -9999 -9999 -9999 -9999 -9999 -9999 0.5738685 0.5682567 0.5448912 0.5560414 0.5598696 0.5679944 0.5649229 0.5601212 0.5432612 0.5616792 0.5486721 0.5558799 0.5643668 0.5237828 0.5576347 0.5428445 0.5585944 -9999 -9999 -9999 -9999 -9999 -9999 -9999 -9999 -9999 -9999 -9999 -9999 -9999 -9999 -9999 -9999 -9999 -9999
0.4677386 0.550685 0.5432643 0.5664019 0.4849711 0.4095694 0.4671474 0.5724978 -9999 -9999 -9999 -9999 -9999 -9999 -9999 -9999 0.5239235 -9999 -9999 -9999 -9999 -9999 -9999 -9999 -9999 -9999 -9999 -9999 -9999 -9999 -9999 -9999 -9999 -9999 0.5746462 0.5367478 0.554692 0.5563644 0.5623339 0.5627024 0.5574688 0.5281277 0.5508488 0.5636629 0.5626954 0.5582743 0.5615876 0.5420808 0.5569882 -9999 0.5583597 -9999 -9999 -9999 -9999 -9999 -9999 -9999 -9999 -9999 -9999 -9999 -9999 -9999 -9999 -9999 -9999 -9999 -9999
0.5693128 0.5721985 0.5634689 0.5556045 0.4423108 0.4654394 0.4795352 0.5680845 -9999 -9999 0.5402673 0.5509433 0.5469928 0.5396043 0.5231835 0.5201083 0.5236604 -9999 -9999 -9999 -9999 -9999 -9999 -9999 -9999 -9999 -9999 -9999 -9999 -9999 -9999 -9999 -9999 -9999 0.5573574 0.5388134 0.5597681 0.5480896 0.5471635 0.560432 0.5483031 0.5477849 0.5507008 0.5583407 0.5517693 0.5266823 0.5351503 0.5543648 -9999 0.5557454 -9999 -9999 -9999 -9999 -9999 -9999 -9999 -9999 -9999 -9999 -9999 -9999 -9999 -9999 -9999 -9999 -9999 -9999 -9999
0.579226 0.5760693 0.5681832 0.5318989 0.5102502 0.5217421 0.5173156 0.5537758 0.5575348 0.5677535 0.5543084 0.4922393 0.4547047 0.4253516 0.426988 0.468221 -9999 -9999 -9999 -9999 -9999 -9999 -9999 -9999 -9999 -9999 -9999 -9999 -9999 -9999 -9999 -9999 -9999 -9999 0.5667577 0.5525066 0.5575379 0.553165 0.5466346 0.5560201 0.5352744 0.532595 0.5531453 0.5530295 0.5524734 0.550185 0.5461639 -9999 0.5552984 0.5503788 -9999 -9999 -9999 -9999 -9999 -9999 -9999 -9999 -9999 -9999 -9999 -9999 -9999 -9999 -9999 -9999 -9999 -9999 -9999
0.5783827 0.5777913 0.5500922 0.5365986 0.5398922 0.4868154 0.4346038 0.4912725 0.5333142 0.5310355 0.5184334 0.3857712 0.31121 0.3567189 0.4667842 0.521771 -9999 -9999 -9999 -9999 -9999 -9999 -9999 -9999 -9999 -9999 -9999 -9999 -9999 -9999 -9999 -9999 -9999 -9999 0.5572321 0.5576023 -9999 -9999 0.5568747 0.5563527 0.5239784 0.5449582 -9999 -9999 -9999 -9999 -9999 -9999 -9999 -9999 -9999 -9999 -9999 -9999 -9999 -9999 -9999 -9999 -9999 -9999 -9999 -9999 -9999 -9999 -9999 -9999 -9999 -9999 -9999
0.5741 0.5597205 0.5238279 0.4616886 0.4959495 0.4381217 0.4908958 0.490742 0.4742401 0.4512877 0.4365165 0.4548865 0.3807383 0.4266605 0.5362784 0.5559608 -9999 -9999 -9999 -9999 -9999 -9999 -9999 -9999 -9999 -9999 -9999 -9999 -9999 -9999 -9999 -9999 -9999 -9999 -9999 0.5523798 -9999 -9999 -9999 -9999 -9999 -9999 -9999 -9999 -9999 -9999 -9999 -9999 -9999 -9999 -9999 -9999 -9999 -9999 -9999 -9999 -9999 -9999 -9999 -9999 -9999 -9999 -9999 -9999 -9999 -9999 -9999 -9999 -9999
0.5409876 0.5623097 0.4924035 0.4057178 0.4068254 0.5335966 0.5342821 0.5448698 0.5451337 0.5260372 0.5164127 0.4689234 0.5552753 0.5293133 -9999 -9999 -9999 -9999 -9999 -9999 -9999 -9999 -9999 -9999 -9999 -9999 -9999 -9999 -9999 -9999 -9999 -9999 -9999 -9999 0.5549941 -9999 -9999 -9999 -9999 -9999 -9999 -9999 -9999 -9999 -9999 -9999 -9999 -9999 -9999 -9999 0.5255211 -9999 -9999 -9999 -9999 -9999 -9999 -9999 -9999 -9999 -9999 -9999 -9999 -9999 -9999 -9999 -9999 -9999 -9999
