02_Processed_Data/Guangdong-driving/Tem/jizhongtxt/gd-tem-15-txt.txt
ncols         755
nrows         605
xllcorner     491130
yllcorner     2101946
cellsize      1000
NODATA_value  -9999
[rows 341 to 371 of 605, columns 138 to 206 of 755]
0.7350275 0.7594787 0.7718744 0.746393 0.7662401 0.7652607 0.7604006 0.7559628 0.743771 0.7057499 0.6913887 0.6989656 0.5778611 0.4597588 0.4419155 0.6125504 0.7508986 0.803167 0.78829 0.7239113 0.6823276 0.6652596 0.6972362 0.7433994 0.6701753 0.6388313 0.6948296 0.7318757 0.7710559 0.8166725 0.8183751 0.7955282 0.7946079 0.7979695 0.7574137 0.8128006 0.880643 0.8852002 0.8875793 0.8938041 0.8948368 0.8967007 0.8972429 0.8960324 0.890403 0.8899727 0.8890775 0.8877167 0.8867499 0.8754175 0.8339235 0.8565114 0.8678716 0.858966 0.8147327 0.7807879 0.7622957 0.7424731 0.8116919 0.8201944 0.7722844 0.7919011 0.793838 0.7634642 0.7762854 0.7548845 0.735604 0.772237 0.8084109
0.7137133 0.7824765 0.7578491 0.7736675 0.7659267 0.7348097 0.7475798 0.7633544 0.7481362 0.6890143 0.7026116 0.7377161 0.6402662 0.5393636 0.4720168 0.5329008 0.6901697 0.6757208 0.8041329 0.8266685 0.7988409 0.7559381 0.7397019 0.7415252 0.7599109 0.7548022 0.7729152 0.7953147 0.8086588 0.8008976 0.8064579 0.7986574 0.8248329 0.7773985 0.7660902 0.8726718 0.8905792 0.8903868 0.8927504 0.8929352 0.8926613 0.8923583 0.8937464 0.8920909 0.8876999 0.8859649 0.8854872 0.8750768 0.8396708 0.8016465 0.7846716 0.7822907 0.8371068 0.867355 0.7938525 0.8089613 0.6910564 0.7422367 0.7942395 0.8109172 0.8124958 0.7933823 0.7729424 0.7688209 0.7454581 0.7425641 0.743082 0.7861735 0.8068583
0.7698289 0.7895196 0.7394889 0.7565842 0.7113579 0.7185273 0.6817942 0.7108952 0.7219136 0.6541711 0.6711963 0.7424353 0.6454015 0.6180725 0.6320459 0.6021135 0.5721695 0.5697557 0.7244038 0.7804914 0.8223642 0.8375421 0.8419471 0.8149229 0.8306738 0.858686 0.8638735 0.8634492 0.8621462 0.8233851 0.8745455 0.8796394 0.8817 0.8828783 0.8836039 0.884306 0.8858445 0.8864973 0.8884149 0.8898753 0.8891559 0.8888378 0.8893504 0.8902625 0.8849596 0.8771865 0.8495843 0.8555145 0.7830881 0.7682912 0.801226 0.7988359 0.8248112 0.8696836 0.841791 0.8125697 0.7303786 0.7578869 0.7866492 0.7757835 0.7717669 0.7199476 0.7119882 0.7577875 0.7244923 0.7254736 0.7655853 0.7893143 0.7157578
0.7833095 0.7892154 0.7624091 0.7291409 0.6959181 0.6738099 0.6938676 0.6717437 0.6491812 0.6012199 0.6483546 0.7432477 0.6857905 0.6890011 0.7253374 0.7070094 0.6383202 0.5261544 0.5835307 0.6038847 0.6840429 0.764187 0.8098899 0.8099615 0.7589577 0.6974433 0.8054663 0.8020141 0.801556 0.8346457 0.789394 0.825887 0.8632197 0.8471687 0.841423 0.858032 0.8763381 0.8782662 0.88232 0.8816133 0.8821698 0.8826974 0.8844865 0.8840932 0.8180624 0.8528798 0.8450608 0.8303229 0.7979063 0.8067678 0.8384017 0.8502041 0.8624003 0.8719779 0.8199798 0.7847282 0.710279 0.7438086 0.7381411 0.6790755 0.6965752 0.6636906 0.6479855 0.7243403 0.6987575 0.7139418 0.7777245 0.7541189 0.7386616
0.8264526 0.8207254 0.7861588 0.7438391 0.6580691 0.6092653 0.6555589 0.6842008 0.6779765 0.6678703 0.685297 0.7642528 0.7631552 0.7465551 0.716604 0.6535055 0.5852315 0.5031745 0.4727461 0.4664037 0.5611781 0.5513658 0.6293286 0.6681152 0.6446018 0.7663968 0.8313699 0.7078367 0.6522791 0.7116038 0.7476707 0.83794 0.8520184 0.8251927 0.7596141 0.7641575 0.8465686 0.8678464 0.8688724 0.8793392 0.8798807 0.878672 0.8709792 0.856801 0.8143901 0.8255259 0.8293136 0.7827188 0.7408236 0.7845321 0.8372433 0.8438726 0.8590733 0.8398108 0.8286889 0.7990266 0.7757835 0.7167863 0.6766888 0.6886275 0.6738507 0.6487116 0.6110595 0.6732138 0.6269417 0.739385 0.7579842 0.6465917 0.6440473
0.8424538 0.8078794 0.7603881 0.7417226 0.6825881 0.6574383 0.6671383 0.7207248 0.7372938 0.6759621 0.7118783 0.7482153 0.7049293 0.6663668 0.6764222 0.6154601 0.6190374 0.7220115 0.6756451 0.5750426 0.4937923 0.6259765 0.6114006 0.6299455 0.7191304 0.8086337 0.8176467 0.7302459 0.680697 0.7120335 0.7980038 0.8559816 0.8364772 0.7993076 0.7182208 0.7632003 0.8184844 0.8517962 0.8476427 0.8641191 0.8521655 0.837602 0.8208578 0.8501299 0.7874454 0.7693052 0.7321983 0.6670871 0.6867199 0.77044 0.8468102 0.8478363 0.8492582 0.8261156 0.7887368 0.8300753 0.8223199 0.7560033 0.7533428 0.7299914 0.6846591 0.623371 0.5465578 0.6078522 0.7151795 0.6722714 0.6452563 0.6887889 0.7232565
0.8425022 0.8203932 0.7926829 0.7606621 0.6825881 0.73054 0.6631942 0.7580783 0.6924369 0.6224831 0.726378 0.7846469 0.6750732 0.6717832 0.6581544 0.7275701 0.7255373 0.7204805 0.5983585 0.501183 0.5227682 0.6020048 0.5633135 0.6291802 0.7484388 0.8271673 0.7905481 0.724218 0.7323183 0.8062425 0.8543266 0.8150315 0.8028269 0.742403 0.6337582 0.7088459 0.7808976 0.8365715 0.7880775 0.8028177 0.8214036 0.818875 0.8541878 0.8726878 0.8095264 0.741024 0.6940071 0.6654633 0.7259676 0.773529 0.8343975 0.8302513 0.8549035 0.8296022 0.7965207 0.7840611 0.8244993 0.7560273 0.7331375 0.6981648 0.6532615 0.60144 0.5982151 0.6836089 0.6187688 0.6739795 0.7106567 0.7270799 0.7748908
0.8339139 0.822118 0.7896591 0.8045307 0.7501104 0.8268496 0.7909031 0.8061591 0.7994588 0.7690812 0.7692485 0.7840375 0.6895103 0.6883562 0.7022534 0.7466935 0.715382 0.6685663 0.6131311 0.4832339 0.4449857 0.5181819 0.5788833 0.7041208 0.6912147 0.7888622 0.7083319 0.7056758 0.8179027 0.8487764 0.825838 0.7378983 0.7291207 0.6729839 0.6800849 0.7026556 0.7643633 0.8006566 0.7405281 0.7870984 0.7863042 0.779458 0.8104534 0.8599243 0.8345878 0.75015 0.6919325 0.6801608 0.6967598 0.7907879 0.8434706 0.8496439 0.8342668 0.8059464 0.769846 0.8055792 0.8232049 0.7766765 0.7684151 0.764855 0.7457703 0.7081493 0.6408032 0.6711137 0.688438 0.7436496 0.7592419 0.7739459 0.7937869
0.8283085 0.7911075 0.8081226 0.8010318 0.8201845 0.7961785 0.8002381 0.7513578 0.7282891 0.7568524 0.7673321 0.7416535 0.7581383 0.7479315 0.7592306 0.7162957 0.6681849 0.6170498 0.6115181 0.5771404 0.5466221 0.5673004 0.6451995 0.6791888 0.7634904 0.7122237 0.6803056 0.759828 0.8311563 0.8099427 0.7598766 0.7244222 0.6949719 0.6741074 0.6433226 0.7041779 0.7568327 0.6962841 0.7643821 0.7334763 0.742135 0.7765874 0.7826091 0.857887 0.8144318 0.7454742 0.7350128 0.73614 0.7251866 0.785208 0.7858104 0.844907 0.843293 0.8175477 0.7620761 0.7470238 0.7616321 0.7981554 0.7834362 0.7798735 0.7526107 0.7145578 0.65797 0.6379306 0.6999803 0.7487381 0.7871397 0.7971116 0.805766
0.8304201 0.8117086 0.8170891 0.8310697 0.7989961 0.8123847 0.7897475 0.7382695 0.7070085 0.7213547 0.6767347 0.6932137 0.7716514 0.7597074 0.7554982 0.7392285 0.6601169 0.6162813 0.6197705 0.5991476 0.5785111 0.5285973 0.6434892 0.7110285 0.7466531 0.6927879 0.756389 0.786406 0.8103805 0.7783918 0.8148082 0.790957 0.7391128 0.6932722 0.6349301 0.6992123 0.627914 0.5578824 0.7215011 0.7185524 0.7577513 0.8055298 0.8321943 0.8205304 0.8372795 0.8014461 0.7612794 0.745182 0.7170047 0.749905 0.7819131 0.8302429 0.8299124 0.8187915 0.7293168 0.7052218 0.7564045 0.8002396 0.7794923 0.7509673 0.7125137 0.6576766 0.6273387 0.5793273 0.7200995 0.7499231 0.7499231 0.7569112 0.7815164
0.8234659 0.8314199 0.8307602 0.8210562 0.8212429 0.805323 0.7912769 0.7625909 0.7640198 0.696155 0.6730361 0.6752977 0.7700722 0.7770467 0.7461405 0.7608385 0.7105439 0.6296827 0.6228275 0.6099343 0.5724979 0.5604375 0.6809075 0.7183068 0.7211772 0.7120513 0.7786481 0.7786481 0.7750822 0.7740803 0.7726298 0.7543765 0.7731128 0.7302901 0.6934708 0.6656668 0.6679645 0.575564 0.5769537 0.6618054 0.7122045 0.759135 0.7634353 0.7556589 0.8326545 0.7925339 0.7868123 0.8154889 0.780876 0.7965831 0.7442662 0.7655069 0.8095248 0.7984282 0.7632015 0.6922255 0.701261 0.7240365 0.7751834 0.7402314 0.722032 0.6852977 0.646812 0.6457365 0.6104993 0.6704746 0.6990077 0.7395636 0.7658916
0.7857307 0.7846381 0.8076384 0.7996471 0.7598035 0.7305223 0.766818 0.8000932 0.7929078 0.7538687 0.7186935 0.7033045 0.6517571 0.7731965 0.7143127 0.6950092 0.7342205 0.7148938 0.6391802 0.6146644 0.6693181 0.6314352 0.6141941 0.6485795 0.712213 0.6810391 0.7579645 0.7763469 0.7538294 0.7132201 0.7040069 0.7653505 0.8004234 0.7334856 0.7237622 0.66754 0.6009676 0.5425487 0.5856667 0.6102557 0.6800057 0.7161635 0.6877441 0.7531124 0.8210287 0.7649732 0.7734408 0.7078615 0.7270306 0.7913561 0.7670018 0.7172276 0.7930825 0.7660556 0.6821935 0.6353101 0.7071701 0.7445723 0.769034 0.7194469 0.6517555 0.5930716 0.6604484 0.6890653 0.6400284 0.6802081 0.7276767 0.7609178 0.7670215
0.7369931 0.7539591 0.7971691 0.7977689 0.7368227 0.7264323 0.7493712 0.789085 0.7891994 0.7600416 0.6955869 0.6578038 0.6471224 0.6394431 0.6812423 0.667947 0.7101541 0.7321237 0.6697339 0.6705918 0.6731577 0.6490289 0.6571615 0.6648493 0.7078094 0.6688427 0.7724329 0.72969 0.7187756 0.6957936 0.7455208 0.75865 0.7928464 0.7469791 0.7144317 0.6560423 0.5554577 0.5624353 0.5495941 0.6477567 0.6959751 0.7075899 0.6989524 0.7858244 0.7766685 0.7266259 0.7845709 0.7047794 0.7239376 0.7697483 0.7539914 0.6512764 0.7335782 0.7611974 0.6549507 0.6351724 0.7255315 0.7543221 0.7611358 0.6482849 0.5831729 0.6325021 0.6882579 0.6880412 0.6815798 0.6912055 0.7352315 0.7590058 0.790931
0.7549308 0.774893 0.8021647 0.7915595 0.7658852 0.6659396 0.6660541 0.7380272 0.7772859 0.7545668 0.6935383 0.6127047 0.6041582 0.5960321 0.6567498 0.6735615 0.6722876 0.7312496 0.7303821 0.7303624 0.6408188 0.6261408 0.5877797 0.6350421 0.6457105 0.7246106 0.7132831 0.6997871 0.6867042 0.6946905 0.7091135 0.7609572 0.7848095 0.7415083 0.7016292 0.6049243 0.5576862 0.5388284 0.5801951 0.6434857 0.6787798 0.7398695 0.7699495 0.7896752 0.7809096 0.7119197 0.7380081 0.7391093 0.6919847 0.7549992 0.7512824 0.7070848 0.7463448 0.7261885 0.6720061 0.6165034 0.6784545 0.7438191 0.7282507 0.6171179 0.6527023 0.6336052 0.6958143 0.7110885 0.7045998 0.7400454 0.7311401 0.7523328 0.7838289
0.7121637 0.777726 0.7761484 0.7556291 0.7135853 0.6988037 0.6877128 0.7080284 0.7464099 0.7090424 0.6768301 0.6243821 0.576658 0.5788433 0.6262034 0.6774261 0.6985129 0.7071083 0.6864282 0.7251225 0.6678376 0.6217277 0.5941089 0.5798156 0.6636248 0.6336037 0.6282842 0.6685642 0.701081 0.7292768 0.7109777 0.7202014 0.7578084 0.7256802 0.626829 0.5748638 0.5822641 0.6399918 0.6641301 0.6718925 0.7076029 0.7097223 0.7255872 0.8025356 0.7743651 0.7161219 0.708202 0.7054192 0.6737764 0.7634621 0.7550023 0.7310222 0.7478961 0.6821164 0.6511654 0.630084 0.6063917 0.7083303 0.6789869 0.6715623 0.6434533 0.6467314 0.675372 0.7319576 0.7689064 0.7910109 0.7558548 0.7611255 0.7814336
0.7476923 0.7766593 0.7879754 0.7515168 0.7275309 0.7183004 0.7256972 0.6934946 0.6922678 0.6557446 0.574887 0.5697595 0.5263219 0.5870166 0.667066 0.6941722 0.7062052 0.6868116 0.6514831 0.666922 0.6814871 0.6443977 0.6408609 0.6213868 0.6001763 0.5305186 0.595328 0.6906753 0.7132776 0.7130545 0.685702 0.6910366 0.7342221 0.6926108 0.6092362 0.6028717 0.6377985 0.696372 0.7105981 0.6925256 0.7583457 0.7647548 0.7896441 0.8033193 0.7944759 0.7779635 0.6456639 0.6265174 0.6572637 0.7327383 0.6502508 0.6624106 0.6422672 0.6578144 0.6212621 0.5610136 0.5218236 0.6112775 0.5754745 0.7203866 0.7021722 0.6989929 0.7482877 0.772166 0.8108099 0.8126878 0.7551539 0.8116355 0.789771
0.7724361 0.7841728 0.7696519 0.7503904 0.7311217 0.7171142 0.7154569 0.7163737 0.6566039 0.5899398 0.5039009 0.4819734 0.4979059 0.5998962 0.6863835 0.6846403 0.6914922 0.6725119 0.6625564 0.6280589 0.6636938 0.5921601 0.6531575 0.6229081 0.5517613 0.4721615 0.6070998 0.6688637 0.6931713 0.6770092 0.6888013 0.7177886 0.729113 0.6681208 0.641966 0.6411806 0.7001912 0.7514342 0.7436985 0.737231 0.745802 0.7857642 0.8084885 0.7769652 0.7944759 0.7266003 0.5848218 0.6508721 0.7233511 0.7015594 0.6095952 0.5352478 0.6235424 0.6395125 0.5736904 0.5246243 0.5004907 0.5430324 0.6290113 0.6900034 0.6799624 0.755102 0.7772835 0.7972872 0.8001868 0.7409558 0.8305981 0.8048849 0.7985134
0.7541202 0.7658401 0.734089 0.7070646 0.733395 0.7072952 0.710785 0.7086723 0.6506069 0.6024303 0.5409039 0.5322999 0.5426209 0.5757399 0.5300955 0.5980502 0.6573866 0.6590455 0.641327 0.6386574 0.6101547 0.5373131 0.6116341 0.5873924 0.4848141 0.483923 0.5190055 0.6366973 0.667013 0.7059183 0.7314652 0.7290217 0.7364571 0.6732975 0.6656318 0.6626796 0.6691737 0.7466531 0.7772028 0.7737337 0.7754056 0.8037351 0.7808306 0.7600532 0.7732479 0.6085096 0.5760266 0.6511034 0.6934485 0.6785324 0.6239987 0.5023054 0.528623 0.5996693 0.5588003 0.5092976 0.5518612 0.624952 0.6541216 0.6070943 0.5893039 0.6691746 0.7739794 0.8116251 0.7348864 0.7694688 0.8216712 0.8265125 0.8128254
0.7379307 0.7685689 0.7531536 0.7149234 0.7167075 0.6303178 0.669939 0.6394067 0.6084357 0.6359816 0.6179027 0.5770057 0.5472881 0.5993246 0.5665734 0.5415574 0.6155081 0.65502 0.6506249 0.6397617 0.6430871 0.5043866 0.5597556 0.5191444 0.4565707 0.4014135 0.4093681 0.5967585 0.6812807 0.723182 0.7095519 0.701498 0.7145122 0.7090025 0.6996002 0.7241745 0.7457159 0.7586293 0.7840012 0.7895549 0.7972379 0.7881144 0.762615 0.7383826 0.7085312 0.6113207 0.5620432 0.5669638 0.6372712 0.5664011 0.5841559 0.5523952 0.4792963 0.4750257 0.5094594 0.4922261 0.601917 0.5484827 0.5380564 0.552564 0.6475193 0.7467527 0.792168 0.7945242 0.6953829 0.798819 0.7817359 0.8257383 0.8180766
0.7234379 0.7536284 0.7282985 0.698658 0.673744 0.6841387 0.7073898 0.6686638 0.6217526 0.6819876 0.6277425 0.5915622 0.5984061 0.6474131 0.6090503 0.5556145 0.5499352 0.6316031 0.6469864 0.6632178 0.639845 0.4667001 0.5039777 0.5214455 0.4575641 0.3924667 0.4378443 0.6587845 0.7002565 0.6182036 0.6592104 0.6989084 0.7140588 0.7111157 0.7511871 0.7585329 0.7796291 0.7753144 0.7735603 0.7928713 0.7889217 0.7668751 0.7194151 0.7080805 0.6687497 0.5732256 0.4869281 0.5047485 0.5014573 0.4335904 0.4349831 0.5280129 0.6214478 0.6365352 0.598665 0.636509 0.5559841 0.5980802 0.5996989 0.5836483 0.6755879 0.733075 0.7483643 0.7063935 0.7535437 0.7872635 0.8058985 0.8154732 0.8245952
0.7222611 0.7597505 0.739137 0.7025939 0.6780929 0.7129752 0.7375001 0.7357661 0.7323021 0.7262471 0.702969 0.6839852 0.6796228 0.7040829 0.6373003 0.5782529 0.4851971 0.5354329 0.6286907 0.6548029 0.6309825 0.4832106 0.4240751 0.4294764 0.4658476 0.3968352 0.5187969 0.6441851 0.5823588 0.6379988 0.6622064 0.7070526 0.7385402 0.7441885 0.7820929 0.7877027 0.7894188 0.7885324 0.783752 0.7854052 0.7633678 0.7434598 0.7119098 0.7022843 0.6440068 0.5811539 0.4660128 0.4963027 0.4874074 0.5701501 0.6167196 0.603017 0.5841249 0.6620348 0.6628884 0.5866861 0.6352575 0.6325932 0.6329163 0.5738277 0.6502715 0.6901118 0.6731229 0.6664381 0.7772548 0.7464226 0.8106728 0.8198171 0.8199021
0.7008344 0.7697214 0.7447873 0.7370597 0.7138324 0.7435091 0.7099206 0.7202187 0.6771457 0.7007669 0.7088864 0.6903154 0.6936816 0.6626105 0.5613832 0.5255567 0.4514187 0.4357952 0.5806767 0.6317311 0.6354355 0.5547796 0.4805653 0.4196773 0.4220346 0.4166715 0.5411984 0.5211154 0.5961211 0.6483021 0.6819614 0.719476 0.7449232 0.7561505 0.7720928 0.7510062 0.7630363 0.7806401 0.7392667 0.7447793 0.7597379 0.7148573 0.6970656 0.6943133 0.6459218 0.5335463 0.5315738 0.5420578 0.5520877 0.6163163 0.6654592 0.650457 0.6130527 0.6896641 0.6005699 0.5673954 0.6602863 0.6627809 0.6398611 0.6268147 0.6593602 0.660467 0.6490699 0.7194141 0.7303683 0.7068508 0.8145646 0.820696 0.8121744
0.7159632 0.7319009 0.7603115 0.7504148 0.7297521 0.7284031 0.6887723 0.665056 0.615941 0.6623524 0.6924019 0.6979123 0.6358495 0.6000269 0.5913057 0.5171615 0.3874921 0.3963806 0.5386629 0.6073439 0.6265234 0.588024 0.5245511 0.4434201 0.400575 0.4076511 0.4555609 0.4462199 0.5298163 0.6215727 0.6612407 0.6793743 0.7362208 0.7672285 0.6957967 0.6863144 0.7202772 0.7765978 0.7076686 0.7299508 0.7483391 0.7120525 0.6843506 0.660069 0.6039198 0.6008179 0.6280978 0.5955375 0.5672572 0.6323375 0.6763073 0.6742071 0.7082315 0.6445445 0.5894407 0.6388853 0.653018 0.6666964 0.6803508 0.5988762 0.7312572 0.6484444 0.6249952 0.7301947 0.7303683 0.7688177 0.8012213 0.8103647 0.8061462
0.7035269 0.7052458 0.7525741 0.7314709 0.730156 0.7352215 0.6813718 0.64774 0.6037713 0.6411281 0.6870825 0.6930057 0.6670739 0.604553 0.5514889 0.4975533 0.4268233 0.4305304 0.5164206 0.5145088 0.5896153 0.5751979 0.4712559 0.4202319 0.4049118 0.4790811 0.4585502 0.4160566 0.4204542 0.5298383 0.5712121 0.662488 0.7416968 0.755906 0.6224901 0.6672161 0.7403256 0.7363842 0.7143484 0.6789518 0.6663421 0.6343462 0.6462231 0.6537749 0.6135368 0.680548 0.668226 0.5336647 0.5178546 0.5820652 0.6049396 0.6320941 0.6854762 0.6927882 0.6858756 0.6901284 0.6633732 0.6680092 0.7079096 0.6617188 0.7519228 0.6635123 0.6598561 0.7301958 0.7394049 0.7898816 0.7943119 0.8038852 0.793642
0.7280774 0.7254753 0.759015 0.7520954 0.7537754 0.7286767 0.6726576 0.6635374 0.6324613 0.665497 0.6718424 0.6665591 0.6711637 0.6460649 0.5998689 0.5265504 0.4286914 0.3661088 0.4012014 0.3932478 0.5143836 0.5700945 0.5470396 0.4852402 0.5099249 0.5152003 0.5419906 0.5093786 0.4539425 0.577512 0.659322 0.7045358 0.669689 0.6572022 0.550022 0.6321732 0.7371135 0.7434863 0.7179941 0.6705346 0.7018065 0.6172963 0.6313128 0.6616608 0.6640148 0.6905423 0.6648693 0.5264248 0.5088838 0.5322025 0.5128948 0.5624192 0.6515116 0.704863 0.7319404 0.7125185 0.6543424 0.7002858 0.7526616 0.7365904 0.7562147 0.6630673 0.7187954 0.7254423 0.770368 0.7932811 0.7955589 0.7973853 0.7918756
0.7091411 0.7418092 0.7400431 0.7425736 0.740793 0.7324375 0.6764008 0.6070153 0.6047541 0.6360508 0.5941805 0.6379383 0.6459681 0.6040682 0.5501084 0.5142123 0.4085896 0.2909059 0.2343187 0.3339329 0.424067 0.5666897 0.5733112 0.5571111 0.5361632 0.5521582 0.5092168 0.4486163 0.5046225 0.5576003 0.6277751 0.6028281 0.5851797 0.5787024 0.5674735 0.6173348 0.7033256 0.672245 0.6798754 0.6573622 0.6714077 0.6320708 0.6482267 0.6647919 0.6701469 0.6833028 0.6748328 0.6099665 0.5863912 0.573122 0.5206695 0.5508202 0.6214005 0.6626951 0.7457101 0.7193962 0.6990846 0.7239362 0.7595239 0.7791666 0.7363878 0.6634633 0.7394144 0.7391737 0.7733386 0.7811686 0.7817238 0.7912958 0.7887982
0.6880314 0.7137961 0.7270743 0.7300172 0.725637 0.7099261 0.6534411 0.5904927 0.5796072 0.5506383 0.5513537 0.5843354 0.5798677 0.5452662 0.4947314 0.4790435 0.4091217 0.3275692 0.2520298 0.2948217 0.3079076 0.4987113 0.4704585 0.4843654 0.4900818 0.526695 0.4949262 0.4553961 0.4864264 0.5875864 0.5467181 0.469254 0.4249092 0.5126616 0.6158884 0.6244226 0.6381024 0.6293853 0.6636834 0.6088815 0.5751464 0.6472549 0.6483371 0.6386397 0.6586151 0.680347 0.7019905 0.6680989 0.6440837 0.6419943 0.6140625 0.5370504 0.5972948 0.6747306 0.7573086 0.7370132 0.7106711 0.7208861 0.7383945 0.7782591 0.7092255 0.6685731 0.7526979 0.7399749 0.762949 0.7780741 0.7794887 0.781744 0.7818282
0.7103647 0.7236317 0.7291458 0.7333616 0.7242298 0.7015944 0.6558501 0.6539922 0.578968 0.5448171 0.6092052 0.6012868 0.577436 0.5660551 0.5464873 0.4627881 0.3859633 0.4154212 0.3970998 0.3611222 0.2816678 0.3226959 0.3555345 0.4542016 0.5339199 0.5188547 0.5322553 0.5051889 0.4260361 0.5177128 0.5220145 0.4212967 0.3876953 0.5348199 0.5351809 0.5837221 0.6288028 0.6583723 0.6651152 0.6451578 0.631636 0.6159425 0.6393903 0.6744368 0.692249 0.6975983 0.7002966 0.7107201 0.6763672 0.6850272 0.6545048 0.5921159 0.589523 0.6686731 0.7551176 0.7326643 0.6998613 0.7182472 0.7581287 0.7738898 0.7052828 0.684853 0.7539129 0.7687292 0.7792214 0.7654932 0.77121 0.7743252 0.7722571
0.7167543 0.6964369 0.7354996 0.7323818 0.7223713 0.7147591 0.6754518 0.6555016 0.6906266 0.6586097 0.6076487 0.5575392 0.5259244 0.5227023 0.45664 0.3544186 0.2969416 0.3414441 0.3342941 0.301742 0.276063 0.3609689 0.4540381 0.5161096 0.5217926 0.5871641 0.5687031 0.5278497 0.4344797 0.3664846 0.3436592 0.3552451 0.3995202 0.4980015 0.4888805 0.606262 0.6552017 0.6529122 0.6364036 0.6577457 0.6153782 0.6465799 0.6738886 0.6667502 0.6888548 0.6584564 0.6839524 0.665533 0.7129354 0.7301933 0.7052568 0.6699714 0.6514482 0.6690525 0.7378462 0.7468016 0.7139929 0.72807 0.7606309 0.7763876 0.7813649 0.7811577 0.7736141 0.7828334 0.7808435 0.7705381 0.7723803 0.7681788 0.7669709
0.7016065 0.6649181 0.7220371 0.7313811 0.7407179 0.6865906 0.7075127 0.6845323 0.6438993 0.6837314 0.6439414 0.5783216 0.5178564 0.4655577 0.4020599 0.2223596 0.2233915 0.2945577 0.2800744 0.2070532 0.313902 0.3604905 0.4630104 0.4260867 0.5350347 0.5977878 0.6133075 0.5763111 0.4183743 0.3675769 0.3701263 0.3782541 0.4302606 0.4895663 0.5535884 0.6348072 0.6389774 0.6250555 0.5736758 0.612649 0.5642442 0.5881178 0.6300464 0.6370976 0.6738225 0.6735191 0.6228344 0.6181764 0.6363063 0.682818 0.728449 0.7413539 0.6957114 0.6973862 0.7455169 0.7376826 0.7349918 0.7469121 0.7127655 0.7190502 0.7214415 0.7214415 0.7634041 0.7524146 0.7659346 0.760365 0.7673888 0.7739635 0.7706215
0.648999 0.6286454 0.6629381 0.7247658 0.7121372 0.6114951 0.6113126 0.6287658 0.6221118 0.6033998 0.6324462 0.6046786 0.5665734 0.4953218 0.4038342 0.2124972 0.183818 0.2584094 0.2705901 0.244889 0.3581757 0.3581757 0.4034564 0.3678201 0.4027464 0.5545743 0.6071009 0.6152887 0.6139946 0.4775588 0.422873 0.4189519 0.4378231 0.4777648 0.5349041 0.6010638 0.6017948 0.5685115 0.5687775 0.547078 0.5154624 0.5311661 0.4685288 0.5461637 0.6448662 0.6251994 0.5844218 0.5259809 0.5436907 0.6091487 0.6543608 0.6935281 0.7137405 0.7042393 0.7213989 0.7604859 0.7569487 0.7490882 0.7037677 0.7272818 0.7352836 0.7174451 0.7279891 0.7505631 0.758486 0.7593517 0.7526027 0.7544422 0.7476564
