02_Processed_Data/Guangdong-driving/Rain/txt/gd-txt-15.txt
ncols         755
nrows         605
xllcorner     491130
yllcorner     2101946
cellsize      1000
NODATA_value  -9999
[rows 155 to 185 of 605, columns 621 to 689 of 755]
0.6225529 0.624213 0.6246195 0.6224221 0.6200117 0.624824 0.6266084 0.6273616 0.6264944 0.6261394 0.6268848 0.6257873 0.6201152 0.6222277 0.6151168 0.6121541 0.6137857 0.6116855 0.6085631 0.6048018 0.6053708 0.6034971 0.6062883 0.6070528 0.603168 0.6028116 0.6036978 0.6048585 0.6061348 0.6082556 0.605177 0.6006072 0.6018333 0.5940863 0.5935274 0.5913403 0.5924006 0.598557 0.6015224 0.5962493 0.5917233 0.5887596 0.5921137 0.5939568 0.595001 0.5912207 0.5876098 0.585539 0.5854957 0.5856445 0.5828016 0.5825484 0.5760558 0.5662184 0.5618868 0.5603502 0.5588039 0.559243 0.5606716 0.5619473 0.5603583 0.5580032 0.5551125 0.5510621 0.5461031 0.5433341 0.5429636 0.5414178 0.5390673
0.6231045 0.6206889 0.6224557 0.6224216 0.6196586 0.6191328 0.6240118 0.6277549 0.627622 0.6283205 0.6274714 0.6238234 0.6247811 0.6168168 0.6140792 0.6161801 0.6186771 0.61323 0.6073755 0.6074989 0.6029955 0.6013609 0.6045306 0.600228 0.5995739 0.6000148 0.6010103 0.6052506 0.6034954 0.603332 0.5983228 0.5960629 0.5945069 0.5893977 0.5874659 0.5900589 0.5918934 0.5936358 0.5915623 0.5882902 0.5852845 0.5868921 0.5882601 0.5906363 0.5918123 0.5909061 0.5872072 0.583359 0.5827639 0.5829731 0.5782323 0.5766692 0.5739573 0.5609089 0.5614119 0.5583564 0.5585405 0.5549561 0.5550278 0.5538592 0.5521689 0.5528924 0.5500518 0.5472342 0.5451691 0.5393841 0.5370218 0.5350993 0.5344238
0.6184822 0.6172329 0.6176965 0.6209611 0.6199998 0.6147391 0.6201466 0.624397 0.6269847 0.6256715 0.625778 0.62441 0.6200221 0.6204827 0.6189547 0.6191867 0.6179661 0.6138734 0.6073617 0.6043578 0.6028542 0.5991297 0.5977919 0.597268 0.5976279 0.6003377 0.6046618 0.6050664 0.6005939 0.5946939 0.5929683 0.5894157 0.5906284 0.5861561 0.5833807 0.5860641 0.5882647 0.5852571 0.5849914 0.581462 0.5805292 0.5843062 0.589292 0.5900611 0.5974529 0.5914945 0.5866861 0.5828486 0.573597 0.5736874 0.5707467 0.5708516 0.5671314 0.5582492 0.5581372 0.5565323 0.5556226 0.5524846 0.5490661 0.5480971 0.5500818 0.5499751 0.5458204 0.5436688 0.5414581 0.5373781 0.5355119 0.5306942 0.5297981
0.6160699 0.615391 0.615577 0.6185776 0.6168264 0.6125203 0.6201925 0.6232213 0.6192362 0.6182654 0.6198668 0.6238438 0.623379 0.6214963 0.6215333 0.621815 0.6197929 0.6140423 0.6072024 0.6080601 0.6019047 0.5974624 0.5946884 0.5932379 0.5978481 0.6012046 0.6006035 0.5971168 0.5956305 0.590423 0.5873368 0.5884044 0.5889845 0.5821608 0.5809209 0.582678 0.5820189 0.580699 0.5789789 0.5786712 0.580316 0.5856808 0.5952967 0.5961071 0.5957694 0.5906606 0.584284 0.5775928 0.5699008 0.5658704 0.5649108 0.5628655 0.5611032 0.5534532 0.5524576 0.5509774 0.5500731 0.5485569 0.5459876 0.5462859 0.5487172 0.5475139 0.5449786 0.541257 0.5391237 0.5337619 0.5306165 0.5267516 0.5247145
0.6149558 0.6139696 0.6133901 0.6142013 0.6121724 0.6113964 0.6114401 0.6144078 0.6134408 0.6156456 0.6176327 0.6223695 0.6244774 0.6174594 0.617183 0.6128314 0.6102919 0.6052015 0.6028792 0.6039091 0.601815 0.5981063 0.5923607 0.59125 0.5926726 0.6013049 0.5982975 0.591076 0.5866081 0.5863427 0.5854973 0.5875104 0.5859274 0.5785475 0.5787438 0.5779855 0.5769736 0.5772616 0.5781003 0.58256 0.5841863 0.5832081 0.5845088 0.5885958 0.5886689 0.5870441 0.5795107 0.5749364 0.5699559 0.566177 0.5596161 0.5573793 0.5557606 0.55102 0.5494215 0.5491172 0.5474369 0.544751 0.5425206 0.5421606 0.5413503 0.5413503 0.543847 0.5455905 0.5396121 0.5348477 0.5314299 0.5282549 0.5227714
0.6147506 0.6137763 0.6125072 0.6125464 0.6133184 0.6141872 0.6120482 0.612249 0.613946 0.6159303 0.6200806 0.6251103 0.624507 0.6062111 0.6052963 0.6027296 0.5998711 0.597747 0.5963569 0.6013389 0.5968013 0.594923 0.594923 0.5911144 0.5884558 0.5894505 0.5959519 0.5945093 0.5884728 0.5834423 0.5825911 0.5821966 0.5833183 0.5774093 0.576054 0.576708 0.5759313 0.5757257 0.5816998 0.577155 0.5771782 0.581144 0.5753128 0.5763051 0.5815267 0.5852945 0.5861546 0.5797049 0.5736551 0.571735 0.5606745 0.5563521 0.5542204 0.5498571 0.548418 0.5461624 0.5470481 0.5453748 0.5418093 0.5396165 0.5381112 0.537154 0.537425 0.5388414 0.5358696 0.5296513 0.5259037 0.5223314 0.5189126
0.6179345 0.6176823 0.6164604 0.6125416 0.6117745 0.6117865 0.6135113 0.6126584 0.6097289 0.6176092 0.6220877 0.6225643 0.6209903 0.6089154 0.6015763 0.5970317 0.595754 0.594526 0.5927332 0.591949 0.5910697 0.5909002 0.5898573 0.5890414 0.5856624 0.5860381 0.5863699 0.5839579 0.5817084 0.580613 0.5805814 0.5782583 0.579314 0.5755754 0.5737773 0.573706 0.5738534 0.5753221 0.5759681 0.5799613 0.5800465 0.5765891 0.5761893 0.5764809 0.5802451 0.5844971 0.5785674 0.5743884 0.569783 0.5640313 0.5615179 0.5566543 0.5514304 0.5504212 0.544733 0.5408385 0.5419781 0.5444696 0.5417004 0.5385881 0.5362852 0.5347431 0.5322921 0.5314899 0.5313281 0.5276954 0.5221955 0.5193942 0.5156074
0.6200123 0.6213106 0.6182925 0.6133554 0.6112762 0.6111575 0.6107063 0.612071 0.6118858 0.6207889 0.6207122 0.6213142 0.6166111 0.6109359 0.6035273 0.5949474 0.5927616 0.5915887 0.5907195 0.5898444 0.5880582 0.5868384 0.585986 0.5848161 0.5833724 0.5821438 0.5809311 0.5798988 0.5790036 0.5782145 0.5776046 0.5757955 0.5760388 0.5736464 0.5736905 0.5724468 0.5733328 0.5743403 0.5734324 0.5818595 0.5812479 0.5801727 0.5795701 0.5771215 0.5768706 0.5767452 0.5717634 0.5692055 0.5628302 0.5605676 0.5598704 0.554656 0.5529726 0.5470609 0.543943 0.5378381 0.536542 0.5365219 0.535629 0.5365209 0.5354633 0.5334362 0.5293291 0.5255353 0.5251167 0.5228553 0.5189362 0.5166076 0.5138565
0.6176239 0.6204572 0.6228256 0.617597 0.6116486 0.6127917 0.6149988 0.6137036 0.6133904 0.6141564 0.6166635 0.6126716 0.6126506 0.6095955 0.6048381 0.5961297 0.5917501 0.593379 0.5931906 0.5895068 0.5877975 0.5874709 0.5863832 0.5825447 0.5819922 0.5795461 0.5784587 0.5773183 0.5764855 0.5760561 0.5739552 0.573467 0.5732336 0.5688189 0.5715535 0.5726101 0.5733294 0.5745844 0.5770094 0.5775735 0.5813499 0.5785064 0.5739575 0.5717203 0.5713292 0.5746695 0.5716211 0.5647417 0.5601659 0.5612211 0.5564732 0.5548577 0.5506075 0.545123 0.5410828 0.5361608 0.5319444 0.5304052 0.5289052 0.5297111 0.5281828 0.5249765 0.5223778 0.5217414 0.5181772 0.5147326 0.5154531 0.5127729 0.510964
0.6159507 0.6198921 0.6230913 0.6180316 0.6132642 0.6176329 0.6200861 0.6160187 0.6115113 0.6092362 0.6113011 0.6104478 0.6077299 0.6095955 0.5996079 0.5925558 0.5981607 0.5976343 0.5946563 0.590906 0.5858051 0.5826491 0.5819702 0.5798271 0.5783836 0.5771766 0.5760874 0.5748395 0.5742736 0.5731191 0.5713674 0.5705904 0.5690132 0.5687717 0.5666832 0.5680653 0.5716926 0.5711294 0.5721601 0.5712141 0.5740039 0.5705389 0.5664017 0.5656226 0.5665606 0.5667983 0.5638419 0.5614568 0.560003 0.5552689 0.5514894 0.551773 0.5478687 0.5444623 0.5415727 0.5363852 0.5305574 0.5254393 0.523908 0.5233935 0.5223038 0.5206841 0.5181471 0.5169207 0.5137758 0.5105764 0.5080724 0.5086965 0.5062637
0.6161461 0.6199826 0.6231789 0.616964 0.6171042 0.6209996 0.6211472 0.6166117 0.6104606 0.6088223 0.6076014 0.6057182 0.6043737 0.6071962 0.5976759 0.5967363 0.6023626 0.5958951 0.5897902 0.5865288 0.585787 0.5809875 0.5785641 0.5771705 0.5759678 0.5747164 0.5736046 0.5723766 0.5710955 0.5699732 0.5692289 0.5695611 0.5682547 0.5629756 0.5632011 0.5659086 0.5654677 0.568059 0.5688318 0.5647829 0.5664731 0.5624191 0.5597312 0.5594732 0.5596689 0.5576835 0.562766 0.5641357 0.5596381 0.552112 0.5496439 0.5478853 0.5463215 0.5417362 0.538422 0.5308127 0.5259008 0.5227293 0.519689 0.5181208 0.5177969 0.5182685 0.5170401 0.5105988 0.5081308 0.5059273 0.5040559 0.5031076 0.4992394
0.618177 0.6188148 0.6170307 0.6183414 0.6188474 0.624751 0.6226513 0.6117303 0.6081777 0.6069559 0.6063233 0.6041952 0.6033662 0.6037621 0.5991243 0.6013079 0.6009387 0.5981388 0.590291 0.5869974 0.5811706 0.578893 0.5770274 0.5754346 0.5735473 0.5723354 0.5711803 0.5700156 0.568669 0.5671214 0.5665268 0.5653563 0.5651385 0.5598654 0.5599296 0.5609241 0.5609611 0.5623462 0.5644966 0.5615615 0.556879 0.5569104 0.556322 0.5536965 0.5519872 0.553332 0.5546384 0.5564715 0.5554892 0.5512854 0.5471175 0.5445411 0.5404706 0.5329983 0.5307326 0.5286571 0.5237123 0.5195924 0.5172034 0.5138543 0.5125002 0.5122313 0.5083633 0.505989 0.5036299 0.5019904 0.4995242 0.4970038 0.4949746
0.616611 0.6135951 0.6146994 0.6187544 0.6213323 0.6142989 0.6106179 0.6082885 0.6065255 0.6049358 0.6036413 0.5990225 0.6002932 0.5994397 0.6010255 0.6014211 0.5991662 0.5909218 0.5856766 0.5827288 0.5778207 0.5765107 0.576961 0.5727441 0.5715406 0.5707545 0.5712442 0.5698873 0.5685909 0.5647531 0.5631519 0.5618787 0.5605131 0.5567576 0.5590827 0.5594714 0.5592092 0.5580599 0.5596812 0.5610095 0.5543401 0.5513648 0.5495871 0.5476962 0.5480488 0.548228 0.5486338 0.5457358 0.5510486 0.5503781 0.5478346 0.5451195 0.5389829 0.5309392 0.5307426 0.5261227 0.5202588 0.5162101 0.5131541 0.5098659 0.5084143 0.5057519 0.5036973 0.5016134 0.4995226 0.4979019 0.4951592 0.492886 0.4907862
0.6138868 0.6120987 0.6142225 0.6158972 0.615836 0.6111939 0.6077818 0.6060894 0.6053315 0.6041587 0.6007153 0.5984859 0.5935635 0.5979553 0.5996343 0.5971144 0.5947884 0.5900133 0.5802216 0.5770864 0.5790579 0.5793518 0.5754941 0.5713001 0.5714566 0.5696737 0.5690131 0.5686022 0.5653317 0.5619544 0.5604599 0.5589964 0.557742 0.5533284 0.5528396 0.5536829 0.5509078 0.5512974 0.5536264 0.5576181 0.554156 0.5463094 0.5438583 0.5451808 0.5441124 0.5449517 0.5407982 0.5397699 0.5461217 0.5464492 0.5441678 0.5435395 0.5355908 0.527128 0.5266057 0.5228508 0.5189072 0.5151407 0.5104061 0.5116049 0.5055395 0.5020754 0.5004702 0.4980859 0.4955589 0.4933432 0.4912114 0.4889128 0.4866745
0.6126711 0.6111928 0.6121907 0.6144522 0.6103684 0.6081042 0.6056478 0.6033788 0.6034672 0.6015837 0.5981367 0.5955533 0.5974862 0.6009269 0.5963969 0.5922613 0.5893021 0.585609 0.5773265 0.5741202 0.5762845 0.5751912 0.5714068 0.5703017 0.5675878 0.5658086 0.5643746 0.5635914 0.562257 0.5598761 0.5578687 0.5562154 0.5547628 0.5504189 0.548954 0.5492117 0.5461882 0.5471718 0.5489439 0.5500259 0.5472106 0.5416546 0.5394726 0.5396984 0.5376911 0.536253 0.5366321 0.5353444 0.5366139 0.5366138 0.5365055 0.5383394 0.5345296 0.5264314 0.5234782 0.5204757 0.5159211 0.5129312 0.5114044 0.5085297 0.5011697 0.4997693 0.4964083 0.494065 0.4917614 0.4894514 0.4870892 0.4848338 0.4824346
0.6083161 0.6139501 0.6121339 0.6102749 0.6076615 0.6045825 0.6013259 0.6004307 0.6024029 0.600275 0.594932 0.5923492 0.5984865 0.5968781 0.5925879 0.5843259 0.5800235 0.5796347 0.5780748 0.5718494 0.569457 0.5697284 0.5697632 0.567248 0.5655508 0.5629513 0.5612471 0.561591 0.5591075 0.5568261 0.554868 0.5533649 0.5519165 0.5504189 0.5459329 0.5447336 0.5431342 0.5415207 0.5410101 0.54221 0.5409207 0.5396851 0.5356764 0.5383625 0.5351885 0.5321367 0.5322214 0.5320508 0.5320367 0.531715 0.5284604 0.5301113 0.5289442 0.5193762 0.51759 0.5148784 0.5116437 0.5093446 0.5044481 0.5020499 0.4984202 0.4960596 0.4925802 0.4899372 0.487539 0.4855442 0.4831113 0.4807174 0.4783849
0.6093597 0.6120679 0.6109862 0.609249 0.605777 0.6037174 0.6004602 0.5990835 0.5993218 0.5974704 0.593413 0.5897802 0.5913295 0.5895365 0.5856459 0.5802009 0.5762779 0.5766409 0.576296 0.5694151 0.5670448 0.5654423 0.5644082 0.5642118 0.5656278 0.5623496 0.559323 0.5568689 0.5556471 0.5540076 0.5520101 0.5507059 0.5498269 0.547483 0.5430221 0.5413745 0.5401912 0.5382437 0.5375323 0.5357826 0.5376217 0.5362788 0.530187 0.5321749 0.5321687 0.5318612 0.5285428 0.5290721 0.5251904 0.5284116 0.524132 0.52301 0.5210726 0.5124077 0.5098493 0.5100364 0.5088856 0.5065569 0.5025532 0.4985612 0.4967223 0.4914465 0.4889861 0.4862255 0.4835511 0.4824175 0.4795959 0.4766772 0.4744799
0.6066607 0.6116192 0.608624 0.6074506 0.603986 0.601926 0.5984279 0.5931002 0.5958225 0.5938754 0.5933984 0.5918888 0.585934 0.5882491 0.5803871 0.5760494 0.573943 0.5726357 0.5706198 0.5696845 0.5658016 0.5632421 0.5613929 0.5626056 0.5629661 0.5584913 0.5559441 0.5539517 0.5524582 0.5520797 0.5500124 0.5480762 0.5473067 0.5447707 0.5404259 0.5383078 0.5366313 0.5355327 0.5335786 0.5337306 0.5330503 0.528649 0.5268599 0.5281313 0.5304219 0.5327863 0.5303132 0.5253564 0.5203858 0.5220448 0.5179433 0.5152646 0.5141891 0.5052354 0.5029919 0.5044115 0.5032594 0.5022621 0.4978905 0.4947369 0.4922791 0.4890906 0.485421 0.4828616 0.4798886 0.4782752 0.4756789 0.4727134 0.4701514
0.6066165 0.6106169 0.6057196 0.6044885 0.6021577 0.5993038 0.5971047 0.5935634 0.5896611 0.5883889 0.5904908 0.5906907 0.5871177 0.5802663 0.5740156 0.5741732 0.5703967 0.5683385 0.5680685 0.5670424 0.5648589 0.5610548 0.5589424 0.5591552 0.557848 0.5558989 0.5525757 0.5516729 0.549736 0.5501469 0.5475211 0.5453329 0.5437701 0.5419406 0.5373256 0.5351692 0.5335004 0.5318412 0.5308049 0.5301605 0.5276883 0.5254022 0.5236002 0.5233579 0.5267442 0.5274493 0.5238991 0.5189856 0.5146458 0.5164952 0.5161144 0.5109541 0.5089755 0.4992263 0.500905 0.4999589 0.4956332 0.4936537 0.4940816 0.4924036 0.4880007 0.4842169 0.4809302 0.4784586 0.4765289 0.4747995 0.4719288 0.473214 0.4662893
0.6100282 0.6080547 0.6055745 0.6000243 0.5988719 0.5935929 0.5932181 0.5885456 0.5844054 0.5834684 0.5875247 0.5835133 0.5834436 0.5786238 0.5719849 0.5693656 0.5678061 0.5653245 0.5650367 0.5647916 0.563672 0.5622429 0.5599382 0.5555804 0.5537905 0.5525459 0.550391 0.5485373 0.5471677 0.5487273 0.5462264 0.5425147 0.5403528 0.5387425 0.5338573 0.5320495 0.5303888 0.5286697 0.5271419 0.5258957 0.5246586 0.5217902 0.5217876 0.5201393 0.5214655 0.5209131 0.5168802 0.5138884 0.5105678 0.5115684 0.5124039 0.5062935 0.504378 0.4953347 0.4961915 0.4918875 0.4894479 0.4877582 0.4877502 0.4859901 0.4835689 0.4795766 0.476946 0.475381 0.4747677 0.4732639 0.4692095 0.4649951 0.4619852
0.6095094 0.6077326 0.6050323 0.5969875 0.594633 0.5931268 0.5898307 0.5911423 0.5866572 0.58257 0.579871 0.5797774 0.5775374 0.574204 0.5746939 0.5703177 0.5671595 0.5629571 0.5653161 0.5621543 0.5624053 0.5578716 0.55536 0.5527603 0.5509734 0.5493352 0.5473599 0.5456424 0.5445814 0.5459833 0.5444086 0.5399275 0.5375798 0.5355172 0.5307484 0.5289487 0.5271371 0.5254268 0.523658 0.5235343 0.5211931 0.5187224 0.5172595 0.5157579 0.5145619 0.5150595 0.5115585 0.5086491 0.5072415 0.5059845 0.5047156 0.5036853 0.4979804 0.4953347 0.4908639 0.488077 0.4853359 0.4832317 0.4819 0.4815907 0.4800522 0.4767613 0.474014 0.4723556 0.4703761 0.468416 0.4636596 0.4602441 0.4577576
0.6055897 0.6057999 0.6024634 0.5997316 0.5955497 0.5930345 0.592522 0.5927849 0.590022 0.5814669 0.5838836 0.5824552 0.5768715 0.5757582 0.5765382 0.5717453 0.5677266 0.5607794 0.5615338 0.5587769 0.5581613 0.5590739 0.5537176 0.550477 0.5483676 0.5472084 0.5450121 0.5428057 0.5414235 0.5412078 0.5423501 0.5404918 0.5346903 0.5326051 0.5277258 0.5257754 0.5239726 0.5221577 0.5203757 0.5193309 0.5179818 0.514948 0.5131778 0.5119832 0.5127701 0.5103841 0.5081459 0.5043101 0.5019609 0.5003433 0.4985926 0.4961855 0.4940537 0.4916736 0.4859262 0.4836335 0.4815919 0.4792098 0.4772142 0.4757184 0.475336 0.4725422 0.4691102 0.4668585 0.4640132 0.4618056 0.4585069 0.4558877 0.4535379
0.6033589 0.6044135 0.6024275 0.5961803 0.5925049 0.5926133 0.5913811 0.5939601 0.5935848 0.585529 0.5887774 0.5878014 0.5810845 0.5751069 0.5789983 0.5781358 0.5658812 0.5613862 0.5563778 0.5562606 0.555132 0.5550375 0.5488883 0.5474217 0.5453329 0.5433936 0.541934 0.5402496 0.5389895 0.5392295 0.5404507 0.5400616 0.5333977 0.5297154 0.5250043 0.5229613 0.520895 0.5191807 0.5170676 0.5152372 0.5133934 0.5115128 0.5097995 0.5079119 0.5066452 0.5068873 0.5029485 0.5004945 0.4982956 0.4959874 0.4940012 0.4919957 0.4898795 0.4879019 0.4818557 0.479603 0.47742 0.4752605 0.4730107 0.4709201 0.4688064 0.467033 0.4637579 0.4614134 0.4590471 0.4566381 0.4542264 0.4517665 0.4493034
0.6023592 0.6012434 0.5983372 0.5942949 0.5911266 0.5905156 0.5897909 0.5893132 0.5890632 0.5870049 0.5880234 0.585451 0.5821044 0.578221 0.5762838 0.5723855 0.5692443 0.5626421 0.5549251 0.5521317 0.5509854 0.5520746 0.5473193 0.5450339 0.5425972 0.5410391 0.5392579 0.5371732 0.535795 0.5349129 0.5367318 0.5386367 0.5338904 0.5286632 0.5216968 0.5208882 0.517563 0.5156314 0.5137333 0.5118455 0.5099673 0.5080528 0.5061921 0.5044078 0.5030855 0.5013608 0.5020068 0.4990273 0.4981738 0.492906 0.4902529 0.4881492 0.4861169 0.4839283 0.4778567 0.4756216 0.4733428 0.4712247 0.4689483 0.4667407 0.4644196 0.4619844 0.4596396 0.4572512 0.4548887 0.4525017 0.4500443 0.4475847 0.4451451
0.6023985 0.5989165 0.5972501 0.5926555 0.5917026 0.5905891 0.5907832 0.5867712 0.5873952 0.5869845 0.5864028 0.5839817 0.5812416 0.5789823 0.5766292 0.5728038 0.5627769 0.5589598 0.5545476 0.5520663 0.5524809 0.5500434 0.5454128 0.5438413 0.5404286 0.539532 0.5373349 0.5346611 0.5329468 0.5325212 0.5330305 0.53511 0.5321401 0.5269704 0.5200572 0.516457 0.5143175 0.5122827 0.5103728 0.5084279 0.5065158 0.5045449 0.502583 0.5006066 0.4989791 0.4966995 0.4950859 0.4928193 0.4917179 0.4888481 0.486506 0.4843727 0.4822204 0.480003 0.4741336 0.4726895 0.4726895 0.4693834 0.4671477 0.4648907 0.4625664 0.4602655 0.4579193 0.4555991 0.4531456 0.4507594 0.4483266 0.4458923 0.4434105
0.6007553 0.5973483 0.5949376 0.5941848 0.5920781 0.5910583 0.5885257 0.5861468 0.5852454 0.5839817 0.5833191 0.5812045 0.5787467 0.5774855 0.5737111 0.5719407 0.5673651 0.5673651 0.5534996 0.5480902 0.5504583 0.5555579 0.5475777 0.5414705 0.5395532 0.5380565 0.539759 0.5385126 0.5328563 0.5301619 0.5285681 0.5270379 0.5271488 0.5244957 0.5176808 0.5164813 0.5128986 0.5109764 0.5089298 0.5069857 0.505007 0.5030387 0.5010803 0.4990855 0.4970768 0.4950308 0.4930151 0.4909385 0.488982 0.4869862 0.4853142 0.4829198 0.4811439 0.4786217 0.472729 0.4706863 0.4680102 0.4654732 0.4631658 0.4609058 0.4585563 0.4562306 0.4538412 0.4514095 0.4490006 0.4466597 0.444113 0.4417019 0.4391756
0.5995462 0.5968534 0.5949171 0.5956489 0.5923364 0.5908473 0.5896116 0.5880648 0.5854952 0.58303 0.5814044 0.5780185 0.5783888 0.5767591 0.5728934 0.5698804 0.5675944 0.5593342 0.5489682 0.5478432 0.5526773 0.5508683 0.5412849 0.5380641 0.5359542 0.5346147 0.5349834 0.5358895 0.532174 0.5276755 0.5249376 0.5234177 0.521066 0.5194365 0.5136168 0.5118876 0.5101726 0.5075394 0.505527 0.5035264 0.5015826 0.4995813 0.4975447 0.4955405 0.4934999 0.4914223 0.4893301 0.4872908 0.4855086 0.4850063 0.4830319 0.4794714 0.4789173 0.4770729 0.4688115 0.4661734 0.4638116 0.4615213 0.4591427 0.4568346 0.4544829 0.4521145 0.4497494 0.4475899 0.4452943 0.4425662 0.4399745 0.4374277 0.4349027
0.6005461 0.5949497 0.595376 0.5937753 0.5914977 0.5899893 0.5877292 0.5860409 0.5830358 0.5800865 0.5795707 0.5767063 0.5743863 0.5732229 0.566334 0.5636045 0.5532571 0.5496404 0.5465904 0.5490766 0.5521973 0.5447208 0.5370877 0.5347213 0.5328599 0.531587 0.5297273 0.5284288 0.528586 0.5241449 0.5235372 0.5193429 0.5176147 0.5157377 0.5102772 0.5082308 0.506156 0.5042792 0.5021195 0.5001312 0.4980863 0.4960297 0.4939382 0.4919477 0.4898983 0.487767 0.485644 0.4835517 0.481444 0.4798662 0.4794877 0.4796106 0.4752407 0.4727497 0.4644417 0.4621408 0.4597755 0.4574821 0.4551236 0.4527678 0.4504197 0.4480747 0.4459361 0.4432525 0.4407746 0.4382518 0.4357518 0.4332289 0.4306602
0.5918349 0.5948852 0.5939905 0.5921744 0.5901231 0.5884998 0.5848708 0.5823306 0.5788791 0.5770352 0.5765182 0.5744948 0.5700473 0.5692367 0.5621312 0.5577257 0.551392 0.5482537 0.5474961 0.5439599 0.543981 0.537807 0.5338141 0.5317406 0.5303489 0.5289494 0.5260349 0.524082 0.522469 0.5204176 0.5185961 0.516368 0.5142274 0.512268 0.5069081 0.5047569 0.5027648 0.5007863 0.4986845 0.4966634 0.4946088 0.4924748 0.4904425 0.4883751 0.486272 0.4840874 0.4819796 0.479812 0.4776976 0.4755677 0.4743313 0.47251 0.4696941 0.4669291 0.4605063 0.4581564 0.4558108 0.4534692 0.4510858 0.4487117 0.4463176 0.4439715 0.4414681 0.4390346 0.4365341 0.4340346 0.4315359 0.428969 0.4264022
0.5901672 0.5921291 0.5914295 0.5894234 0.5878198 0.583823 0.5806156 0.5797778 0.5764378 0.5749853 0.5734972 0.5708002 0.5685474 0.5667804 0.5639357 0.56084 0.5539562 0.550244 0.5463614 0.5409258 0.5364567 0.5332102 0.5307033 0.5297131 0.5285382 0.5272669 0.523107 0.520831 0.5189701 0.5171999 0.515013 0.5130793 0.510998 0.5088862 0.5035092 0.5013952 0.4993447 0.4973106 0.4952445 0.4931456 0.4910819 0.488939 0.48683 0.484709 0.4825982 0.4804743 0.4782686 0.4760943 0.4739054 0.4717014 0.4695272 0.4673143 0.4650622 0.4627475 0.4565277 0.4542201 0.4518492 0.4494386 0.4471047 0.4447063 0.4422655 0.4398048 0.4373922 0.434936 0.4323679 0.4298467 0.4273266 0.4247845 0.4221747
0.5866458 0.5863762 0.5899239 0.5876794 0.5833969 0.5804033 0.5767693 0.575862 0.5735914 0.5714003 0.5692641 0.5659072 0.5645524 0.5637075 0.5553113 0.5550369 0.5505324 0.5457643 0.5403832 0.5360637 0.5320263 0.5299019 0.5281299 0.5271508 0.5273524 0.5251729 0.520659 0.5180761 0.5158046 0.5138817 0.5116671 0.5097595 0.5076673 0.5055683 0.500104 0.4979804 0.4959667 0.4938519 0.4917537 0.4896458 0.4874824 0.4853994 0.4832142 0.4810856 0.478922 0.4767684 0.4745789 0.4723757 0.4700672 0.4679032 0.4657013 0.4634382 0.4611136 0.4587951 0.4525058 0.4501729 0.4478025 0.4454854 0.4430133 0.4405682 0.4381267 0.4356657 0.4331848 0.4315942 0.4287995 0.4255968 0.4230558 0.4204478 0.4178634
