02_Processed_Data/Guangdong-driving/Rain/txt/gd-txt-15.txt
ncols         755
nrows         605
xllcorner     491130
yllcorner     2101946
cellsize      1000
NODATA_value  -9999
[rows 186 to 216 of 605, columns 552 to 620 of 755]
0.7693555 0.7658715 0.7631705 0.7609623 0.7574163 0.7589737 0.7562112 0.7493882 0.7444742 0.7405912 0.7379529 0.7351803 0.7326679 0.7277743 0.724228 0.7209362 0.7178351 0.7146857 0.7119266 0.7069473 0.7049828 0.701959 0.6996101 0.6974726 0.6922962 0.6897812 0.6879222 0.6842844 0.6808791 0.678075 0.6739333 0.6707826 0.6676171 0.6650968 0.6622111 0.6606312 0.6575666 0.6546127 0.651642 0.6486968 0.6465495 0.6435052 0.6405073 0.638421 0.6362028 0.6333894 0.632435 0.6317419 0.6290856 0.6260915 0.6221024 0.6196319 0.6178252 0.614181 0.6132644 0.6125526 0.6120397 0.6061351 0.6080161 0.6079201 0.6068795 0.6077321 0.6057869 0.6006127 0.6006045 0.5980136 0.5925506 0.588184 0.5862601
0.7702544 0.7680756 0.7655746 0.7641168 0.7579857 0.7612705 0.7578391 0.7517323 0.7464217 0.7416602 0.7393124 0.7350157 0.731668 0.7278534 0.7243184 0.7225156 0.7195848 0.7153743 0.7120334 0.7090617 0.7043614 0.7011275 0.6983625 0.6968032 0.6930211 0.689657 0.6870627 0.6845279 0.6802382 0.676509 0.673598 0.6701611 0.6680609 0.6659799 0.6626582 0.6590101 0.6562998 0.6536592 0.6510531 0.6480005 0.6456814 0.642165 0.640024 0.6364702 0.6342287 0.6321416 0.6292629 0.628633 0.6253875 0.6225546 0.6202028 0.6178956 0.6177938 0.6140329 0.6105263 0.6090817 0.6080388 0.6060103 0.6058044 0.6098985 0.6097768 0.605078 0.6024163 0.5976005 0.5928117 0.5916943 0.5887393 0.5845236 0.5845308
0.7703874 0.7676519 0.7642258 0.7607864 0.7589351 0.7586846 0.7572406 0.7573478 0.7517632 0.743653 0.7394168 0.7357123 0.7317615 0.7288069 0.7267358 0.7223112 0.7195321 0.7162178 0.71276 0.70839 0.7052729 0.7007698 0.6982625 0.6968032 0.6942324 0.6894989 0.6850993 0.682178 0.6791576 0.6760399 0.6725386 0.6698389 0.6680962 0.6657636 0.6622178 0.6590189 0.6565571 0.6534326 0.6499335 0.6466184 0.6443062 0.6420987 0.6391221 0.6355791 0.6351876 0.6324499 0.6286343 0.6259893 0.6241242 0.621249 0.6185796 0.6173084 0.6159219 0.617451 0.6091471 0.6067423 0.6050342 0.6034923 0.6045911 0.606069 0.6057364 0.6055897 0.6006728 0.6002805 0.5952824 0.5852 0.5832385 0.584803 0.5843605
0.7710725 0.7681262 0.7644673 0.7619446 0.7586062 0.7574164 0.7575125 0.7564628 0.7536628 0.7446616 0.7400104 0.73759 0.7343938 0.7304701 0.7257062 0.7217581 0.7189953 0.7161097 0.7116734 0.7087451 0.7050049 0.7026424 0.6973476 0.6959493 0.691403 0.6877929 0.6844606 0.6814827 0.6783244 0.6751087 0.6725303 0.6704018 0.6670053 0.6651376 0.6619198 0.6579982 0.6561339 0.6527169 0.650197 0.6458019 0.643925 0.6420996 0.6379077 0.6348917 0.6341316 0.6307796 0.6281164 0.6264036 0.623668 0.6208603 0.6170484 0.6149101 0.6127701 0.6134261 0.6084638 0.6059992 0.6029531 0.6012973 0.6017772 0.604729 0.6017092 0.6011843 0.6015903 0.5970343 0.592453 0.5849282 0.5793906 0.5825992 0.5850515
0.7695355 0.7660639 0.7634883 0.7603261 0.7578007 0.7565035 0.7579483 0.7573321 0.7524732 0.7477867 0.7461524 0.7410071 0.7348085 0.7299411 0.7254732 0.7236348 0.7200173 0.7170342 0.7136766 0.7101293 0.7054978 0.7025879 0.6983602 0.6970227 0.6913818 0.6870627 0.6839464 0.6810687 0.6783054 0.675588 0.6745549 0.6699205 0.6670696 0.6638341 0.6612603 0.657438 0.6547549 0.6520779 0.6482022 0.6449284 0.6432594 0.6406371 0.6370663 0.6349692 0.6313017 0.6313515 0.6276153 0.6268849 0.6236759 0.6212835 0.6157001 0.6132922 0.6105383 0.6089499 0.6094552 0.6050978 0.6018909 0.5996653 0.5990461 0.599624 0.601591 0.5957817 0.5958827 0.5890638 0.5889171 0.5826278 0.5748311 0.5797634 0.5832111
0.76926 0.7665816 0.7664308 0.7623141 0.7584024 0.7561754 0.7559279 0.7530472 0.7512805 0.7465298 0.7459159 0.7443681 0.7392482 0.7303663 0.7281492 0.7252964 0.7208974 0.7181624 0.7154021 0.7104453 0.707909 0.7031443 0.6971312 0.6954162 0.6899189 0.6872095 0.6839516 0.6821613 0.6794631 0.6748832 0.6745303 0.670383 0.6677148 0.6628526 0.6603335 0.6570883 0.6539362 0.6499798 0.6466685 0.6442703 0.6425588 0.640609 0.6376967 0.6357054 0.6340479 0.6304417 0.6267627 0.6270999 0.6239721 0.6215644 0.615667 0.6122931 0.6097825 0.6064067 0.6056418 0.6053339 0.6027367 0.5985472 0.5992594 0.5982583 0.5966737 0.5970548 0.5900684 0.5823819 0.5842171 0.5814255 0.574538 0.5759347 0.5811241
0.7700084 0.7677074 0.7669559 0.7643721 0.7590126 0.7555839 0.7531446 0.7518607 0.7480384 0.7462079 0.7462677 0.7401649 0.734105 0.7298386 0.7268881 0.7242219 0.721285 0.7188182 0.7166509 0.7088777 0.7060045 0.701449 0.6969562 0.6935262 0.6894252 0.6871446 0.6858808 0.6843982 0.6776392 0.6747078 0.6732411 0.671374 0.6666915 0.6630594 0.6589302 0.6560135 0.6529166 0.6490027 0.6456885 0.6431798 0.6411348 0.6390089 0.6361279 0.6345529 0.6363701 0.6281561 0.6279514 0.6251718 0.6241467 0.623553 0.6176895 0.6114628 0.6082643 0.6048462 0.602074 0.6034113 0.6024351 0.5998906 0.6007084 0.5982254 0.5957602 0.5919414 0.5889093 0.5784131 0.5786412 0.578482 0.5717292 0.5672387 0.577443
0.770501 0.7686551 0.7668384 0.7629656 0.7608299 0.7575802 0.7523087 0.7503962 0.7475282 0.7448577 0.7456546 0.7392273 0.7356788 0.728955 0.7252274 0.7215301 0.7186463 0.7155209 0.7128218 0.7071046 0.7042059 0.7005888 0.696195 0.6929079 0.6903552 0.6870079 0.6863346 0.682318 0.6766076 0.6734841 0.6705214 0.6691682 0.664549 0.6612412 0.6581243 0.6541901 0.6513997 0.6483603 0.6448445 0.642717 0.6397492 0.6373738 0.634479 0.6345529 0.6337066 0.6277895 0.627837 0.6251649 0.6233573 0.6223658 0.6188704 0.6129673 0.6067246 0.6030284 0.6021189 0.5989203 0.5989649 0.602324 0.5976439 0.5970954 0.5936062 0.5917463 0.5859103 0.5772832 0.5722791 0.5709935 0.5686725 0.5722471 0.5746689
0.7714627 0.7669724 0.7666856 0.7635908 0.7599992 0.7557818 0.7522515 0.7502866 0.7492582 0.743053 0.7412381 0.7379256 0.7365006 0.7308456 0.7250971 0.7211058 0.7174672 0.7145049 0.7109341 0.7071468 0.7032133 0.6996865 0.6962554 0.6940215 0.6904938 0.6875064 0.6854686 0.6802076 0.6762359 0.6729925 0.669399 0.6667239 0.663862 0.6597354 0.6557117 0.6528723 0.6501582 0.6471989 0.6436492 0.6414419 0.6395003 0.6387289 0.6357723 0.6353893 0.6311561 0.6285234 0.626587 0.6243846 0.6235033 0.6204314 0.6164429 0.6105516 0.6046093 0.6013578 0.6018069 0.5967196 0.601947 0.5992799 0.594948 0.5925347 0.5924244 0.5869195 0.5832115 0.5720061 0.5694037 0.5716514 0.5739364 0.573951 0.5713577
0.7717295 0.7696065 0.7673189 0.7641858 0.759236 0.7577274 0.7538491 0.7495589 0.7466304 0.7444013 0.7402334 0.7377025 0.7386945 0.7332634 0.724522 0.7205141 0.716628 0.7131873 0.7097114 0.7061785 0.7041068 0.6997067 0.6949391 0.693095 0.6886894 0.6879461 0.6826865 0.6781588 0.6746574 0.6717759 0.6685044 0.6646724 0.6619354 0.6577762 0.654488 0.6513762 0.6483091 0.645313 0.6444699 0.6425748 0.6386521 0.6390003 0.6351916 0.6359767 0.6295602 0.6279277 0.6272081 0.6246104 0.6206157 0.6178936 0.6149766 0.6095794 0.6036258 0.6001704 0.6017628 0.6026533 0.5977184 0.594727 0.5896616 0.5908687 0.5858877 0.5885734 0.580067 0.5693685 0.5722392 0.573897 0.5754976 0.5716529 0.56775
0.7758148 0.7730224 0.7662495 0.7624699 0.7592419 0.7566898 0.7527859 0.7487444 0.7472808 0.744181 0.7392609 0.7351927 0.7332692 0.7327025 0.7269509 0.7198244 0.717025 0.7128548 0.7097278 0.705808 0.7024751 0.6986279 0.6940657 0.6917607 0.6884067 0.688495 0.684833 0.6775187 0.6733465 0.6705534 0.6676121 0.6636021 0.66032 0.656484 0.6537335 0.6506892 0.6480252 0.6466007 0.6449128 0.6422021 0.6381243 0.6367829 0.6378963 0.6355448 0.6300004 0.6272048 0.6256101 0.6239412 0.6194078 0.6144872 0.6121377 0.6061291 0.6042785 0.6014624 0.6009997 0.5994744 0.5947453 0.5926813 0.587942 0.5839186 0.5829679 0.5803748 0.5776306 0.5720336 0.5733771 0.5685545 0.5691832 0.5657855 0.5652885
0.7747778 0.771683 0.766311 0.7629441 0.759745 0.755297 0.7513393 0.7492931 0.7474384 0.7413104 0.7382531 0.7347968 0.7304389 0.727549 0.7245671 0.7207146 0.717734 0.7126347 0.7091922 0.7049327 0.700547 0.6972311 0.6933128 0.6907555 0.6890396 0.6858383 0.6820099 0.6761767 0.6723256 0.6692771 0.6656728 0.6617897 0.658296 0.6557758 0.6523228 0.6506567 0.6483211 0.6447202 0.6455649 0.6422485 0.6371772 0.6353232 0.6376074 0.6345263 0.6298307 0.6263058 0.621504 0.6200195 0.6171616 0.611631 0.6077092 0.6030147 0.6019008 0.6022506 0.5992287 0.5970445 0.5940377 0.5891497 0.5870466 0.580632 0.5750689 0.5767077 0.5749638 0.5640303 0.5689702 0.5646197 0.5630985 0.5640937 0.5610621
0.7703932 0.7697546 0.7681789 0.7655523 0.758051 0.7541758 0.7519752 0.7483131 0.7451181 0.7418377 0.7381998 0.7326456 0.7301631 0.7256782 0.722065 0.720093 0.7163448 0.7110575 0.707209 0.7037598 0.7001375 0.6965501 0.6920353 0.6895498 0.6873238 0.6830046 0.6804902 0.6750833 0.6709729 0.6678779 0.6639493 0.6601561 0.6579907 0.6543702 0.6527027 0.6513191 0.6483115 0.6430841 0.6439182 0.6410773 0.6364068 0.6339957 0.6331944 0.6331611 0.6307099 0.6244606 0.6178722 0.6160921 0.6138524 0.6103109 0.6045533 0.5991052 0.600509 0.5997682 0.5973633 0.595291 0.5918185 0.5866814 0.5834149 0.5803831 0.5737689 0.5698927 0.5677525 0.5640303 0.5605479 0.5619958 0.5588551 0.5564265 0.5518305
0.7695172 0.7705564 0.7679189 0.7650278 0.7561405 0.7533438 0.7539314 0.7493967 0.7440326 0.7385883 0.7351976 0.7325314 0.72864 0.7245598 0.7204543 0.7169692 0.7145201 0.7103293 0.7063515 0.7026803 0.6987199 0.6952071 0.6913854 0.6891342 0.6850962 0.6814727 0.6781986 0.6739393 0.6691273 0.6660324 0.6623572 0.659139 0.6573741 0.6530129 0.6538717 0.6504821 0.6476385 0.6420019 0.6430008 0.6414066 0.6352159 0.632511 0.6319448 0.6316652 0.6265045 0.6200573 0.6156043 0.6131929 0.6101052 0.602143 0.5993573 0.5962585 0.5941613 0.5949768 0.5953311 0.5924574 0.5884965 0.5845062 0.5820017 0.5770858 0.5725726 0.5662813 0.5632167 0.563022 0.5546001 0.5536214 0.5507984 0.5487204 0.5456437
0.7690709 0.7670648 0.7655228 0.7639511 0.7547061 0.7525506 0.7509386 0.7486392 0.7425765 0.738663 0.733866 0.7305966 0.7272955 0.7231385 0.7193686 0.7161491 0.7117821 0.7076941 0.7044383 0.7008907 0.6975815 0.6942592 0.6908567 0.6877354 0.682834 0.6795737 0.6757319 0.6706361 0.6677789 0.6640868 0.6621031 0.6590626 0.656041 0.6528723 0.6508682 0.6469051 0.644155 0.6416644 0.6412491 0.6383048 0.634516 0.6313501 0.6320065 0.6311449 0.6245983 0.6190853 0.6161911 0.6109847 0.6050314 0.6009317 0.5964947 0.593867 0.5904988 0.5917493 0.593372 0.5896981 0.5868131 0.5821667 0.5781401 0.573554 0.5673453 0.5657458 0.5610755 0.5583473 0.5518306 0.5497403 0.5471845 0.5448198 0.5422971
0.7687347 0.7672515 0.7678183 0.7633961 0.7543939 0.7498667 0.746646 0.7427805 0.7391701 0.7354732 0.7325525 0.7291628 0.7251662 0.7221736 0.7190847 0.7173551 0.7106519 0.7076784 0.7036753 0.6997471 0.6966535 0.6923745 0.689992 0.6861138 0.680898 0.6772857 0.6731347 0.6711769 0.668421 0.6653238 0.6615998 0.6584423 0.6563528 0.6508238 0.648081 0.6454057 0.6424642 0.639901 0.6388848 0.6375204 0.6330078 0.6330078 0.6308255 0.6297708 0.6275455 0.6244621 0.6208943 0.6105402 0.6075913 0.6033421 0.6008893 0.5963468 0.591377 0.5880763 0.5903733 0.5910287 0.5868204 0.5846755 0.5800716 0.5732489 0.5693591 0.5678594 0.5649378 0.5601257 0.5520355 0.5493284 0.5467243 0.5442235 0.5418957
0.7669238 0.7657332 0.7657332 0.7652436 0.7589548 0.7562292 0.7529975 0.7483814 0.741398 0.7373932 0.7347271 0.7312182 0.7278183 0.7251253 0.7211382 0.7166405 0.7133804 0.7093844 0.7065156 0.7031457 0.6989745 0.694995 0.691575 0.6898254 0.6832058 0.678955 0.6744284 0.673493 0.6711568 0.6669277 0.6642169 0.6600439 0.6587026 0.6554949 0.6497775 0.6480856 0.6433841 0.6411826 0.6372839 0.6370306 0.6378509 0.634612 0.63149 0.6290624 0.6248268 0.6189275 0.6093912 0.6065824 0.6045335 0.6013123 0.59883 0.597214 0.5899329 0.5857456 0.5879385 0.5901052 0.5850506 0.5820835 0.5759354 0.5682611 0.5670155 0.5670038 0.5594903 0.5555889 0.5494776 0.546633 0.5436724 0.5413171 0.539089
0.7672119 0.7654108 0.7641676 0.7618856 0.7583346 0.754033 0.7516547 0.7479637 0.7401749 0.7356837 0.7329217 0.7300524 0.7268943 0.7242037 0.7182187 0.7146558 0.7112732 0.7077051 0.7048957 0.7021132 0.6975858 0.6932725 0.691538 0.6869342 0.6819054 0.6777029 0.6747997 0.6720043 0.6665989 0.6664069 0.6610785 0.6595344 0.6612266 0.6566157 0.6482304 0.6466607 0.6424623 0.6409065 0.6371521 0.6348246 0.6352068 0.6336757 0.6296873 0.6267537 0.6141608 0.6118351 0.6062145 0.605074 0.6016401 0.5988225 0.598738 0.5967349 0.5873405 0.5829384 0.5817869 0.5860068 0.5833542 0.5793252 0.5717304 0.564213 0.5619572 0.5613254 0.5577579 0.5533544 0.5467035 0.5438313 0.5408216 0.5382419 0.5358955
0.7661905 0.7649792 0.7611995 0.7592915 0.754743 0.7532706 0.7469791 0.7450263 0.7385151 0.734273 0.7307483 0.7286106 0.724344 0.7217224 0.7176669 0.7138672 0.7094207 0.7053852 0.7023833 0.699733 0.6956048 0.6929158 0.6893856 0.6852447 0.679307 0.6766176 0.6751313 0.6721542 0.666423 0.6643785 0.6603212 0.6624563 0.6625276 0.6576973 0.6470892 0.6442116 0.6408275 0.6407771 0.6383607 0.6345802 0.63101 0.6299102 0.627438 0.6248895 0.6095423 0.6094113 0.6036953 0.6026977 0.6004082 0.597065 0.5948163 0.5947124 0.5857697 0.5809801 0.5806653 0.5829667 0.5770165 0.5723596 0.5678422 0.5608902 0.5581988 0.5588922 0.5524511 0.5494818 0.543975 0.5409016 0.5377778 0.5350187 0.5326018
0.7633774 0.7621579 0.7589919 0.7563189 0.7522237 0.7515861 0.7465797 0.7411275 0.7374777 0.7338756 0.7292203 0.7249167 0.7217264 0.7185709 0.7161886 0.7117069 0.707755 0.7037811 0.700817 0.6977189 0.6942623 0.6919045 0.6881726 0.6840199 0.6770817 0.6759052 0.6718299 0.666764 0.6661938 0.661916 0.6594885 0.6640791 0.6629673 0.6577104 0.6465208 0.6425035 0.6401256 0.6427952 0.6378667 0.6347612 0.6319873 0.6287036 0.6247659 0.6150593 0.6057698 0.6060697 0.6014044 0.599072 0.5971407 0.5948234 0.5958203 0.591603 0.5831217 0.5776216 0.5767991 0.5763664 0.5768133 0.5701103 0.5629141 0.55838 0.5552472 0.5555438 0.5497971 0.546889 0.5410954 0.5377998 0.5348036 0.5320405 0.5292919
0.7625453 0.758236 0.7572245 0.7538552 0.7502182 0.7477422 0.7456365 0.7383952 0.7344193 0.7325153 0.7289828 0.7236173 0.7194566 0.7165954 0.714467 0.7099044 0.7057799 0.7020668 0.6983141 0.6950439 0.6920115 0.6902149 0.6858777 0.6821181 0.6750399 0.6730621 0.6694516 0.6648734 0.6632642 0.6626211 0.6603457 0.6596345 0.6588845 0.6570505 0.6484334 0.6423234 0.6430597 0.6376201 0.637524 0.6334124 0.6312195 0.6262793 0.6211898 0.6149578 0.6025103 0.6016672 0.5989838 0.5960333 0.5946044 0.5919545 0.5926095 0.5895235 0.5815668 0.5761066 0.5716069 0.570322 0.5725938 0.5670449 0.56196 0.556326 0.5525999 0.5500405 0.5470629 0.5440567 0.539739 0.5349411 0.5318109 0.529198 0.5263808
0.7586589 0.7575608 0.7552771 0.7516485 0.7469296 0.7468364 0.7423919 0.7377369 0.7322851 0.730423 0.7285507 0.7236452 0.7177429 0.7140721 0.7118635 0.7083135 0.70393 0.700394 0.6961204 0.6924245 0.6888263 0.6868245 0.6839288 0.6785411 0.6724662 0.6691381 0.6672572 0.6627625 0.6596856 0.6579083 0.6590772 0.6585665 0.6552587 0.65122 0.6487603 0.6431947 0.6437454 0.6385693 0.6389431 0.632335 0.6290405 0.6218453 0.6162478 0.6091425 0.6000481 0.599233 0.5959803 0.5933428 0.5942778 0.5920629 0.5912212 0.5906387 0.584807 0.5770051 0.5698753 0.5650088 0.5717184 0.5625064 0.5592361 0.5539564 0.5495787 0.5470156 0.545368 0.5414013 0.539571 0.5323371 0.5293503 0.5263816 0.5234531
0.7566175 0.7548672 0.7515872 0.7491707 0.7462456 0.7441307 0.7398479 0.7350142 0.7301793 0.7268412 0.7243124 0.7209854 0.7162182 0.712313 0.7092257 0.7062254 0.7017875 0.6975554 0.694425 0.6912999 0.6870835 0.6850173 0.6805663 0.6754779 0.6704078 0.6674253 0.6651044 0.6615524 0.6586545 0.6584388 0.6526065 0.651438 0.6509269 0.6482359 0.6480149 0.6442084 0.6471832 0.6415995 0.6367363 0.6293166 0.6267254 0.6187738 0.6131574 0.6062474 0.5976927 0.5980274 0.5932528 0.5910009 0.5891967 0.5899923 0.589659 0.5881654 0.5853431 0.5748001 0.5670995 0.5621474 0.5629503 0.5586429 0.5551071 0.5529426 0.5473624 0.5434985 0.5411785 0.5415317 0.5348908 0.5286848 0.5273621 0.5245771 0.5254188
0.7547435 0.7527089 0.7497662 0.7477798 0.7445067 0.7424597 0.7383146 0.7324359 0.7299526 0.7242773 0.7211235 0.7175164 0.7141479 0.7106292 0.7060656 0.7028733 0.6992839 0.6964317 0.6924844 0.6893206 0.6846691 0.6818787 0.6770927 0.6737862 0.6697536 0.665136 0.6634944 0.661196 0.6572614 0.6567243 0.6492342 0.6482676 0.6458591 0.649232 0.6500673 0.6433542 0.6442376 0.6359994 0.6326112 0.6277245 0.6229994 0.6159494 0.6096947 0.6031242 0.5959455 0.5922552 0.589704 0.5882918 0.5866832 0.5836139 0.5841223 0.5862647 0.5787317 0.5708028 0.5639205 0.5589331 0.5568122 0.5547084 0.5508939 0.5484039 0.5437822 0.5404507 0.5374313 0.5355489 0.5283912 0.5264518 0.5267835 0.5276772 0.5228695
0.7528994 0.7500514 0.7480211 0.7469478 0.7410123 0.7393241 0.7369834 0.7311657 0.7292074 0.7219504 0.7193214 0.7150433 0.7114867 0.7079408 0.7040165 0.7015653 0.6973862 0.6943589 0.690262 0.686213 0.6817815 0.6820179 0.6762102 0.6736696 0.6678604 0.6634477 0.6606271 0.6596294 0.6560625 0.6532461 0.6472195 0.6444283 0.6440824 0.6497356 0.646702 0.6400262 0.6348829 0.6321849 0.6314272 0.6251537 0.6195705 0.616578 0.61032 0.6034458 0.5931604 0.5885259 0.5859541 0.586122 0.5854731 0.5847252 0.5816832 0.5820024 0.5728956 0.5668978 0.5601865 0.5562997 0.5532243 0.5507497 0.5468909 0.5438429 0.5405777 0.5379826 0.5347263 0.5316259 0.5270131 0.528927 0.5274427 0.5278989 0.524097
0.7520749 0.7488508 0.7472266 0.742743 0.7382121 0.7368914 0.7354741 0.7301752 0.7259499 0.7211569 0.7187273 0.713429 0.7091784 0.7066097 0.7019298 0.6991586 0.6958506 0.6916087 0.6872504 0.6835719 0.6812267 0.6806719 0.6745236 0.6712131 0.6648655 0.6608469 0.657612 0.6545044 0.6549388 0.6526137 0.6456677 0.6437946 0.6434855 0.6419958 0.6462051 0.6372879 0.6303771 0.6285483 0.6280184 0.6227131 0.6173047 0.6149701 0.607258 0.6005107 0.5889342 0.5851914 0.5820341 0.5801271 0.5803673 0.5843743 0.5857691 0.5824623 0.5740204 0.5664989 0.5574994 0.553033 0.5501717 0.5470469 0.544733 0.5415488 0.5398301 0.5366082 0.5322334 0.5289962 0.5286022 0.5299345 0.5296233 0.5256425 0.521772
0.7513279 0.7461637 0.7434512 0.7410761 0.735651 0.7329477 0.7299294 0.7270545 0.7255869 0.7205513 0.7156169 0.7114999 0.706649 0.7041062 0.6995302 0.6967179 0.6925241 0.6888012 0.6857176 0.6813461 0.6809269 0.6801514 0.6729962 0.668964 0.6629364 0.6601037 0.6571952 0.6536017 0.6544809 0.6481357 0.6434242 0.6429016 0.6443562 0.6447039 0.639479 0.6324139 0.6272774 0.6228006 0.6213235 0.6195676 0.6137614 0.6103748 0.6030657 0.5950104 0.5873004 0.5828468 0.5801248 0.5783294 0.5773632 0.5808691 0.5812596 0.5791395 0.5660077 0.5607352 0.5544204 0.5509867 0.5481544 0.5458762 0.5436849 0.5388219 0.5344893 0.5338891 0.5304295 0.5284113 0.5315399 0.5297742 0.5255189 0.5220002 0.5189288
0.7477153 0.7451413 0.7415702 0.7401697 0.7343745 0.7301607 0.725981 0.7249953 0.7235228 0.7184352 0.7137109 0.7096375 0.7048353 0.7014021 0.6971725 0.694339 0.6899979 0.6877232 0.6838965 0.6786861 0.6787379 0.6769803 0.6716285 0.6665182 0.6621216 0.6596905 0.6544351 0.6525768 0.6496519 0.6445159 0.6446656 0.6482231 0.6432512 0.639953 0.6376545 0.6301928 0.624373 0.6215553 0.6163174 0.6178266 0.6108059 0.6070476 0.602637 0.5938741 0.5862337 0.5803549 0.5756521 0.573948 0.573229 0.5715005 0.5698128 0.5696245 0.5636954 0.5558389 0.5512693 0.5488702 0.5460202 0.5431401 0.5384061 0.5340391 0.5309268 0.5301912 0.5305821 0.5332721 0.5291674 0.5266611 0.5225078 0.5191391 0.5152302
0.748501 0.7435306 0.7383882 0.7359761 0.7316793 0.7278406 0.7248113 0.7213308 0.7200919 0.716 0.7099854 0.7069795 0.7021974 0.6985222 0.6953602 0.6935704 0.6888919 0.6837552 0.6799955 0.675733 0.6769941 0.6752549 0.6692784 0.6635665 0.6608497 0.6583904 0.6551577 0.6553455 0.6495485 0.6465054 0.65011 0.6484337 0.6444722 0.6407984 0.6346062 0.6270378 0.6238409 0.6214045 0.6129414 0.6142643 0.6085036 0.6046369 0.6004757 0.5941343 0.5813832 0.5772578 0.5733437 0.5702807 0.5680367 0.5655533 0.5643997 0.5654833 0.5617132 0.5559307 0.5502263 0.5444837 0.5424351 0.5388601 0.5356987 0.5308702 0.5284417 0.5265429 0.526019 0.5282212 0.5246119 0.5229791 0.5211438 0.5146273 0.5073608
0.749717 0.7422026 0.7399453 0.7343494 0.7337615 0.7302263 0.7267629 0.7217533 0.7156039 0.7165801 0.7094183 0.7039318 0.7002174 0.6995152 0.6965638 0.6949847 0.6892307 0.680994 0.6780875 0.6734158 0.6719813 0.6698561 0.6647317 0.6619195 0.6600263 0.6594269 0.656236 0.6509981 0.6459822 0.6480306 0.6454284 0.6399708 0.6360408 0.6344336 0.6289136 0.6210258 0.6205605 0.6175599 0.608832 0.6108069 0.6065497 0.5992277 0.5966297 0.5905145 0.5846148 0.5767288 0.5698318 0.5675038 0.5693304 0.5637774 0.5606284 0.56122 0.5620604 0.5547178 0.54641 0.5416139 0.537633 0.5342758 0.5312384 0.5276791 0.529241 0.5244638 0.5223082 0.5236447 0.5196313 0.5179096 0.5148296 0.5079976 0.5018225
0.7462799 0.7405673 0.7390643 0.7337947 0.7330489 0.7314129 0.7258245 0.7191191 0.7157276 0.7132701 0.7057708 0.701876 0.7014204 0.7001907 0.6969262 0.6920809 0.6846563 0.6786307 0.674863 0.6704492 0.6677246 0.6632612 0.6599894 0.6603872 0.6578896 0.6545402 0.6526808 0.648249 0.646641 0.6423907 0.637767 0.631959 0.6271877 0.6235015 0.6196358 0.6152333 0.612801 0.610764 0.6042525 0.6028639 0.5985057 0.5932313 0.5911951 0.5881 0.5806254 0.5741603 0.567221 0.5626367 0.5660331 0.565648 0.5628676 0.5555198 0.5493816 0.5478035 0.5415614 0.5369888 0.5336475 0.5303688 0.5295133 0.5273645 0.5266737 0.525174 0.5186256 0.5192521 0.5183908 0.5159071 0.5101163 0.50095 0.4974382
