02_Processed_Data/Guangdong-driving/Rain/txt/gd-txt-95.txt
ncols         755
nrows         605
xllcorner     491130
yllcorner     2101946
cellsize      1000
NODATA_value  -9999
[rows 372 to 402 of 605, columns 207 to 275 of 755]
0.6509796 0.6502671 0.6602247 0.667195 0.6770107 0.678666 0.6533743 0.6563428 0.6593661 0.6621789 0.664251 0.6692774 0.6732957 0.675512 0.6788285 0.6839036 0.7100533 0.7040854 0.7022558 0.729276 0.7449678 0.756609 0.7761325 0.7702969 0.7849513 0.7811585 0.774889 0.7655869 0.7691554 0.7686258 0.7731419 0.7955571 0.7893465 0.8080547 0.7897819 0.785641 0.7803251 0.7967357 0.7921914 0.7849798 0.7912679 0.8045579 0.8070854 0.8268138 0.8271574 0.8207037 0.8328968 0.8568406 0.8442845 0.8349867 0.8342437 0.8387356 0.8353351 0.8419279 0.8347817 0.8531913 0.8577676 0.8385039 0.8389935 0.8396099 0.8429592 0.8596106 0.8474984 0.8471131 0.8480195 0.8489164 0.8500828 0.8535125 0.8518193
0.6587625 0.6606929 0.6685197 0.6879421 0.6867426 0.6601641 0.6588384 0.6612653 0.6637465 0.6669408 0.6695258 0.6733487 0.6762943 0.6812665 0.6885268 0.6954334 0.7139697 0.7190893 0.7258309 0.7253344 0.7349176 0.7447949 0.7500749 0.7606879 0.778614 0.7731005 0.7892101 0.7851893 0.7758802 0.7671125 0.779958 0.7912189 0.7808791 0.8061941 0.8034083 0.785641 0.7810997 0.7939104 0.8029971 0.7933792 0.7977911 0.8025784 0.8190034 0.8383148 0.8347961 0.84582 0.8374518 0.8566071 0.8457581 0.832469 0.8397967 0.8401673 0.8448405 0.8430734 0.8379076 0.8830683 0.8633808 0.8418598 0.8424883 0.84284 0.8447328 0.8530208 0.8482834 0.8499584 0.8517377 0.8531144 0.8554237 0.8569619 0.8606463
0.6711235 0.6768898 0.684972 0.6858231 0.6648627 0.6604281 0.6621262 0.6648036 0.6679309 0.6711101 0.6739439 0.6785426 0.6830564 0.7008279 0.7022589 0.7051858 0.7145122 0.7227857 0.7296401 0.7354698 0.731679 0.7383624 0.7384619 0.7600206 0.7653337 0.7701372 0.7854298 0.7734347 0.7691405 0.7751958 0.792526 0.7854743 0.7800168 0.8126001 0.8059489 0.7969078 0.7915926 0.7859573 0.7967442 0.7933331 0.80435 0.8164048 0.8382422 0.8585923 0.8676658 0.8639346 0.8414964 0.8561254 0.8518844 0.8418903 0.852779 0.8628082 0.8461264 0.8480561 0.8620958 0.884159 0.8607446 0.844389 0.8460662 0.8470725 0.8488315 0.8507627 0.8516547 0.853017 0.854884 0.8568805 0.8577006 0.8607874 0.860341
0.6831561 0.6958076 0.6930086 0.6676028 0.663752 0.6649847 0.6674618 0.6695973 0.672578 0.6754781 0.6786919 0.6843305 0.7005842 0.7220693 0.729304 0.7352537 0.7130027 0.7175532 0.7204208 0.722661 0.7295578 0.7342368 0.7393388 0.7506797 0.7672206 0.7713391 0.7825006 0.7716756 0.7639126 0.7768373 0.7934815 0.8061558 0.787686 0.7946656 0.7988598 0.7946997 0.7973554 0.7893096 0.7930474 0.7938556 0.8130629 0.8159481 0.831134 0.8576896 0.8888675 0.8809339 0.8533792 0.8699732 0.8682276 0.8534394 0.8819427 0.870868 0.8589368 0.8662811 0.8842782 0.8785918 0.8588635 0.8493769 0.8503698 0.8505602 0.8522981 0.8539419 0.8561219 0.8574544 0.8590293 0.8594145 0.8604715 0.8614193 0.8626631
0.6732499 0.6849638 0.6728746 0.6661679 0.6677275 0.6694757 0.6720712 0.6744568 0.6774227 0.6805713 0.684429 0.6866181 0.6912296 0.7139869 0.7260935 0.7154943 0.7139391 0.7158278 0.7194672 0.7235351 0.7286897 0.7322885 0.7402736 0.7453777 0.7613454 0.7720665 0.7812161 0.7701026 0.7673523 0.7750837 0.7914388 0.8019682 0.7907639 0.7902964 0.8026838 0.8053913 0.7974593 0.7945564 0.7969419 0.8067341 0.8190253 0.8184376 0.8275 0.8532336 0.8586558 0.8468112 0.8300224 0.8516262 0.8583369 0.8667173 0.8880505 0.8880823 0.8705454 0.8838279 0.8981227 0.8704751 0.859592 0.8512744 0.8528877 0.8547506 0.8552508 0.8577834 0.8590368 0.8607596 0.8615314 0.8644103 0.8633392 0.8644016 0.8690606
0.6636897 0.6667758 0.6664863 0.6690329 0.6713725 0.6739001 0.6766142 0.6792492 0.6820677 0.6866527 0.6879857 0.6910816 0.6947512 0.7025571 0.7064437 0.7077296 0.7155961 0.7177279 0.7210819 0.7245997 0.7311844 0.7364768 0.7394187 0.7492542 0.7640083 0.7721853 0.7819734 0.7803782 0.770711 0.774706 0.7824204 0.7848391 0.784345 0.792467 0.7911764 0.7930624 0.807941 0.8105767 0.8143918 0.8146124 0.8235614 0.8242702 0.8285322 0.8330297 0.8404106 0.8439113 0.8330572 0.8466786 0.8438159 0.8582627 0.8997524 0.8957579 0.8859872 0.9095349 0.8991765 0.8753193 0.8580326 0.8547097 0.8570661 0.8587452 0.859988 0.8614331 0.8630751 0.865194 0.8684726 0.8680468 0.8694761 0.8811032 0.8696306
0.6663833 0.6689311 0.6722006 0.6755277 0.6760067 0.6785212 0.6814852 0.6841054 0.6869086 0.689629 0.6937178 0.6965321 0.6995232 0.7050658 0.7144784 0.7142923 0.7256305 0.7315696 0.7343735 0.7406452 0.7441708 0.7547312 0.754211 0.755962 0.7675183 0.7742133 0.7801325 0.7885846 0.7841931 0.7815348 0.785114 0.7904217 0.8023595 0.8005134 0.7986653 0.8070182 0.8188593 0.8325986 0.8518913 0.8447914 0.8272011 0.8311926 0.83423 0.8367079 0.8406106 0.8381145 0.8304086 0.8465146 0.8397743 0.8531266 0.8739741 0.9067665 0.9130751 0.9253306 0.8975468 0.8768286 0.8597691 0.8598288 0.860417 0.8620446 0.8623191 0.8647904 0.8707766 0.8735558 0.8724766 0.8688825 0.8816735 0.8807399 0.8726984
0.6711285 0.6731368 0.6757354 0.6783904 0.6807049 0.683338 0.6862878 0.6888932 0.6922086 0.6962327 0.6996439 0.7021766 0.7067334 0.7126526 0.7133317 0.7206508 0.7427344 0.7506385 0.7486594 0.7504135 0.7524609 0.7612782 0.7821848 0.7848398 0.7798284 0.782126 0.7852353 0.7810696 0.7790366 0.7857617 0.7971329 0.8090397 0.8228049 0.8225206 0.8214386 0.8122666 0.838034 0.8281491 0.8490003 0.8388195 0.8431985 0.8573626 0.8566553 0.8528696 0.8339403 0.8436028 0.8313591 0.8439783 0.8427677 0.8445505 0.8543584 0.8712577 0.8856993 0.9023397 0.907088 0.8768286 0.8604344 0.8611023 0.8634866 0.8648019 0.8667517 0.8676108 0.8735814 0.8743727 0.8735598 0.8720789 0.8741672 0.8922645 0.8879193
0.675939 0.6779363 0.6806541 0.683033 0.6857309 0.6880859 0.6908891 0.6945353 0.6977025 0.7051427 0.7138175 0.7147472 0.7203413 0.7200359 0.7251834 0.7316917 0.7542195 0.7554861 0.7545414 0.7615602 0.7630544 0.76127 0.7636087 0.771523 0.7741691 0.7786923 0.7943659 0.7844734 0.7875816 0.8040859 0.8249717 0.8373793 0.8424994 0.8659331 0.8536656 0.8404855 0.8348476 0.8486547 0.8566155 0.8604501 0.8767437 0.8856137 0.8675769 0.8449339 0.8287563 0.8313568 0.8332536 0.8378831 0.8441825 0.8442048 0.8493282 0.8555803 0.861892 0.8764737 0.8799664 0.8723611 0.8622835 0.8614475 0.8652339 0.866636 0.8832129 0.8712271 0.8726927 0.8767762 0.8767526 0.8764603 0.8884623 0.8921561 0.8878111
0.6804168 0.6826683 0.684976 0.6874747 0.6900272 0.6926323 0.6980612 0.6994472 0.7033901 0.7100208 0.7246352 0.7199848 0.7297901 0.7409748 0.7261358 0.7319602 0.7387871 0.7473011 0.7502995 0.757426 0.7689437 0.7593329 0.7558362 0.7647735 0.7663373 0.7778302 0.7954625 0.8022414 0.8322468 0.8256394 0.8234328 0.8465558 0.8544489 0.8657261 0.8736489 0.8558877 0.85463 0.8713353 0.8817121 0.8837811 0.8925227 0.8793155 0.8679237 0.8376872 0.833001 0.8333117 0.835035 0.8386965 0.8436294 0.8446672 0.8486864 0.8535643 0.8587652 0.8726353 0.8667999 0.8622094 0.8633467 0.8651001 0.8660671 0.8683501 0.8794698 0.8738027 0.876834 0.8774748 0.8781067 0.8861355 0.8921939 0.9026311 0.9021212
0.6854882 0.6874645 0.6901574 0.6925072 0.695706 0.6985609 0.709664 0.7046844 0.7078184 0.7189205 0.7275724 0.7285842 0.7356015 0.7427925 0.739297 0.7369102 0.7597713 0.7697341 0.7633014 0.7651145 0.770128 0.7595702 0.7576324 0.7648262 0.7686065 0.7852342 0.8049597 0.8142276 0.7999138 0.8023089 0.8273749 0.8652139 0.8853233 0.8987203 0.8605889 0.841376 0.8786607 0.8825961 0.8641345 0.8590156 0.8590443 0.8575896 0.8444428 0.836434 0.8371395 0.8375404 0.8385592 0.8407208 0.8444177 0.8454093 0.8496466 0.854079 0.8580388 0.8576853 0.8625342 0.8638523 0.8665375 0.8665259 0.8679752 0.8785343 0.876152 0.8775898 0.87981 0.8792508 0.8788202 0.8937175 0.9012302 0.9200781 0.9053444
0.6896967 0.6923238 0.6952695 0.6978714 0.700922 0.7041555 0.7075725 0.7119628 0.7142874 0.7351897 0.7495288 0.7356718 0.7404163 0.7539502 0.7820051 0.76058 0.7680033 0.7891123 0.79897 0.7683629 0.7666071 0.7599947 0.7643671 0.7649313 0.7772653 0.7900405 0.8096038 0.7884891 0.7879311 0.8207768 0.8488884 0.8729507 0.9064505 0.8968608 0.8571506 0.8616312 0.8623719 0.8838608 0.8815717 0.8924119 0.8641729 0.864931 0.851213 0.8439567 0.8413059 0.8411338 0.8414461 0.8425037 0.8461539 0.8509365 0.8540661 0.8552722 0.8586523 0.8606339 0.8638471 0.8643217 0.8688275 0.8711453 0.8721554 0.8762071 0.8793364 0.881012 0.8814964 0.8811879 0.8806174 0.8845423 0.9057971 0.9265579 0.9153771
0.6939681 0.6971135 0.7000471 0.7029006 0.712292 0.7131278 0.7125559 0.7156056 0.721084 0.7446308 0.7531177 0.7522332 0.757885 0.7564166 0.7865747 0.7720174 0.7925051 0.7826384 0.7665994 0.7646601 0.7649971 0.7679988 0.7657415 0.7701057 0.7826763 0.7837719 0.8054178 0.7935499 0.8051516 0.8343937 0.831821 0.8407867 0.8793021 0.8918259 0.8820632 0.8818231 0.8539113 0.8914769 0.9048506 0.8833175 0.8661565 0.844341 0.8452927 0.8435607 0.8440471 0.843168 0.8454199 0.8465626 0.8483123 0.8539725 0.8557289 0.8572822 0.8606145 0.8621514 0.8662374 0.8667933 0.8710167 0.8727611 0.8775573 0.8797244 0.8817657 0.8816991 0.8825601 0.8805209 0.8839015 0.8845206 0.8947979 0.921455 0.9019561
0.697905 0.7042164 0.7149487 0.7175241 0.726244 0.7158068 0.724089 0.7359994 0.7345703 0.748431 0.7575614 0.7491001 0.7547314 0.7525784 0.7688898 0.767338 0.7845186 0.7929674 0.7742195 0.7637952 0.765161 0.7697188 0.7692814 0.7781053 0.7769126 0.7815446 0.7886984 0.7860932 0.8104948 0.815046 0.8166856 0.8570654 0.880659 0.8675096 0.8512046 0.8464664 0.8694832 0.8858482 0.8751017 0.8672119 0.8557193 0.8420784 0.8470955 0.8518127 0.8457624 0.8477491 0.8544539 0.8534312 0.8494408 0.8521398 0.8576849 0.8603787 0.8626064 0.8635643 0.8674675 0.86903 0.8733747 0.8762637 0.8806239 0.880643 0.8821257 0.8825617 0.8816862 0.8825363 0.8844541 0.8883668 0.9030048 0.9112088 0.8919235
0.7028313 0.7236988 0.7466273 0.7397762 0.7193304 0.7176202 0.7252241 0.7384384 0.7503815 0.7836087 0.7590162 0.7440414 0.7466024 0.7566208 0.7528933 0.7726598 0.7756763 0.7878038 0.7804504 0.7707745 0.769208 0.7696445 0.7737987 0.779688 0.7797849 0.782141 0.7856982 0.7899258 0.7981328 0.8108619 0.84044 0.8403161 0.8598444 0.8395457 0.8329229 0.8317252 0.879437 0.8578551 0.8488844 0.8518207 0.8545997 0.8483377 0.8457584 0.8540054 0.8476458 0.8581911 0.8629984 0.8602011 0.8588089 0.8562962 0.8576879 0.8596798 0.8629149 0.8650103 0.8701842 0.8711702 0.8741912 0.8794143 0.88004 0.8817407 0.8849094 0.8833401 0.8836324 0.8872392 0.8869013 0.8877704 0.8902458 0.8935395 0.8919804
0.7149687 0.7314598 0.743239 0.725376 0.719764 0.7296888 0.7507987 0.776877 0.7634688 0.7657574 0.7585416 0.7467303 0.7517852 0.7579374 0.7539267 0.7728689 0.7732663 0.7795246 0.7802418 0.7793947 0.7820241 0.7741129 0.776521 0.7802672 0.7833695 0.7867501 0.7893501 0.7919599 0.8003973 0.8222346 0.8316237 0.8228552 0.8468227 0.8393734 0.8217151 0.8488383 0.8517182 0.8567738 0.8481585 0.8385991 0.8377608 0.8456292 0.8453913 0.8445879 0.8528773 0.8550343 0.8546284 0.8580084 0.8602726 0.857975 0.8597171 0.8616596 0.8649769 0.8688708 0.8716204 0.8736155 0.8759794 0.8778619 0.8808264 0.8836818 0.8853694 0.8841712 0.8853673 0.8864498 0.887024 0.8881485 0.8937864 0.9141698 0.9083555
0.7127377 0.7137176 0.7184536 0.7180748 0.7263486 0.7499086 0.7639824 0.7645772 0.7440066 0.7498512 0.7541491 0.7472277 0.7509367 0.7578586 0.7600485 0.765448 0.7697263 0.7774107 0.7785007 0.7812046 0.7826146 0.7921128 0.7833897 0.7830123 0.7860827 0.7871861 0.790413 0.7947053 0.8053593 0.8107305 0.8131922 0.8140656 0.8324216 0.8206987 0.8190416 0.8543337 0.8364119 0.8328195 0.8309276 0.8319244 0.8346155 0.8382034 0.841361 0.8434229 0.8545769 0.8564211 0.861261 0.860092 0.8608511 0.8628716 0.8642966 0.8668495 0.8666854 0.869739 0.8732331 0.8722788 0.8766317 0.8797952 0.8831198 0.8851507 0.8848294 0.8870391 0.8867625 0.8896767 0.8886542 0.8886542 0.8939936 0.8980411 0.9062279
0.719174 0.7205386 0.7219517 0.7228823 0.7291551 0.7495147 0.7554842 0.7410908 0.7406529 0.7512439 0.752871 0.7483135 0.7543834 0.7627386 0.7630509 0.7652483 0.7732656 0.7826459 0.7768225 0.7776526 0.7853739 0.7866457 0.7843714 0.7876592 0.7893771 0.7893771 0.7897872 0.7943008 0.7981622 0.8261433 0.823659 0.8157506 0.8126156 0.8190067 0.8167891 0.8352149 0.8386933 0.8507069 0.8408377 0.8387702 0.8356199 0.8380016 0.8398232 0.8426701 0.8453468 0.8520858 0.8529554 0.8594676 0.8606322 0.8601511 0.8650343 0.8679978 0.8675973 0.8680449 0.8710513 0.8742354 0.8757024 0.8780002 0.8798058 0.8825676 0.8860189 0.885538 0.8871955 0.8883506 0.8915119 0.8948325 0.8967298 0.8981302 0.8985086
0.7168227 0.718788 0.7214638 0.7244518 0.726692 0.7305661 0.7409718 0.7437418 0.7380809 0.7402717 0.774563 0.7580094 0.7498557 0.7523285 0.7580125 0.7592273 0.7656848 0.7756709 0.7770786 0.7786434 0.778384 0.7836988 0.7865248 0.7844836 0.7878711 0.7906127 0.7927057 0.797449 0.8007475 0.8071 0.8232557 0.8253772 0.8161132 0.8165097 0.8207378 0.8272065 0.8391687 0.837627 0.850763 0.8452057 0.8404229 0.8409064 0.8473149 0.8454829 0.8470539 0.8513628 0.8564201 0.8565311 0.8622795 0.8688967 0.8643361 0.8664671 0.8679993 0.8705118 0.8737359 0.8742354 0.8800741 0.882993 0.8850258 0.8840576 0.8873462 0.887762 0.8882076 0.8903986 0.8907712 0.8922299 0.8946448 0.9029081 0.8998488
0.7202174 0.7225681 0.7250985 0.7279403 0.7306952 0.7348182 0.7388525 0.7400163 0.7417509 0.745114 0.7636089 0.7546018 0.7529134 0.7556281 0.7586403 0.7620813 0.7684395 0.7786639 0.7767345 0.7807867 0.7800958 0.7826081 0.7855355 0.7871593 0.7895904 0.7930909 0.7954141 0.7994625 0.8035179 0.8067919 0.8125831 0.8186389 0.8182069 0.8180345 0.8218257 0.8281213 0.8333437 0.8354651 0.8433912 0.840045 0.8450117 0.8511416 0.8481067 0.8488752 0.8513259 0.8526758 0.8564942 0.8590719 0.8654343 0.8689594 0.8659427 0.8667063 0.8712271 0.8722414 0.8792489 0.8770649 0.8835844 0.883825 0.8855582 0.8865372 0.8872879 0.8892611 0.8898152 0.8914579 0.8924735 0.8929944 0.8944746 0.9115449 0.8966388
0.7248659 0.7262776 0.7289273 0.7314901 0.7347594 0.7370135 0.7399716 0.742574 0.7445546 0.7484273 0.7569716 0.7540344 0.7556333 0.7584572 0.761975 0.7656561 0.7716498 0.7835687 0.7797583 0.7848412 0.7842531 0.7850084 0.788563 0.7898909 0.7925535 0.7960203 0.7985736 0.8040391 0.8080654 0.8101118 0.8129538 0.816589 0.8188976 0.8226563 0.8249511 0.8317349 0.8343217 0.8385183 0.8389891 0.843143 0.845815 0.8473994 0.8489515 0.8509974 0.8531367 0.8549689 0.8580782 0.8606084 0.8634819 0.8690773 0.8683969 0.8687177 0.8714767 0.8732381 0.8755813 0.8777114 0.88188 0.8836677 0.8854982 0.8869734 0.889279 0.8910938 0.891229 0.8928517 0.8941166 0.8952925 0.9051325 0.9109287 0.8966752
0.728385 0.730049 0.7324207 0.7353663 0.737429 0.7403286 0.7431372 0.7453245 0.7478158 0.7532576 0.75397 0.7556448 0.7589421 0.7622722 0.7656338 0.7679657 0.7746545 0.7813833 0.7811195 0.7844527 0.7859533 0.7886643 0.7900687 0.7925476 0.7962329 0.7991379 0.8023167 0.8055025 0.8093595 0.8128249 0.8150997 0.8190937 0.8213631 0.8249496 0.8270715 0.8298435 0.8342963 0.8363324 0.8396716 0.8427226 0.8453501 0.8474184 0.8495868 0.8526455 0.8555326 0.858906 0.8617038 0.8635255 0.8663521 0.8675339 0.8697221 0.870921 0.873635 0.8757485 0.8780491 0.8860784 0.8875047 0.8863519 0.890393 0.8897249 0.8927981 0.8980362 0.8935195 0.8946015 0.8958557 0.8978116 0.9165878 0.9247873 0.904242
0.7381886 0.7369276 0.7359759 0.7382452 0.7409544 0.7441026 0.7463644 0.7486658 0.7511379 0.7582805 0.7557948 0.7587716 0.7623113 0.7654853 0.7688224 0.7711289 0.7779838 0.7812431 0.7832019 0.7858442 0.7881094 0.7898635 0.7930899 0.7960662 0.7985256 0.8017899 0.8049303 0.8088736 0.8119012 0.815197 0.8182283 0.8216542 0.8242815 0.8274308 0.8304384 0.8315806 0.8371071 0.8410858 0.8421314 0.8475209 0.8528835 0.8506717 0.8529269 0.8554103 0.860369 0.8597258 0.8623452 0.8647819 0.8675628 0.8704187 0.8741451 0.8776754 0.8959709 0.88268 0.8799234 0.8872526 0.8953393 0.8949425 0.8902262 0.8950865 0.8925794 0.8931597 0.8961657 0.8998754 0.9024516 0.9012168 0.9066799 0.9261927 0.9188172
0.7393174 0.7408236 0.7399907 0.7418481 0.7442771 0.7467463 0.7495204 0.7520682 0.7582279 0.7582013 0.7590042 0.761959 0.7650785 0.768626 0.7715414 0.775014 0.7828291 0.7844725 0.786006 0.7882222 0.7912518 0.7937693 0.7960377 0.7984522 0.8011432 0.8051679 0.8092008 0.8119202 0.8143786 0.8257304 0.8498383 0.8516295 0.8350874 0.8400522 0.8460686 0.838272 0.8540459 0.843782 0.8540677 0.8640635 0.8569118 0.8578257 0.8573857 0.8588973 0.8605019 0.8624599 0.8641073 0.8672928 0.8785067 0.8773391 0.8741449 0.8797437 0.889255 0.8865198 0.8817346 0.8863888 0.8910841 0.8895951 0.8933185 0.8940461 0.9031701 0.9083903 0.9120608 0.9109854 0.9160812 0.9064455 0.9029815 0.9123399 0.9112356
0.7405085 0.7429286 0.7432734 0.7452483 0.747529 0.7498493 0.7527381 0.7568559 0.7629963 0.7601691 0.7628042 0.7658694 0.768436 0.771298 0.775777 0.7858435 0.7831017 0.7859089 0.7888703 0.7911898 0.7941896 0.7973382 0.7995749 0.8015597 0.8042176 0.8135114 0.823092 0.8309522 0.8417431 0.8396471 0.8710522 0.8528582 0.8713506 0.870298 0.8503655 0.8465071 0.8688167 0.8579689 0.8582582 0.8556029 0.857167 0.8585677 0.8584747 0.8606016 0.8614943 0.8635386 0.8658023 0.8681493 0.8805304 0.8756022 0.87673 0.8815027 0.8802533 0.8815825 0.8856196 0.8858755 0.8907448 0.8975618 0.8942394 0.8971888 0.905915 0.9197705 0.938153 0.9318177 0.9160814 0.9037728 0.9033575 0.9073833 0.903477
0.7426897 0.744567 0.7464862 0.7487112 0.7512406 0.7536767 0.7607839 0.7696492 0.7625309 0.764317 0.7682545 0.770238 0.7730467 0.7756194 0.7798086 0.7824357 0.7862155 0.7879363 0.7923256 0.7947481 0.7963938 0.8005706 0.8029081 0.8055225 0.8078821 0.8134309 0.824171 0.8370395 0.8257551 0.8439363 0.866255 0.8805099 0.8876935 0.8685846 0.8524674 0.8662298 0.8655813 0.8627962 0.8722045 0.8541073 0.85377 0.8563218 0.8596358 0.8617189 0.8627002 0.8648334 0.8669205 0.8705513 0.8749259 0.8761953 0.8771498 0.8826755 0.8824446 0.8834697 0.8882631 0.887821 0.8926029 0.8936964 0.9076009 0.9028232 0.9140663 0.9193785 0.9212775 0.9177638 0.9123093 0.9065078 0.9034191 0.9035762 0.9036536
0.7465224 0.7482544 0.7501593 0.7523689 0.7550148 0.7570367 0.7597574 0.7621166 0.7643782 0.7673354 0.769795 0.7737421 0.7767919 0.7790759 0.7819162 0.783723 0.789921 0.7926732 0.795975 0.7987652 0.7998514 0.8034678 0.806303 0.8094143 0.8102844 0.8154028 0.8227906 0.8202279 0.8321328 0.8546672 0.8649868 0.8625429 0.8610219 0.8574976 0.870441 0.8674217 0.8543217 0.8525587 0.8593994 0.8595786 0.8621184 0.8573279 0.8599354 0.862506 0.8642403 0.8665956 0.8686398 0.8718296 0.8751001 0.8765974 0.8797609 0.884055 0.8847114 0.8859629 0.8888663 0.8894479 0.897591 0.8971971 0.9009856 0.9009715 0.9034069 0.9062955 0.9083056 0.9113001 0.9172745 0.9056041 0.9088905 0.9047793 0.9077761
0.750684 0.7526671 0.7554846 0.7582086 0.7587201 0.7604598 0.7647511 0.7649734 0.7672153 0.7697544 0.7725895 0.7766464 0.7798054 0.7819327 0.7856746 0.7879849 0.7927626 0.7938985 0.7977008 0.8008594 0.8027094 0.8052358 0.8089658 0.8107209 0.8131466 0.8162435 0.8192165 0.825245 0.8489293 0.8589491 0.8559408 0.8578445 0.8622652 0.8705299 0.8827976 0.8692096 0.8546766 0.8670732 0.8522395 0.8551641 0.8577944 0.8595972 0.8618967 0.8642921 0.8665149 0.8681641 0.8709623 0.8742429 0.8762778 0.8782654 0.8823153 0.8852462 0.8859968 0.8880056 0.8917995 0.8919498 0.8960436 0.9013417 0.9003119 0.9009365 0.9034809 0.9052828 0.9063416 0.907987 0.9071592 0.9149023 0.9077977 0.9058056 0.9081286
0.7535852 0.7572762 0.7602115 0.7622582 0.761959 0.7636817 0.7662339 0.7686876 0.7706447 0.7728983 0.775447 0.7790841 0.7824846 0.7882944 0.7883043 0.7911181 0.7943436 0.7967757 0.7994907 0.8022224 0.8049691 0.8071997 0.810104 0.8124884 0.8158075 0.8194041 0.8255279 0.8462524 0.8498573 0.8461598 0.8598517 0.8553405 0.8627766 0.8741916 0.8752271 0.8726586 0.8487294 0.8515296 0.8539081 0.8562604 0.8592473 0.8616719 0.8630008 0.8654867 0.8676679 0.8700718 0.8722979 0.8748739 0.8777975 0.8847815 0.8874624 0.8883696 0.8878915 0.8901291 0.8934911 0.8937404 0.8983087 0.9009162 0.9013231 0.901257 0.9027134 0.9056911 0.9049999 0.9059627 0.9063166 0.9101872 0.908127 0.9081206 0.9083061
0.7566835 0.7589042 0.7614282 0.763327 0.7691013 0.7672324 0.7697663 0.7720686 0.7745353 0.7762381 0.7788978 0.7819828 0.7844327 0.7871734 0.7896734 0.7919317 0.7974452 0.7995847 0.8018741 0.8052387 0.8075581 0.8098903 0.8126304 0.8149825 0.8174741 0.8207723 0.8276578 0.8467543 0.8427579 0.8550829 0.8530701 0.8547662 0.8519409 0.8557398 0.8552779 0.8469697 0.8522748 0.853044 0.8553821 0.8582243 0.8606395 0.8630231 0.8647088 0.8671538 0.8692939 0.8715244 0.8741082 0.8767771 0.8797936 0.8842173 0.8884541 0.8890591 0.8902653 0.8922031 0.8954113 0.896961 0.9005291 0.9008467 0.9008276 0.9016681 0.9031014 0.9051265 0.9068117 0.9060269 0.9071637 0.9068956 0.9124084 0.9105289 0.908577
0.7601113 0.761789 0.764298 0.7663136 0.7687619 0.7707148 0.772701 0.7749842 0.777563 0.7796426 0.7813535 0.7842834 0.7863129 0.7895586 0.7925631 0.7947951 0.7999498 0.8024588 0.804455 0.8076578 0.8096826 0.8118518 0.81509 0.8172773 0.8198707 0.823401 0.8301193 0.8343168 0.8574941 0.8545181 0.8484865 0.8603643 0.8608189 0.8613941 0.8628842 0.8504224 0.8550951 0.8556923 0.8573264 0.8598634 0.8622381 0.864714 0.866625 0.8688971 0.8712624 0.8738511 0.875997 0.8780959 0.8813396 0.8846655 0.8901893 0.8914221 0.8925989 0.8949117 0.8970278 0.8989451 0.9033723 0.9043276 0.902819 0.9011074 0.902252 0.9039903 0.9048584 0.9060525 0.9089039 0.909687 0.9098653 0.9123672 0.9132011
