02_Processed_Data/Guangdong-driving/Rain/txt/gd-txt-95.txt
ncols         755
nrows         605
xllcorner     491130
yllcorner     2101946
cellsize      1000
NODATA_value  -9999
[rows 124 to 154 of 605, columns 276 to 344 of 755]
0.4088728 0.3717482 0.3809752 0.3781243 0.3771166 0.3460901 0.361082 0.3555577 0.3384865 0.322338 0.3226024 0.3235052 0.3789758 0.3839661 0.3717915 0.3421847 0.3212944 0.3391158 0.3731416 0.3709999 0.3749206 0.3734021 0.3744007 0.3705538 0.3617299 0.335914 0.321046 0.3538567 0.3706121 0.362207 0.3537779 0.355351 0.3316323 0.3355631 0.3144823 0.3095473 0.3083268 0.3076168 0.3062159 0.3311093 0.3435301 0.3197427 0.319997 0.3378757 0.3211072 0.3132738 0.3250711 0.323211 0.3241371 0.3286518 0.3359532 0.3429669 0.3368589 0.3219072 0.3140213 0.3101268 0.3250631 0.3549533 0.3790765 0.3434221 0.2994751 0.3069758 0.3350464 0.3541429 0.3549067 0.2896118 0.2879359 0.2869123 0.2852045
0.3960457 0.3771815 0.3782454 0.3866423 0.3810862 0.363852 0.3598384 0.3591388 0.3521139 0.3451897 0.3253997 0.3219058 0.3520702 0.3768815 0.3845274 0.3558655 0.3234722 0.3747621 0.3841685 0.3827039 0.3872941 0.3800275 0.3809002 0.3758568 0.3707871 0.351661 0.3282353 0.3196334 0.3601799 0.364217 0.3583364 0.3526985 0.3287209 0.3298526 0.3122595 0.3097362 0.3086577 0.3111603 0.3105691 0.30862 0.3250436 0.3119676 0.309826 0.3088639 0.3034739 0.3263831 0.3229492 0.3198949 0.323103 0.3265574 0.3306597 0.3455701 0.3366639 0.3340211 0.3265459 0.3158425 0.2983047 0.3164368 0.352735 0.3387477 0.2913416 0.2996477 0.293103 0.2894845 0.2874515 0.2867366 0.2862721 0.2835219 0.2850286
0.4136773 0.3943835 0.3777795 0.3786828 0.3625546 0.3624596 0.3564426 0.3544094 0.3467213 0.3332488 0.3236486 0.3247017 0.3238544 0.3585415 0.3857409 0.3445091 0.3285777 0.3764015 0.3880918 0.3977468 0.4067554 0.4007022 0.3859208 0.3768694 0.3774308 0.3633913 0.3474593 0.3180143 0.3314282 0.3561954 0.3550027 0.346967 0.3451904 0.3344324 0.3318056 0.3123246 0.3095196 0.3129655 0.3133177 0.3072389 0.307106 0.3110037 0.3179512 0.3105882 0.3068097 0.3130221 0.3287141 0.3200543 0.3176568 0.3282064 0.345553 0.3266501 0.3268441 0.3304941 0.3315843 0.3164786 0.3080385 0.2995791 0.3257263 0.3189678 0.2898909 0.2888543 0.2911373 0.2896649 0.2908459 0.2860017 0.2871489 0.2833403 0.2835207
0.4268687 0.4063535 0.391359 0.3720516 0.36744 0.3640025 0.361471 0.3605143 0.3535016 0.3494027 0.3380448 0.3325612 0.3227773 0.3427444 0.3490633 0.3311608 0.3318056 0.3698669 0.3930785 0.3960482 0.4041218 0.396203 0.3988335 0.3764054 0.3661482 0.3642878 0.3577226 0.3298756 0.3164685 0.352849 0.355141 0.3496543 0.3452127 0.3451588 0.3203532 0.3122407 0.3097115 0.3103629 0.3231437 0.3105284 0.3080004 0.3057663 0.3080488 0.3148485 0.3122809 0.3132959 0.3228481 0.3274329 0.3160878 0.3212993 0.3417306 0.3284519 0.318228 0.3176095 0.3140303 0.3113675 0.3088192 0.2950286 0.2975176 0.2929123 0.289644 0.2888839 0.2877057 0.2871778 0.2911718 0.284602 0.2830889 0.2827609 0.2943113
0.4075733 0.4059974 0.3935498 0.3904445 0.3707095 0.3621899 0.3630101 0.3679493 0.3594706 0.3563154 0.3448299 0.3389479 0.3236942 0.3226995 0.3232773 0.322236 0.3565506 0.3726957 0.3874823 0.3927364 0.3994741 0.3982579 0.3790786 0.3902572 0.3685015 0.3718639 0.3522063 0.3394751 0.3168617 0.3255713 0.3166538 0.3132117 0.3282534 0.3314171 0.3326854 0.3319246 0.309901 0.3094937 0.3093303 0.3084766 0.3072918 0.3070698 0.3081603 0.322722 0.3210978 0.3076958 0.3266077 0.333876 0.3157226 0.3158637 0.322401 0.3339983 0.3299337 0.328122 0.3222797 0.3124076 0.3075961 0.2938177 0.2919107 0.2910536 0.289533 0.2891835 0.2897507 0.2852273 0.2852273 0.2850926 0.2836058 0.2830372 0.28352
0.3902029 0.402687 0.3836836 0.378708 0.3635291 0.3626447 0.3611946 0.3771173 0.3693143 0.3660322 0.3601761 0.3536206 0.3375562 0.3340305 0.3339491 0.3232923 0.3599022 0.3752501 0.3932585 0.3928991 0.4013806 0.4053945 0.3858208 0.3948691 0.383417 0.383417 0.3767617 0.3782362 0.3526802 0.3553075 0.3604499 0.342172 0.314939 0.3292058 0.3399993 0.3391379 0.3370496 0.3104894 0.3092905 0.3092701 0.3086415 0.3075171 0.319188 0.3161484 0.3134887 0.323234 0.3081039 0.3275604 0.3237424 0.3249837 0.3282094 0.3184467 0.3190913 0.341106 0.3294111 0.3170282 0.3044922 0.2982254 0.2920749 0.2913795 0.2906808 0.2891577 0.2890852 0.2885944 0.2866178 0.2842234 0.283147 0.2825883 0.281479
0.3479928 0.3730917 0.4053921 0.3630995 0.3475526 0.3536639 0.3523829 0.3565609 0.3786475 0.383301 0.3758761 0.3710985 0.3657555 0.3587811 0.3434974 0.3284611 0.327158 0.3399856 0.362421 0.3951466 0.4008391 0.4051567 0.4198897 0.4133106 0.4162105 0.4113197 0.3944902 0.3823378 0.3589302 0.3443212 0.3405157 0.3398944 0.3238779 0.3306907 0.3298629 0.3485295 0.3263977 0.3194871 0.3096202 0.308942 0.3083225 0.3080091 0.3138144 0.3204026 0.3110735 0.3102709 0.3105148 0.3283802 0.3355347 0.3298342 0.3277224 0.3233173 0.3194267 0.3189916 0.3170661 0.3145862 0.3087447 0.3008805 0.2927376 0.2912511 0.291233 0.2901207 0.2875218 0.2871747 0.2853414 0.2836246 0.2828256 0.2834781 0.2881196
0.3509505 0.3710999 0.3706062 0.3518792 0.3441013 0.3453982 0.3502808 0.3536613 0.3860621 0.392061 0.3786191 0.3834877 0.3758768 0.3473803 0.3386558 0.3233678 0.3258117 0.3235611 0.3326174 0.3816363 0.3973727 0.4050466 0.3859304 0.3879284 0.4204129 0.4344075 0.4288317 0.4066303 0.3913806 0.3733053 0.3616219 0.3463044 0.3226795 0.3244221 0.3285483 0.3361287 0.3343273 0.3133979 0.3103497 0.3092809 0.3084044 0.3074334 0.3089768 0.3126339 0.3321772 0.3158771 0.3113247 0.30862 0.3359648 0.3290713 0.3337878 0.3275214 0.3319293 0.3122536 0.3192954 0.3138845 0.3025737 0.2935254 0.2940705 0.2919267 0.2903201 0.2944244 0.2882313 0.2862924 0.2863387 0.283564 0.282775 0.2815688 0.2827491
0.3445298 0.3613364 0.3494685 0.3469442 0.3431875 0.3351337 0.349913 0.3541027 0.3752651 0.3814046 0.3781441 0.37298 0.3480037 0.324626 0.3294055 0.3527378 0.3435637 0.3360993 0.3332871 0.362263 0.3845455 0.3964993 0.4013451 0.3918517 0.3945018 0.4538783 0.4457686 0.4427206 0.4235832 0.3874475 0.3604002 0.3322586 0.329627 0.3197608 0.3169501 0.3163855 0.3282188 0.313583 0.3118797 0.3094859 0.3090203 0.3079263 0.3106815 0.3303866 0.3496799 0.3434168 0.3287096 0.3141147 0.3174127 0.3144066 0.3263526 0.3229038 0.3227771 0.3168814 0.312704 0.2976883 0.2942767 0.2929819 0.2922024 0.2923385 0.2915469 0.3170482 0.2992277 0.2976994 0.2848033 0.2841749 0.2819277 0.2807319 0.2796529
0.3336872 0.3475507 0.3372956 0.3383948 0.3266453 0.3275543 0.3411248 0.3490633 0.3564384 0.355897 0.3463693 0.3352092 0.3256365 0.3353928 0.3625142 0.3470938 0.353971 0.3616226 0.3530701 0.365212 0.3841587 0.3905072 0.3902787 0.4003177 0.393753 0.3907723 0.4467732 0.4371756 0.4128271 0.3967756 0.3681342 0.3297086 0.3552957 0.3279176 0.3283228 0.3136324 0.3126484 0.3115095 0.3122082 0.3102253 0.3085693 0.3086871 0.3103848 0.324752 0.3379061 0.3279101 0.3198979 0.3144045 0.3007518 0.3024314 0.3163798 0.3185565 0.3036082 0.298664 0.2958362 0.2948579 0.2939931 0.292442 0.2916728 0.2915524 0.2913092 0.2891598 0.2877937 0.28681 0.284741 0.2855916 0.2826873 0.2811011 0.280433
0.3315457 0.3468786 0.3357009 0.326524 0.3262646 0.3266451 0.3303351 0.3465612 0.3522049 0.3373659 0.3327961 0.3261976 0.3242427 0.3516525 0.3699588 0.3569539 0.3580919 0.3656188 0.3699099 0.3749757 0.3720048 0.3726146 0.3816203 0.3884608 0.3939383 0.3829462 0.394923 0.4213214 0.393266 0.3666646 0.3718566 0.3306338 0.342996 0.3515904 0.3270063 0.3176488 0.3137474 0.3122261 0.3130713 0.3104313 0.3097213 0.3087821 0.3095555 0.3065689 0.3084996 0.3097413 0.3029509 0.3064189 0.2990521 0.2996741 0.2998749 0.3016572 0.2987466 0.2963498 0.2959356 0.2961691 0.2951817 0.2927065 0.2918146 0.294241 0.2906752 0.2918741 0.291186 0.2872761 0.285351 0.2864791 0.2827842 0.2808081 0.2801503
0.3256663 0.3262933 0.3323677 0.3258663 0.3258794 0.3259986 0.3264908 0.3364349 0.3478341 0.3299356 0.3281791 0.3243918 0.3284528 0.3455831 0.3748606 0.3730943 0.3644823 0.3791042 0.3781908 0.377384 0.3805707 0.3821264 0.3883348 0.3834207 0.3905126 0.3926324 0.3710636 0.3923834 0.4119401 0.3749216 0.3549905 0.3459972 0.3412577 0.3689801 0.3518931 0.3395948 0.3172561 0.3124175 0.3115387 0.3094568 0.3116761 0.3095459 0.3081942 0.3086894 0.3205143 0.3313952 0.3283508 0.3173974 0.3016269 0.2985218 0.2987334 0.301728 0.2968255 0.2965755 0.2956381 0.2990864 0.2961073 0.2955118 0.2919604 0.2905261 0.289512 0.2915227 0.293382 0.291752 0.2879686 0.289508 0.2839546 0.285727 0.2830774
0.3263239 0.3250869 0.3247584 0.3245371 0.3244223 0.3242807 0.324646 0.3299229 0.3393161 0.3261089 0.3236926 0.3358006 0.3428168 0.3634414 0.3729419 0.3853557 0.3675284 0.375208 0.3817908 0.3840684 0.4033064 0.3903001 0.3858237 0.3858662 0.3837441 0.3842699 0.3661872 0.3784269 0.4068175 0.4032317 0.3937389 0.3736601 0.3542255 0.3566914 0.3749086 0.3667657 0.334134 0.3118226 0.3110858 0.3128493 0.3122981 0.3104456 0.3087045 0.3086765 0.3169036 0.3370188 0.3349211 0.3295934 0.3205014 0.3020453 0.2987967 0.2981977 0.2973111 0.2964045 0.295478 0.2950657 0.2961023 0.2953842 0.2923776 0.29042 0.2892882 0.2899748 0.2911773 0.2911603 0.2864532 0.2845322 0.2874 0.2842436 0.281471
0.3263098 0.3257454 0.3246213 0.3261411 0.3262996 0.3266983 0.3248005 0.3240769 0.3238598 0.3233481 0.3260128 0.3469555 0.3638734 0.3742123 0.3781069 0.3855833 0.37338 0.3714437 0.3823143 0.3828638 0.3854001 0.389115 0.3853171 0.3855041 0.3828575 0.3769767 0.3704019 0.3761014 0.3824441 0.4237883 0.4153756 0.3804682 0.353825 0.352425 0.3633003 0.3718792 0.3597126 0.3177184 0.3308981 0.3261487 0.3133229 0.3116149 0.3168269 0.3087997 0.3098288 0.3137732 0.3206392 0.3282903 0.3254928 0.3063735 0.300199 0.297475 0.2974005 0.2966383 0.2958561 0.2950545 0.2943666 0.2945938 0.2927997 0.2912534 0.2894704 0.2884324 0.2887113 0.2891057 0.2873464 0.2853028 0.287781 0.2859704 0.2829415
0.3262919 0.3254662 0.3250152 0.3350855 0.3516937 0.3319171 0.3248193 0.3271733 0.3274976 0.3308649 0.3487757 0.3605155 0.3684843 0.3782976 0.3843402 0.385275 0.3815036 0.3742295 0.384174 0.3902147 0.3989102 0.3885984 0.3820034 0.3831364 0.3719446 0.368347 0.371676 0.3896856 0.3882851 0.399159 0.4094737 0.3816626 0.3781586 0.3627322 0.3705435 0.3668339 0.3405075 0.3217807 0.3176048 0.3154084 0.3254364 0.3324283 0.3313764 0.3368532 0.3213188 0.3108515 0.3095788 0.3086852 0.3120424 0.3123079 0.3002705 0.299026 0.2978946 0.2968765 0.2958385 0.2953148 0.2953056 0.2947429 0.2920253 0.2956969 0.2907265 0.2915686 0.2922588 0.2885258 0.2873113 0.2860798 0.2864328 0.2853004 0.2833504
0.3268053 0.3261186 0.3254067 0.3253366 0.3415371 0.3321941 0.3272394 0.3325377 0.3358074 0.3460054 0.3565776 0.3846358 0.3704212 0.3806441 0.3915086 0.3887094 0.3838781 0.3818275 0.3805519 0.3922176 0.3985175 0.3959699 0.380562 0.3787644 0.3756042 0.3708144 0.3728173 0.3611587 0.3792877 0.3780072 0.3980921 0.4047835 0.3851144 0.3913564 0.3824678 0.3799727 0.3499142 0.3301263 0.3156732 0.3186944 0.3259337 0.3472417 0.3460675 0.3403257 0.3383051 0.3366637 0.3129474 0.3061908 0.3048865 0.307166 0.3072885 0.2995137 0.2983936 0.2973868 0.296627 0.2962479 0.295716 0.295031 0.2923244 0.292002 0.2905197 0.2915065 0.2962131 0.2927583 0.2887515 0.2902009 0.2850914 0.2831689 0.2810964
0.3274494 0.3265019 0.3280655 0.3257324 0.3288472 0.331669 0.3339306 0.3385735 0.3554909 0.3592799 0.358764 0.3794779 0.3723573 0.3795146 0.3937302 0.3896037 0.3776965 0.3792651 0.376663 0.3887397 0.3935802 0.3917113 0.3856722 0.3763989 0.3854152 0.3711443 0.3708852 0.3525532 0.3613353 0.3545843 0.3440655 0.3577203 0.3970188 0.4132987 0.3969348 0.3629005 0.3454199 0.3259104 0.321621 0.3217165 0.3292423 0.3351873 0.335629 0.3349787 0.334039 0.3277299 0.3140503 0.3067714 0.3045442 0.3053665 0.316987 0.3118882 0.3010338 0.2989705 0.2974209 0.2949171 0.2951974 0.2942568 0.2924958 0.2916507 0.2909873 0.2921186 0.2981716 0.2963298 0.288863 0.2865856 0.2841571 0.2829133 0.2821868
0.32916 0.3278179 0.3269849 0.3254594 0.3296491 0.3352821 0.3427679 0.3488907 0.3567248 0.3749604 0.3652284 0.3676354 0.3781706 0.3868076 0.3892681 0.3783329 0.3815422 0.3689497 0.376785 0.381252 0.3840987 0.385449 0.384902 0.3836606 0.3707629 0.3742833 0.3609341 0.3503671 0.3606307 0.3417254 0.3361644 0.3448837 0.3525092 0.3658594 0.3846671 0.3717668 0.3526933 0.3380081 0.3326581 0.3270176 0.3488649 0.3565595 0.3463175 0.3405987 0.3303123 0.3167975 0.3122214 0.3165691 0.3075442 0.3042396 0.3050523 0.3186697 0.3194441 0.3075016 0.3011575 0.2981311 0.2952188 0.2933551 0.2930741 0.2911723 0.2915947 0.2910021 0.2905247 0.2925657 0.2887148 0.2873831 0.2859004 0.2848012 0.2895593
0.3307354 0.3352757 0.3293745 0.3275888 0.3263119 0.3429102 0.346794 0.3461061 0.3572906 0.3703205 0.3761049 0.3662213 0.3845194 0.3954382 0.3914909 0.3800308 0.3975545 0.38417 0.3798497 0.3799151 0.3865176 0.3858733 0.382663 0.3822348 0.3831178 0.3740827 0.3632846 0.3525951 0.3585918 0.3439757 0.3431054 0.3451516 0.3428956 0.3459634 0.3499429 0.3629897 0.3572965 0.3558582 0.3475785 0.3418159 0.3660856 0.3847544 0.3848181 0.3633356 0.3208421 0.3156294 0.3146697 0.3210376 0.3161578 0.3064558 0.3051443 0.3058147 0.3162166 0.3311533 0.3365779 0.300417 0.2979167 0.2965983 0.2951274 0.2928364 0.2912748 0.2914947 0.2902277 0.2905447 0.2905766 0.2873871 0.2849813 0.2973803 0.2878616
0.3305743 0.3301799 0.3384448 0.3267806 0.3264455 0.3347631 0.3319735 0.3338313 0.3431512 0.3608687 0.3709397 0.3712252 0.3775004 0.3804073 0.3827528 0.39296 0.4149053 0.3936432 0.3699485 0.3765748 0.3777092 0.3706582 0.3510152 0.3603572 0.3682031 0.3630562 0.3524029 0.3465374 0.3533476 0.3408821 0.333606 0.3447546 0.3402375 0.3310173 0.3348748 0.3360349 0.346797 0.3727764 0.3862996 0.3614314 0.385049 0.4025266 0.3876288 0.3578696 0.3366444 0.3214131 0.3127178 0.3114816 0.3074202 0.3074764 0.3063102 0.3071258 0.310591 0.3318207 0.3348508 0.320615 0.2994196 0.2977123 0.2958524 0.2942405 0.2918969 0.2925288 0.2926083 0.3022847 0.2939148 0.2869986 0.2930149 0.3071738 0.2995297
0.3300125 0.3292242 0.3284117 0.3313129 0.3268464 0.3545575 0.3420128 0.3432128 0.338906 0.3431294 0.3562839 0.3655356 0.383852 0.3648432 0.3750862 0.3879769 0.3997719 0.3971025 0.3712791 0.3605364 0.3713099 0.3656068 0.3751189 0.3863434 0.3765536 0.361926 0.3570324 0.3475688 0.3598718 0.3498241 0.3325327 0.3289874 0.3334388 0.3283748 0.3282332 0.3310093 0.337238 0.3411704 0.3477537 0.3695543 0.3407833 0.3633528 0.3753385 0.3798154 0.3802594 0.3290781 0.3141098 0.3155551 0.3124403 0.3117073 0.3074823 0.3076422 0.3073812 0.3099034 0.3162853 0.3160988 0.2999948 0.2974983 0.2957837 0.2929819 0.296932 0.2974421 0.3175806 0.3024147 0.2901853 0.2880867 0.3032009 0.3077509 0.2986476
0.3297176 0.3293371 0.3281311 0.3277022 0.3288505 0.3540322 0.3489822 0.3564739 0.3663462 0.3475839 0.3485817 0.3625217 0.3749651 0.3654577 0.3667533 0.3788517 0.3833041 0.4069816 0.3780937 0.3717734 0.3571599 0.3549437 0.3547073 0.3822531 0.3714051 0.3612005 0.3477624 0.3424547 0.3514268 0.3420591 0.3325334 0.3299356 0.326246 0.3285443 0.3285483 0.3266571 0.3283519 0.3301573 0.3308701 0.3346349 0.3389025 0.3458422 0.3583747 0.3531044 0.3526249 0.3315354 0.3455843 0.3394246 0.3234845 0.3134083 0.3091953 0.3086998 0.3073826 0.3051107 0.3105614 0.3317767 0.3048499 0.2972918 0.2946544 0.2946678 0.3058486 0.319608 0.3384291 0.3004153 0.2891344 0.290919 0.3096576 0.2989784 0.2901611
0.3284888 0.3281156 0.3365336 0.3283646 0.3305886 0.3742302 0.3642419 0.3507528 0.3790831 0.3787785 0.3706944 0.3579058 0.3666155 0.3759678 0.362434 0.3677243 0.3941114 0.4012219 0.3718098 0.3558747 0.357051 0.3476267 0.3556903 0.3697446 0.3812339 0.3721101 0.3653681 0.3441629 0.3546173 0.3551542 0.3418971 0.3307546 0.3298824 0.3259135 0.3302053 0.3259201 0.3252207 0.3257005 0.3250883 0.3283303 0.3278033 0.3401028 0.3374068 0.3384319 0.3455848 0.3598011 0.3699849 0.3451212 0.3297279 0.3324951 0.311316 0.3062933 0.3048546 0.3049975 0.3061884 0.3318209 0.3316382 0.2962921 0.3155732 0.2990321 0.2975486 0.2974146 0.3035379 0.2936209 0.2904953 0.2936265 0.2995457 0.3066587 0.2899664
0.3284888 0.3282301 0.3282407 0.3294292 0.3386104 0.3580667 0.3784342 0.3755151 0.3697634 0.4155903 0.4172751 0.3637208 0.3554615 0.3665616 0.3744277 0.3652896 0.3759121 0.414851 0.3932034 0.3704609 0.3520001 0.3345655 0.3474529 0.3513583 0.3688749 0.3792813 0.378834 0.3556353 0.349524 0.3405809 0.3401695 0.3375952 0.3291146 0.3290325 0.3266543 0.3255899 0.324769 0.3256612 0.3234584 0.3280479 0.3302131 0.3391826 0.3367662 0.3329909 0.347776 0.3547854 0.3584307 0.3498892 0.3438661 0.3304692 0.3127766 0.3078995 0.3044705 0.3035574 0.3039593 0.3099485 0.3271568 0.2966357 0.3283614 0.3166357 0.299405 0.2978146 0.3087626 0.2999187 0.2909306 0.3119799 0.3119027 0.3051241 0.2996649
0.3287296 0.3283466 0.3276975 0.3307629 0.3443661 0.3622265 0.3908913 0.3804943 0.3758208 0.3794116 0.3995543 0.3617849 0.3619578 0.3571589 0.363698 0.3735541 0.3657378 0.3891795 0.3946812 0.3732865 0.3428095 0.3295344 0.3344077 0.3563725 0.3740345 0.3669391 0.3747922 0.3715248 0.3545963 0.3393818 0.3313621 0.3314736 0.3312936 0.3320257 0.3243155 0.3302105 0.3352837 0.3234915 0.3230372 0.3248306 0.3395816 0.3386704 0.3341274 0.3389204 0.3410173 0.3821296 0.383381 0.3668302 0.3439748 0.3292531 0.3138445 0.3097806 0.3101018 0.305997 0.3026729 0.3021325 0.3027738 0.2972547 0.3089394 0.3089394 0.3009611 0.2961974 0.3085083 0.309718 0.2938097 0.3102114 0.3149766 0.3153124 0.3195078
0.3285716 0.3302006 0.3282247 0.3347715 0.3470496 0.3756137 0.3927898 0.3873482 0.3813473 0.3731823 0.3707412 0.350361 0.3600355 0.3662091 0.3559137 0.3617694 0.3645251 0.3545552 0.3675545 0.3536571 0.3288244 0.3258794 0.3282494 0.3308617 0.347221 0.3480498 0.3741208 0.371558 0.3649601 0.3563326 0.3467448 0.3367319 0.3309729 0.3296019 0.3279397 0.325454 0.3264165 0.3297639 0.3266712 0.3254269 0.3348607 0.3624601 0.3608929 0.3635814 0.3642422 0.3618063 0.3784657 0.3608795 0.3400632 0.3255088 0.3267084 0.3233417 0.3112694 0.3074645 0.3081779 0.3088712 0.3015345 0.2996515 0.2985497 0.2988973 0.2965494 0.2959363 0.2945035 0.3307365 0.2923834 0.3061205 0.3213252 0.3476086 0.33711
0.3707163 0.3388176 0.3337949 0.3292884 0.3295666 0.3328916 0.3543788 0.3992373 0.399687 0.3914225 0.3741763 0.3756219 0.3611335 0.3474226 0.3641676 0.3513423 0.3505242 0.3618465 0.3466733 0.3357531 0.3380766 0.3281935 0.3265696 0.3357399 0.3321932 0.3409214 0.3671378 0.3652553 0.342894 0.3535294 0.3501035 0.3457174 0.3350241 0.332061 0.3325501 0.3291386 0.3275752 0.3286626 0.3283896 0.3329064 0.3478412 0.3734478 0.3931496 0.3957169 0.3971923 0.3936994 0.3887139 0.3497498 0.335363 0.3296444 0.3272469 0.3356572 0.3186459 0.3079063 0.3052945 0.3057331 0.3065525 0.3032131 0.2998542 0.3003474 0.3032279 0.3212038 0.3335524 0.3207493 0.2931028 0.3194191 0.3373097 0.3645408 0.3481718
0.3745655 0.3410728 0.3287103 0.3300884 0.3339816 0.334646 0.3522649 0.4010096 0.4144362 0.3859941 0.3819925 0.3752929 0.3560017 0.3357501 0.3356605 0.3457066 0.35038 0.3425955 0.359786 0.3544919 0.3498803 0.3299793 0.3298356 0.3326049 0.3296078 0.3382106 0.3582894 0.3602956 0.348374 0.3440484 0.3417042 0.3524373 0.3471037 0.341479 0.3343602 0.3332338 0.3264695 0.3297074 0.342014 0.3349122 0.3433166 0.3659944 0.3747464 0.3745187 0.3645096 0.3709221 0.3706284 0.3667032 0.3667671 0.3511683 0.3342114 0.3277946 0.3154749 0.3079566 0.3066924 0.3036726 0.302101 0.3010435 0.2996995 0.2986029 0.3047097 0.3129401 0.3341246 0.3175902 0.3015759 0.3164179 0.346219 0.3527404 0.3345119
0.3740053 0.3545613 0.3470153 0.348537 0.3405439 0.3377412 0.3440056 0.3737756 0.4123451 0.3975488 0.3816586 0.3924819 0.3691903 0.3518898 0.3531477 0.3394076 0.3339315 0.3365856 0.3422896 0.3650813 0.3498803 0.3301696 0.3273673 0.3289462 0.3343755 0.33417 0.3574691 0.3433111 0.3590751 0.3712052 0.3517609 0.356223 0.3382014 0.3411452 0.3425948 0.3369353 0.3259065 0.3334339 0.3358599 0.328236 0.3357254 0.3316784 0.3492663 0.3473135 0.3493488 0.3416029 0.3381132 0.359468 0.3505874 0.3402149 0.3394469 0.3349145 0.333436 0.3197712 0.316781 0.3101653 0.3066037 0.3030224 0.3016906 0.3027425 0.3039322 0.3068271 0.313718 0.3148428 0.3007142 0.3120906 0.3374922 0.3306568 0.3212638
0.3731811 0.347733 0.3523611 0.3657898 0.354998 0.3526054 0.3537989 0.3616532 0.4033071 0.3927985 0.3854744 0.4083395 0.3730259 0.3739176 0.366095 0.3583816 0.340483 0.3305851 0.3388366 0.3461315 0.347653 0.3294321 0.3262411 0.326897 0.32606 0.329204 0.3376723 0.3541411 0.3474574 0.349306 0.3554084 0.3554709 0.3390659 0.3298565 0.3380029 0.3359657 0.3327018 0.3332916 0.3299814 0.326782 0.3316189 0.3257129 0.3291426 0.3305447 0.3299191 0.3282019 0.3291367 0.3359321 0.3428394 0.3348861 0.3360022 0.3301456 0.3272093 0.3100887 0.312187 0.3352553 0.324617 0.3108852 0.3038255 0.3018193 0.3238786 0.323048 0.3188566 0.3066249 0.2953242 0.3064375 0.3168782 0.3167394 0.3123049
0.354847 0.364304 0.3677377 0.3822449 0.35943 0.3710839 0.381244 0.3850972 0.4067074 0.3915295 0.3878249 0.4119034 0.3954502 0.3574489 0.3491021 0.3436721 0.3459716 0.3388884 0.3315154 0.3456374 0.3450314 0.3448727 0.3269908 0.3261903 0.3269673 0.3255841 0.34061 0.3477328 0.349484 0.3488047 0.3527804 0.332802 0.3323185 0.3370251 0.3371629 0.3423573 0.3277426 0.3250053 0.3254498 0.3258714 0.3243144 0.3248369 0.3272097 0.327154 0.3262738 0.3320561 0.3307309 0.3236355 0.3371063 0.3313047 0.3195997 0.315363 0.3127094 0.3245987 0.3237728 0.3197183 0.3207234 0.3130191 0.3209364 0.3261604 0.3288696 0.3083999 0.3035578 0.3001653 0.3023613 0.3028034 0.3089758 0.3083146 0.3030901
