02_Processed_Data/Guangdong-driving/Rain/txt/gd-txt-15.txt
ncols         755
nrows         605
xllcorner     491130
yllcorner     2101946
cellsize      1000
NODATA_value  -9999
[rows 124 to 154 of 605, columns 552 to 620 of 755]
0.6191211 0.6182473 0.61822 0.6200311 0.6206834 0.6186992 0.6163347 0.6156758 0.6118873 0.6113373 0.6105188 0.6096593 0.6101047 0.6098248 0.6096172 0.6098785 0.6102461 0.6096823 0.6094708 0.6091653 0.6098385 0.6102428 0.6103701 0.6113946 0.6120785 0.6125886 0.6122684 0.6122136 0.6130338 0.6134406 0.6139176 0.6146955 0.6156038 0.6165569 0.6177858 0.618466 0.6188499 0.618261 0.6181146 0.618494 0.6191404 0.6198229 0.6207368 0.6213546 0.622131 0.622856 0.6235916 0.6245045 0.6252801 0.6261062 0.6269819 0.6278439 0.6287962 0.6295662 0.6305716 0.6317493 0.6325337 0.6333428 0.6342176 0.6355136 0.6370208 0.6380274 0.6395395 0.6416964 0.642679 0.6428565 0.6444894 0.644577 0.6453175
0.6196846 0.6190475 0.621988 0.6206251 0.6178756 0.6162918 0.6150276 0.6143116 0.6130638 0.6117226 0.611148 0.6103223 0.610422 0.6101339 0.6105084 0.610613 0.6109709 0.6104177 0.6103003 0.6101934 0.6104105 0.6100412 0.6111097 0.6112307 0.6123605 0.6128516 0.6129546 0.6127102 0.6138254 0.6143368 0.6149807 0.6156296 0.6165981 0.6171044 0.6177804 0.6183082 0.6188767 0.6190627 0.6194139 0.6189644 0.6193944 0.6200901 0.6209757 0.6216467 0.6222458 0.6229188 0.6237903 0.6245879 0.6253316 0.6261047 0.6268853 0.6276729 0.6285297 0.6293295 0.6302601 0.6313417 0.63226 0.6327426 0.6335839 0.6351181 0.6366541 0.6374384 0.6396135 0.6422134 0.6421826 0.6431075 0.644118 0.6438875 0.6446765
0.6216897 0.6220482 0.6214822 0.6190339 0.6171872 0.615941 0.6148075 0.613719 0.613304 0.6121642 0.6116866 0.6115491 0.6110711 0.6109434 0.611056 0.6116784 0.611414 0.6110814 0.6107617 0.6108947 0.6114982 0.6109447 0.6121532 0.6118333 0.6125638 0.6137514 0.6133898 0.613946 0.6148273 0.6153148 0.615217 0.6160095 0.6171213 0.617538 0.6179551 0.618962 0.6189541 0.619344 0.6196876 0.6198368 0.6198816 0.6203592 0.6212362 0.6218336 0.6224425 0.6230413 0.6237965 0.6245403 0.6253138 0.6260535 0.6267798 0.6275546 0.6282939 0.6291435 0.6299773 0.6313803 0.6318668 0.632273 0.6334772 0.6348928 0.6354316 0.6372271 0.6380784 0.6413814 0.6431841 0.6417903 0.6417645 0.6434542 0.6439025
0.6226087 0.6210077 0.6203149 0.6182581 0.6168082 0.6159217 0.6150675 0.6145152 0.613879 0.6134269 0.6129414 0.6127538 0.6126475 0.6128489 0.6126143 0.6122768 0.6118108 0.6115502 0.612124 0.6117779 0.6116904 0.6123227 0.6128695 0.6126135 0.6129848 0.6134326 0.6136599 0.6145296 0.6153017 0.6161437 0.6162308 0.6168911 0.6177013 0.6177527 0.6177828 0.6186553 0.619399 0.6199279 0.6206844 0.6210136 0.6202467 0.6206721 0.6214765 0.6220826 0.6226372 0.6232232 0.6238611 0.624571 0.6252893 0.6259736 0.6266652 0.6273845 0.6281517 0.6289244 0.6296811 0.6304631 0.631207 0.6323519 0.6331856 0.6338544 0.6352361 0.6372538 0.6397819 0.6396785 0.640379 0.6400349 0.6398635 0.6408858 0.6427753
0.6228685 0.6213745 0.6211079 0.6189147 0.6176299 0.6165767 0.6157502 0.6151655 0.6147947 0.6140814 0.6137993 0.6147013 0.6147974 0.614462 0.6139846 0.6134877 0.6126502 0.613156 0.613377 0.6131411 0.6130359 0.6142825 0.6134714 0.6133195 0.6134351 0.6150403 0.6148626 0.6156643 0.6157559 0.6162964 0.6170942 0.6173253 0.6172203 0.6173901 0.617981 0.6188654 0.6195361 0.620688 0.6211176 0.6210141 0.6209497 0.6209661 0.6218219 0.6223308 0.6228508 0.6234439 0.6240467 0.6246375 0.6252995 0.6259274 0.6266252 0.6272878 0.628019 0.6287347 0.6294133 0.630159 0.6310549 0.6323307 0.6333999 0.633467 0.634561 0.6355306 0.6365281 0.6373433 0.6385712 0.6396459 0.6389583 0.6400731 0.6413595
0.623825 0.6220145 0.6213561 0.6198279 0.6185192 0.617427 0.6170096 0.6166685 0.6153192 0.6147885 0.6152163 0.6156458 0.6161123 0.6148165 0.6144118 0.6141758 0.6154967 0.6154379 0.6155995 0.6150287 0.6140178 0.6145685 0.614319 0.6142057 0.6144645 0.616191 0.6173788 0.6166335 0.617583 0.6176091 0.6179554 0.6184939 0.6179996 0.617864 0.6183392 0.6191494 0.6207794 0.6208858 0.620966 0.6208502 0.6212376 0.6213875 0.6222094 0.6226618 0.6231458 0.6236609 0.6241856 0.6246982 0.6253446 0.6259148 0.6265339 0.6272012 0.6278744 0.6285322 0.6291735 0.6299238 0.6305941 0.6322716 0.6331151 0.6336676 0.6352262 0.6369737 0.6362296 0.6360004 0.6368732 0.6383836 0.6388747 0.6385224 0.6396332
0.6242396 0.6226383 0.6228175 0.6213424 0.6202214 0.6187546 0.6177565 0.6170275 0.6165571 0.6164834 0.6166921 0.617281 0.6170191 0.6165339 0.6175076 0.6168762 0.6190876 0.6200444 0.6172959 0.6161556 0.6155449 0.6159252 0.6159198 0.6153151 0.6153986 0.6180249 0.6194368 0.6192948 0.6208467 0.6201666 0.6203338 0.6192158 0.6189001 0.619027 0.6188359 0.6206465 0.6222214 0.6222938 0.6215798 0.6217455 0.622284 0.6219571 0.6226807 0.6230123 0.6234172 0.6240415 0.6243821 0.6248571 0.625361 0.6259144 0.6265163 0.6271248 0.627718 0.6283792 0.6290243 0.6296733 0.6303471 0.6317142 0.6327702 0.6335772 0.6336746 0.6344005 0.6343968 0.6359494 0.636686 0.6372913 0.6380906 0.6375529 0.6380453
0.6255757 0.6243503 0.6244668 0.6227911 0.6212897 0.6204421 0.6196039 0.6187202 0.6180319 0.618119 0.6182547 0.6192119 0.6190213 0.6237327 0.6197103 0.6203479 0.6244208 0.624353 0.6222739 0.61779 0.6189274 0.6191557 0.6163125 0.6169021 0.6169977 0.6186648 0.6205094 0.6209683 0.6226909 0.6216272 0.620938 0.6196173 0.6197104 0.6195075 0.6199988 0.6231456 0.6242969 0.6233712 0.6230431 0.6231726 0.6228728 0.6232399 0.6245556 0.6246165 0.6241251 0.6243968 0.6248032 0.6251347 0.6255579 0.6260094 0.6265305 0.6270578 0.6276746 0.6282756 0.6288186 0.6293865 0.629979 0.6307 0.6319258 0.6323168 0.6327929 0.633626 0.6337067 0.6339562 0.6347702 0.6357507 0.6364161 0.6373628 0.6374063
0.6272521 0.6258514 0.6257448 0.6242054 0.6226844 0.6216571 0.6208752 0.6201324 0.6194572 0.6189434 0.6191091 0.6246726 0.6271011 0.6260356 0.6240194 0.623454 0.6246945 0.6234412 0.6206586 0.6186884 0.6178364 0.6190919 0.6179662 0.6179542 0.6187132 0.6197354 0.6201537 0.6210426 0.6234738 0.6212309 0.6211183 0.6208168 0.6204308 0.6202126 0.6215322 0.6228276 0.6247683 0.6239913 0.6236255 0.623232 0.6241812 0.6238772 0.6248162 0.6260146 0.6258756 0.6258771 0.6280606 0.6257607 0.6258299 0.6261784 0.6266384 0.6270627 0.6276392 0.628158 0.6286815 0.6291881 0.6296983 0.6302326 0.6307903 0.6314129 0.6322254 0.6331644 0.6332865 0.633997 0.6342467 0.634935 0.6356432 0.63644 0.6367408
0.6287526 0.6270892 0.6270027 0.6253458 0.6240193 0.6229842 0.6221959 0.621698 0.6209904 0.62118 0.6213715 0.6228231 0.6279417 0.6261539 0.6241289 0.6226735 0.6216091 0.6204261 0.6201128 0.6193371 0.6186661 0.6182029 0.6193622 0.6184502 0.6198282 0.6195275 0.6206904 0.6218596 0.6234342 0.6207923 0.6206 0.6219276 0.6213349 0.6211207 0.6211781 0.6238484 0.6241513 0.6241325 0.6250781 0.6242442 0.624099 0.6246838 0.6252649 0.6262746 0.626493 0.6264106 0.6271123 0.6271322 0.6263441 0.626421 0.626756 0.6271598 0.6275693 0.6280468 0.628508 0.6290151 0.6294004 0.6298723 0.6304306 0.63097 0.6317621 0.6326808 0.6326337 0.6333439 0.6339493 0.6350296 0.6354449 0.6355323 0.6356892
0.6304297 0.6286487 0.6288304 0.6274552 0.6261596 0.6249703 0.6240245 0.6232808 0.6228305 0.6234222 0.6228108 0.6232679 0.6277621 0.6264982 0.6262232 0.6242111 0.6218084 0.6207421 0.6204183 0.620011 0.6196656 0.6194431 0.6196559 0.619656 0.6196668 0.6215224 0.621613 0.6234397 0.6237726 0.6217666 0.6210917 0.6226963 0.6225278 0.6218515 0.6224806 0.62433 0.624318 0.6247227 0.6244248 0.6238877 0.6244612 0.6257855 0.6259015 0.6260246 0.6263927 0.6268127 0.6275555 0.6274283 0.6276227 0.6277619 0.6271964 0.6272648 0.627611 0.6279415 0.6283393 0.6287622 0.6291679 0.6295975 0.6300927 0.630569 0.6310679 0.6321329 0.6319779 0.6326245 0.6328314 0.6339174 0.6343986 0.6350086 0.6350946
0.6316476 0.6303819 0.6308839 0.6293025 0.62823 0.6270465 0.6260802 0.6258613 0.6259335 0.6243242 0.6237891 0.6237728 0.6274973 0.6268132 0.6269484 0.6259788 0.6247025 0.6235591 0.6245292 0.6215542 0.6203708 0.6202381 0.6204083 0.6217396 0.6208028 0.6222588 0.6224774 0.6240098 0.622888 0.6214735 0.622002 0.6225522 0.6228061 0.6218135 0.6233079 0.6247144 0.6247867 0.6243052 0.6247036 0.6239554 0.6247184 0.6260425 0.6260707 0.6261308 0.6264761 0.6270614 0.6272794 0.6281345 0.6288247 0.6284006 0.6291613 0.6279629 0.6277217 0.6278622 0.6282585 0.6285962 0.6289586 0.6293452 0.6297343 0.6301467 0.6305608 0.6310388 0.6310049 0.6315868 0.6325663 0.6332988 0.6339542 0.6342818 0.6342377
0.6342825 0.6325501 0.6333852 0.6320934 0.630091 0.6288259 0.6286025 0.6275449 0.6265464 0.6258711 0.6264597 0.626343 0.625937 0.6294141 0.6279713 0.6266893 0.6248682 0.6266189 0.6266428 0.6224259 0.6211396 0.621115 0.6232008 0.6229911 0.6230239 0.6216518 0.6228821 0.6235693 0.6229104 0.6217902 0.6217053 0.6218319 0.6221266 0.622504 0.6226043 0.6253384 0.6250927 0.6244196 0.6238667 0.6245939 0.6260936 0.6256438 0.6263627 0.6266295 0.6265322 0.6268634 0.6274756 0.6279919 0.6283913 0.6288701 0.6287292 0.6290025 0.6286329 0.6286035 0.6284114 0.6287049 0.6290858 0.6290935 0.6294386 0.6298279 0.6301772 0.6305487 0.6304251 0.6314229 0.6320444 0.6326086 0.6330894 0.6332209 0.633785
0.6361727 0.6352188 0.6349958 0.6331294 0.6321491 0.6313136 0.630532 0.6289614 0.6286126 0.6299387 0.6297446 0.6286771 0.6281225 0.630945 0.6297547 0.6291475 0.6276425 0.6247301 0.6269689 0.6231103 0.6220767 0.6230008 0.6247827 0.6241052 0.6234172 0.6224427 0.6227199 0.6226442 0.6226359 0.6232002 0.6241671 0.6234463 0.6229359 0.6229935 0.623006 0.6233314 0.6235678 0.6241363 0.6244664 0.6254013 0.6260753 0.6264874 0.6266287 0.6271228 0.626623 0.6273263 0.627432 0.6276094 0.6286187 0.6287037 0.6291654 0.6283529 0.628712 0.6292439 0.628567 0.6287735 0.6297788 0.6299716 0.629374 0.629573 0.6297942 0.630119 0.6299978 0.6305037 0.6316916 0.6317372 0.6320428 0.6323904 0.6328231
0.6380077 0.6365821 0.6383663 0.6362188 0.6339241 0.6329679 0.6321073 0.6311347 0.632821 0.6316685 0.6313186 0.6305815 0.6296197 0.6289551 0.6284984 0.6282874 0.6270947 0.6252542 0.6259911 0.6238378 0.6249527 0.6246706 0.6261014 0.6254179 0.624724 0.6242077 0.6245637 0.6242714 0.6238568 0.6243523 0.6250606 0.6242713 0.6241143 0.6242301 0.6241953 0.6241158 0.6240161 0.6241385 0.6245235 0.6257228 0.6261812 0.6263779 0.6261891 0.6272942 0.6268969 0.6268466 0.6278381 0.6274691 0.6279604 0.6289137 0.62849 0.6281528 0.6292639 0.6296749 0.6297212 0.6297284 0.6293014 0.6302974 0.6307278 0.6301889 0.6296017 0.6298811 0.6297293 0.6299847 0.6303835 0.6312711 0.6314443 0.6320075 0.6323079
0.6411396 0.6407858 0.6433223 0.6400275 0.6404314 0.6388721 0.6379952 0.6369635 0.6351735 0.6343442 0.6336223 0.6325359 0.6310147 0.6306568 0.6294525 0.6293597 0.6299102 0.6306785 0.6272516 0.6271592 0.6270649 0.6269873 0.6277245 0.6268426 0.6262036 0.6256793 0.6263438 0.6259172 0.6250519 0.625329 0.6259457 0.6256979 0.6252386 0.625203 0.62467 0.6245258 0.6246458 0.6247205 0.6250571 0.6257977 0.6260377 0.6262915 0.6264415 0.6273649 0.6272559 0.6270751 0.627313 0.6273551 0.6278556 0.628098 0.6280816 0.6284809 0.6290982 0.6293958 0.6294168 0.6293809 0.6295404 0.6308087 0.631236 0.6310572 0.6302716 0.6300678 0.6296387 0.6293361 0.6296883 0.6304781 0.6305826 0.6309197 0.6316086
0.6465597 0.6472123 0.6482001 0.6475552 0.6451955 0.6428042 0.6412373 0.6389225 0.6379164 0.6365424 0.6353189 0.6341327 0.6335679 0.6325635 0.6311567 0.6302714 0.6335535 0.6314206 0.6309585 0.6301811 0.6290646 0.6292522 0.6296282 0.6302546 0.628508 0.627277 0.6277629 0.6269044 0.6267681 0.6268038 0.6268839 0.6266726 0.6261953 0.6258407 0.6254222 0.6257846 0.625421 0.6254455 0.6257732 0.6259514 0.6261021 0.6266546 0.6268902 0.6273749 0.6272568 0.6275785 0.6271733 0.6281071 0.6290028 0.6285266 0.6285431 0.6285051 0.6288431 0.6287545 0.6288565 0.6291941 0.6299015 0.6303611 0.6306323 0.6308845 0.6302304 0.6299936 0.6287636 0.6286796 0.6288007 0.6298967 0.6302309 0.629947 0.630321
0.6504732 0.650399 0.6541804 0.6506021 0.6471261 0.6450869 0.6425156 0.6406698 0.639878 0.6392872 0.63775 0.6366728 0.6353946 0.6349226 0.6332472 0.6330645 0.6351933 0.637347 0.6366161 0.6342633 0.6326579 0.632391 0.6324006 0.6319379 0.6293979 0.6287063 0.6292192 0.6292775 0.6287289 0.6281714 0.6279701 0.6272336 0.6269512 0.6264825 0.6263419 0.6269208 0.6266704 0.6262714 0.6262818 0.6263885 0.6266317 0.6271128 0.6277593 0.6282129 0.6273277 0.6274143 0.6280223 0.6285169 0.6284883 0.628799 0.6289348 0.6284084 0.6287801 0.628935 0.6290104 0.6290691 0.6294513 0.6294513 0.6297096 0.6296522 0.6297252 0.6298431 0.6284437 0.6284128 0.6287522 0.6283541 0.6286526 0.6294432 0.6294524
0.6535612 0.6530318 0.6546307 0.6524274 0.6489967 0.646974 0.6452571 0.6435864 0.6418066 0.6406487 0.6393034 0.6380592 0.6374798 0.6364409 0.6351277 0.6361939 0.6391417 0.6406293 0.6406293 0.6409805 0.6384174 0.6348245 0.6364465 0.6346457 0.633324 0.6309204 0.6321073 0.6315544 0.6314938 0.6327399 0.6300645 0.6297671 0.6294095 0.6283714 0.6275011 0.6275513 0.6279117 0.6275259 0.6275483 0.6269905 0.6269016 0.6269087 0.6274951 0.6274924 0.6274844 0.627856 0.6292887 0.6287128 0.6286037 0.628524 0.6286571 0.628614 0.6286815 0.6283445 0.6289278 0.6291234 0.6294093 0.6289336 0.6289726 0.629164 0.629167 0.6288534 0.6278057 0.6289449 0.6289277 0.6287836 0.6282353 0.6292825 0.6296694
0.6587221 0.6576514 0.6552257 0.65638 0.6540978 0.6515995 0.6506287 0.6481645 0.6463116 0.6451486 0.6429597 0.6419326 0.6412172 0.639584 0.6381245 0.6379103 0.6402025 0.6447278 0.6482741 0.6479301 0.6428826 0.6383956 0.6413837 0.6376591 0.6347686 0.6324672 0.6336883 0.6330989 0.6339515 0.6319494 0.6306639 0.6302071 0.629876 0.6298345 0.6288465 0.6286801 0.6286101 0.6283972 0.6281796 0.6278585 0.6280463 0.6275972 0.6282964 0.6281527 0.6280988 0.6279607 0.628229 0.6287938 0.6286526 0.629078 0.6289122 0.6282618 0.6285428 0.6283194 0.6285779 0.6286379 0.6290434 0.6289219 0.6285918 0.6283507 0.6285383 0.628771 0.627425 0.6282872 0.6281356 0.6275383 0.6273049 0.6273021 0.6273425
0.6625237 0.6597794 0.6588657 0.6595449 0.658278 0.6556681 0.6540799 0.6507644 0.6490476 0.6470465 0.6452197 0.6437516 0.6423412 0.641215 0.6407056 0.6412094 0.6392193 0.6445112 0.6473894 0.6481931 0.6452439 0.6429542 0.6379623 0.6366964 0.6346655 0.6339014 0.6336023 0.634241 0.6358249 0.6324456 0.6316621 0.6313218 0.6308239 0.6303461 0.6304835 0.6300826 0.6296793 0.6293517 0.6289005 0.6288615 0.6286399 0.6288065 0.6295931 0.6291195 0.6285984 0.6284423 0.6282967 0.6283864 0.6286624 0.6290092 0.6295752 0.6282361 0.6286091 0.6284986 0.6285011 0.6289564 0.6289492 0.6284152 0.6271901 0.6280621 0.6278379 0.6282122 0.6269525 0.626753 0.6269283 0.6266658 0.6275711 0.6269039 0.6269383
0.6627789 0.6610311 0.660162 0.6625814 0.6636708 0.6636211 0.6565306 0.6534317 0.6511318 0.6493278 0.6478009 0.6461033 0.6446519 0.6437584 0.6433547 0.6457047 0.6424801 0.6449299 0.644107 0.643004 0.6412891 0.6394141 0.6387723 0.6373382 0.637015 0.6357974 0.6355404 0.6355202 0.6351367 0.6335456 0.6328859 0.6324872 0.6319513 0.6315948 0.6309996 0.631297 0.6308172 0.6302945 0.6298273 0.6298919 0.6294158 0.6300825 0.6301234 0.6299295 0.6295307 0.6289857 0.6286873 0.628399 0.6285729 0.6282699 0.628695 0.6286787 0.6286964 0.6281379 0.628845 0.6281846 0.6283383 0.6268502 0.6277465 0.6271582 0.6272364 0.6273464 0.6264288 0.6263013 0.6260738 0.6264588 0.6270393 0.6258544 0.6261162
0.6652864 0.663608 0.662698 0.6670395 0.6687089 0.6666545 0.6582465 0.6556889 0.6534549 0.6514153 0.6497886 0.6483898 0.6471934 0.6464903 0.6463819 0.6476049 0.6438604 0.6428112 0.6422784 0.6415834 0.641251 0.6424067 0.6412359 0.6419459 0.6393909 0.6393278 0.6410318 0.6390527 0.6363564 0.6352003 0.6346795 0.6339831 0.6333088 0.6331322 0.6324985 0.6331155 0.6321412 0.6313826 0.6308786 0.6315819 0.6309688 0.6308266 0.6306928 0.6303249 0.6302643 0.6299201 0.6293109 0.6288105 0.6288513 0.6286058 0.6283098 0.6280745 0.6284217 0.6278359 0.6286939 0.6280445 0.6268361 0.6272172 0.6283432 0.6271195 0.6266304 0.626436 0.6267861 0.625971 0.6260728 0.6261763 0.6258555 0.6254078 0.6261303
0.6696603 0.6678817 0.6663827 0.6721094 0.6680903 0.6671135 0.661063 0.6582482 0.6561107 0.653932 0.6524873 0.6513003 0.6498531 0.6491722 0.6495069 0.6496508 0.6475323 0.6459334 0.6439223 0.6433107 0.6443076 0.6451165 0.6431187 0.6453851 0.6404276 0.6406722 0.6400832 0.6386589 0.6378212 0.6363703 0.6359079 0.6353698 0.6347547 0.6341013 0.6346998 0.6343639 0.6336094 0.632733 0.6321117 0.6322215 0.6326677 0.6317897 0.6319528 0.6308355 0.6306006 0.6304169 0.6297522 0.6299446 0.6291234 0.6287447 0.6284535 0.6282099 0.6279423 0.6280184 0.627468 0.6270679 0.627247 0.6273394 0.6272287 0.6273993 0.6269148 0.6270297 0.6257498 0.6255 0.625742 0.6258582 0.6256571 0.6251163 0.6254695
0.6716228 0.6707737 0.6708522 0.6724952 0.6689548 0.6671212 0.6633964 0.6605356 0.6583061 0.6575047 0.6570976 0.6556095 0.6534902 0.6530217 0.6547427 0.6579015 0.6521323 0.6483876 0.6490399 0.6482698 0.6474583 0.6465149 0.6431187 0.648077 0.6420195 0.6414567 0.6400399 0.6399134 0.6388678 0.6379071 0.6373631 0.6366246 0.6360481 0.6351354 0.6352568 0.6352586 0.634385 0.6338273 0.633684 0.6330203 0.6326898 0.6322746 0.6321189 0.6322889 0.6316404 0.631026 0.6307579 0.6305835 0.6296632 0.6291111 0.6288046 0.6284278 0.6288836 0.6279888 0.6275681 0.6271549 0.6272876 0.6269481 0.6266991 0.6273915 0.6270885 0.6267471 0.6253379 0.6249936 0.6258646 0.6256955 0.6259962 0.6258727 0.6256436
0.6735873 0.6730989 0.6729234 0.6767631 0.6725183 0.6686493 0.665262 0.6630715 0.6615712 0.6611591 0.6594133 0.6568988 0.6552541 0.6583157 0.6568575 0.6621211 0.6558505 0.6524164 0.6506336 0.6498201 0.6485705 0.6490082 0.6469449 0.6492282 0.645256 0.6426679 0.6419084 0.6408712 0.640112 0.6393108 0.6386449 0.6373875 0.6371465 0.6366494 0.6364118 0.636075 0.6353799 0.6347825 0.6345797 0.6341353 0.6330708 0.6329154 0.6326372 0.6333241 0.6327536 0.632032 0.6317765 0.6320862 0.6306421 0.6301107 0.6294657 0.629178 0.6283489 0.6277561 0.627536 0.6269661 0.6270239 0.6267155 0.6264983 0.6262226 0.6265687 0.626196 0.6248261 0.6248974 0.6259505 0.6252617 0.6257873 0.6262082 0.6264812
0.6762426 0.676682 0.6774302 0.6764357 0.6729783 0.6702088 0.6680224 0.6666498 0.6652905 0.663354 0.6610065 0.6591082 0.6581408 0.6620222 0.6621237 0.6615831 0.6599153 0.6563068 0.6523986 0.6526809 0.6529218 0.6542799 0.6510112 0.6476238 0.6454089 0.6437452 0.6435184 0.6423745 0.6416329 0.6408172 0.6399688 0.638748 0.6385639 0.6378658 0.6376262 0.6370097 0.6364326 0.6358542 0.6355717 0.634571 0.6340235 0.633849 0.6334442 0.6336292 0.6330212 0.633212 0.6334772 0.6333545 0.6316054 0.6305052 0.6303374 0.628969 0.6288806 0.627919 0.6275585 0.6272026 0.6268331 0.6265981 0.6261992 0.6259762 0.6260139 0.6251839 0.6250219 0.625232 0.6259134 0.6262147 0.6270929 0.6281789 0.6270644
0.6824448 0.6786986 0.6829722 0.6781328 0.6753164 0.673247 0.6727876 0.6724229 0.6683019 0.6679556 0.6653018 0.6619586 0.6601961 0.6603695 0.6654514 0.6615604 0.6592371 0.6565719 0.655645 0.6563876 0.657176 0.6530327 0.6489887 0.6484279 0.6468686 0.6467481 0.6454441 0.6444615 0.6431383 0.6418066 0.641014 0.6407232 0.6397809 0.6392785 0.6386191 0.6380998 0.6372826 0.6367823 0.6366797 0.6356167 0.635228 0.6350728 0.6345012 0.6340274 0.6347052 0.6342586 0.6338038 0.6330096 0.6322279 0.6322314 0.6302932 0.6291969 0.6289707 0.6280354 0.6273745 0.6270961 0.6267992 0.6266583 0.6259923 0.6259493 0.6255503 0.6247308 0.6251583 0.626698 0.6253483 0.6247675 0.6249554 0.6285554 0.6267371
0.6841934 0.6831831 0.6832101 0.68143 0.6793177 0.6772753 0.6778825 0.6766445 0.6740988 0.6708142 0.666887 0.6652977 0.6636665 0.6619918 0.6626311 0.6608905 0.6594223 0.6608343 0.6612448 0.6574945 0.6545795 0.6510616 0.6491784 0.650329 0.649838 0.6485985 0.6477438 0.6467775 0.6449137 0.6440289 0.6425948 0.6414232 0.6414107 0.6406863 0.6401631 0.6391641 0.6383644 0.6387794 0.6386596 0.6372957 0.6363207 0.6356929 0.6358567 0.6353027 0.6352595 0.6347129 0.6339931 0.6331822 0.6322823 0.6311707 0.6303362 0.629163 0.6289629 0.6279721 0.6273789 0.6268961 0.6263677 0.6261717 0.625855 0.6256086 0.6249641 0.624559 0.6257447 0.6273161 0.629205 0.625918 0.6229477 0.6249787 0.6263447
0.6903838 0.6886374 0.6844739 0.684219 0.6822638 0.6809006 0.6796251 0.6787093 0.6739914 0.6715676 0.6691659 0.6677951 0.6658564 0.6637834 0.6631048 0.6634181 0.6642337 0.6653633 0.6627719 0.6586713 0.6537867 0.6523327 0.6516827 0.6560923 0.6568081 0.6549642 0.6521419 0.6493121 0.647162 0.6456952 0.6444223 0.6442912 0.6435469 0.6428568 0.6432878 0.6404385 0.6405353 0.6404691 0.6404297 0.6385217 0.6379619 0.6364049 0.636309 0.6364398 0.6341859 0.6344903 0.6340634 0.6338356 0.6323821 0.6319512 0.6299933 0.6292351 0.6291838 0.6280549 0.6272627 0.6268066 0.6262817 0.6259877 0.6255096 0.6252085 0.6247861 0.625114 0.6249294 0.6250218 0.6263393 0.6276103 0.6249917 0.622771 0.6215824
0.6954634 0.6932673 0.6907619 0.6881997 0.6849918 0.684287 0.6847359 0.682013 0.6766814 0.6757866 0.6728704 0.6714873 0.6685727 0.6663794 0.6669288 0.6663045 0.6673134 0.6679016 0.6646492 0.6607025 0.6572904 0.657093 0.654682 0.6608003 0.6599277 0.6550126 0.6558158 0.6514392 0.6498396 0.6473564 0.6459141 0.6459683 0.6446803 0.6445882 0.6444181 0.6419765 0.642389 0.6416433 0.6413691 0.6409218 0.6402577 0.637476 0.636309 0.6360506 0.6347504 0.6343129 0.6336213 0.6336234 0.6328128 0.6330022 0.6299397 0.6292475 0.6292627 0.627893 0.6273115 0.6264104 0.6261997 0.6260201 0.625827 0.6254495 0.6248661 0.6250119 0.6249233 0.6251747 0.6247289 0.6255585 0.6269391 0.6266866 0.6220667
