02_Processed_Data/Guangdong-driving/Rain/txt/gd-txt-95.txt
ncols         755
nrows         605
xllcorner     491130
yllcorner     2101946
cellsize      1000
NODATA_value  -9999
[rows 62 to 92 of 605, columns 552 to 620 of 755]
-9999 -9999 -9999 -9999 -9999 -9999 0.1301003 0.1240155 0.1222624 0.125955 0.1334824 -9999 -9999 -9999 -9999 -9999 -9999 -9999 -9999 -9999 -9999 -9999 -9999 -9999 -9999 -9999 -9999 -9999 -9999 -9999 -9999 -9999 -9999 -9999 -9999 -9999 -9999 -9999 -9999 -9999 -9999 -9999 -9999 0.1327306 0.1514383 0.1339394 0.1254896 0.1267164 0.118764 0.1160359 0.1240313 0.1181329 0.1136621 0.1220058 0.1173733 0.1199276 0.1188005 0.1214553 0.1247495 0.1298611 0.1374972 0.1595271 0.1295441 0.1138843 0.1254639 0.1324585 0.1116176 0.134579 0.1604299
-9999 -9999 -9999 -9999 0.1167813 0.115784 0.1258085 0.1308735 0.1221838 0.1207985 0.1199037 0.127056 0.1338309 0.1262299 0.129648 -9999 -9999 -9999 -9999 -9999 -9999 -9999 -9999 -9999 -9999 -9999 -9999 -9999 -9999 -9999 -9999 -9999 -9999 -9999 -9999 -9999 -9999 -9999 -9999 -9999 -9999 -9999 -9999 -9999 0.1392478 0.1665984 0.1500892 0.1404608 0.1212406 0.120339 0.1158877 0.1166602 0.1141454 0.1171141 0.1215091 0.1168538 0.1180759 0.1232106 0.1350122 0.1350155 0.1365078 0.1564284 0.1407488 0.1145628 0.1110689 0.1062202 0.1092967 0.1270927 0.1562165
-9999 -9999 -9999 -9999 0.1214177 0.1107543 0.1088828 0.1254656 0.1260631 0.1244266 0.1313328 0.1203947 0.1315016 0.1324446 0.1156667 0.1183311 -9999 -9999 -9999 -9999 -9999 -9999 -9999 -9999 -9999 -9999 -9999 -9999 -9999 -9999 -9999 -9999 -9999 -9999 -9999 -9999 -9999 -9999 -9999 -9999 -9999 -9999 -9999 -9999 -9999 0.1872611 0.1601515 0.1408725 0.1254432 0.1316058 0.1369688 0.1195328 0.1142601 0.118008 0.1136245 0.1128915 0.1146275 0.1185738 0.1236847 0.125375 0.132129 0.1478394 0.1353026 0.1210416 0.107001 0.1048515 0.1054926 0.1072743 0.1433618
-9999 -9999 -9999 0.1530285 0.1406839 0.1184964 0.1127816 0.107682 0.1193019 0.1128303 0.1258031 0.135178 0.1170459 0.130373 0.1192896 0.1114207 0.1227459 -9999 -9999 -9999 -9999 -9999 -9999 -9999 -9999 -9999 -9999 -9999 -9999 -9999 -9999 -9999 -9999 -9999 -9999 -9999 -9999 -9999 -9999 -9999 -9999 -9999 -9999 -9999 -9999 0.1828169 0.1607787 0.143973 0.1627807 0.1519298 0.1359441 0.1188941 0.1162332 0.1216761 0.1216039 0.1202068 0.1161753 0.1178897 0.1185402 0.1217935 0.1318459 0.1417704 0.1199022 0.10551 0.1045175 0.1033798 0.1045265 0.1066856 0.1205527
0.1390947 0.1215882 -9999 -9999 0.1652652 0.1499676 0.1380004 0.1004413 0.108713 0.1066981 0.1076512 0.1336228 0.1230438 0.1158035 0.113636 0.1062588 0.1136162 0.1069678 -9999 -9999 -9999 -9999 -9999 -9999 -9999 -9999 -9999 -9999 -9999 -9999 -9999 -9999 -9999 -9999 -9999 -9999 -9999 -9999 -9999 -9999 -9999 -9999 -9999 -9999 -9999 -9999 -9999 -9999 -9999 0.1424275 0.1336348 0.1212918 0.1154813 0.1160719 0.1216227 0.1191706 0.1136934 0.1116058 0.1146014 0.1222986 0.1327701 0.1538469 0.1334145 0.1031889 0.1015489 0.1021895 0.1042292 0.105867 0.1270504
0.1115583 0.1255267 0.1528663 0.1581968 0.1811028 0.1785808 0.1506303 0.1056016 0.09900498 0.09872136 0.09954751 0.110774 0.1182784 0.1055841 0.1131998 0.1024742 0.09880285 0.1016895 -9999 -9999 -9999 -9999 -9999 -9999 -9999 -9999 -9999 -9999 -9999 -9999 -9999 -9999 -9999 -9999 -9999 -9999 -9999 -9999 -9999 -9999 -9999 -9999 -9999 -9999 -9999 -9999 -9999 -9999 -9999 0.1339955 0.1253271 0.1186079 0.1150164 0.1123282 0.1199648 0.1154099 0.110845 0.1114953 0.1147443 0.1221805 0.166425 0.1398199 0.1189849 0.1017872 0.1009039 0.1034637 0.1060062 0.1134267 0.1079638
0.1181009 0.1346806 0.1375179 0.150897 0.1704652 0.1675412 0.1392974 0.123783 0.1046717 0.1024031 0.09938595 0.09673503 0.1086958 0.09983876 0.1043541 0.1050223 0.1015952 0.09741736 0.09967344 0.09684215 -9999 -9999 -9999 -9999 -9999 -9999 -9999 -9999 -9999 -9999 -9999 -9999 -9999 -9999 -9999 -9999 -9999 -9999 -9999 -9999 -9999 -9999 -9999 -9999 -9999 -9999 -9999 -9999 0.1347735 0.1232322 0.1173069 0.1151641 0.1144461 0.1118821 0.111919 0.1139015 0.107246 0.1103646 0.119894 0.1345625 0.142181 0.1319905 0.1219139 0.1024602 0.1031093 0.1188887 0.1146531 0.1207648 0.109748
0.1320883 0.1201861 0.1235168 0.1590467 0.1892703 0.2003232 0.1673083 0.1553294 0.1175374 0.1173721 0.114476 0.1029029 0.09541174 0.09150962 0.09453257 0.09891397 0.09870455 0.09625764 0.09987286 0.1050904 -9999 -9999 -9999 -9999 -9999 -9999 -9999 -9999 -9999 -9999 -9999 -9999 -9999 -9999 -9999 -9999 -9999 -9999 -9999 -9999 -9999 -9999 -9999 -9999 -9999 -9999 0.1666217 0.1498907 0.1398387 0.1251966 0.1229312 0.1093938 0.1125933 0.1138164 0.1182977 0.1134667 0.105656 0.1142291 0.1250886 0.1608589 0.1335993 0.1199862 0.1127986 0.1006054 0.1194827 0.119454 0.1173062 0.1188162 0.112071
0.1117739 0.1127659 0.1180764 0.1609654 0.1929175 0.1917196 0.1867945 0.1752125 0.1503197 0.1257899 0.1188031 0.1180047 0.1108827 0.101648 0.09253283 0.09628962 0.09805925 0.09511449 0.1009554 0.1020815 0.09762431 0.09153102 0.100917 -9999 -9999 -9999 -9999 -9999 -9999 -9999 -9999 -9999 -9999 -9999 -9999 -9999 -9999 -9999 -9999 -9999 -9999 -9999 -9999 -9999 -9999 0.1660558 0.1672458 0.1589298 0.1364415 0.1209019 0.1137851 0.108622 0.1080228 0.1148631 0.1209083 0.1176402 0.1058985 0.1152466 0.123351 0.1619171 0.1452657 0.1275739 0.1083701 0.1009543 0.1238926 0.1121909 0.1140941 0.1111764 0.1107086
0.1168677 0.1222064 0.1348241 0.167564 0.1711557 0.1710209 0.1720848 0.1782081 0.1776745 0.1231969 0.1103855 0.1095848 0.1041942 0.1015225 0.09438442 0.09454833 0.0934682 0.09324609 0.09759445 0.09871736 0.09463252 0.09152185 0.09521068 0.1083045 -9999 -9999 -9999 -9999 -9999 -9999 -9999 -9999 -9999 -9999 -9999 -9999 -9999 -9999 -9999 -9999 -9999 -9999 -9999 -9999 -9999 -9999 -9999 0.1447361 0.1217782 0.1238364 0.1155343 0.1101003 0.1081902 0.1075741 0.1117631 0.1115002 0.1042534 0.1135455 0.1233477 0.1553837 0.149344 0.126129 0.1081152 0.0999226 0.103233 0.1074208 0.1091577 0.1078032 0.1175245
0.1216027 0.1325279 0.1697957 0.1692569 0.1612639 0.1604615 0.137845 0.1412086 0.1653783 0.127928 0.1130083 0.1065067 0.1018571 0.09435161 0.09637804 0.09072275 0.09174267 0.09287829 0.09623224 0.1093682 0.09413185 0.09425108 0.098184 0.1017403 -9999 -9999 -9999 -9999 -9999 -9999 -9999 -9999 -9999 -9999 -9999 -9999 -9999 -9999 -9999 -9999 -9999 -9999 -9999 -9999 -9999 -9999 -9999 -9999 0.132795 0.1353887 0.1180964 0.1100368 0.1121695 0.1095834 0.1069916 0.1064763 0.1055718 0.1045222 0.1133947 0.1456238 0.1412392 0.1230053 0.1055845 0.09840706 0.1000442 0.1055029 0.1108147 0.1094505 0.1233964
0.1235019 0.1341915 0.168582 0.1667103 0.1360994 0.1537841 0.1233957 0.1143121 0.1363174 0.1232595 0.1079661 0.09861307 0.09656265 0.09339108 0.09628186 0.09025312 0.09733447 0.09945931 0.108637 0.1000913 0.09315344 0.09353441 0.09597991 0.1011399 -9999 -9999 -9999 -9999 -9999 -9999 -9999 -9999 -9999 -9999 -9999 -9999 -9999 -9999 -9999 -9999 -9999 -9999 -9999 -9999 -9999 -9999 -9999 -9999 0.1497891 0.1315308 0.1233056 0.1143196 0.1275974 0.1122751 0.1217227 0.1123948 0.11775 0.1098538 0.1042819 0.1165187 0.1233152 0.111405 0.09885741 0.09691998 0.09957208 0.1070699 0.1118602 0.1084381 0.1099893
0.1115402 0.1238528 0.156073 0.1621881 0.1204295 0.1296871 0.1061123 0.1100344 0.1251006 0.112784 0.1126022 0.1106799 0.1026812 0.1029756 0.09335415 0.0893054 0.09886023 0.1115124 0.1045831 0.09702557 0.09627422 0.09506205 0.09898957 0.09313368 -9999 -9999 -9999 -9999 -9999 -9999 -9999 -9999 -9999 -9999 -9999 -9999 -9999 -9999 -9999 -9999 -9999 -9999 -9999 -9999 -9999 -9999 -9999 -9999 -9999 0.1302411 0.1221265 0.1190265 0.1177434 0.1105631 0.1155314 0.1184045 0.131896 0.1112512 0.1038613 0.1121472 0.1047007 0.1003598 0.09740819 0.09699783 0.1022014 0.103673 0.1169676 0.1120632 0.1248527
0.1126001 0.1198465 0.1284941 0.1440365 0.1276926 0.1094474 0.1033382 0.1077542 0.1136517 0.1057932 0.1212185 0.1124811 0.1081968 0.1123296 0.09725392 0.09109573 0.0944585 0.104753 0.09831676 0.1019058 0.09582552 0.08807278 0.09335744 0.1018521 0.1065036 -9999 -9999 -9999 -9999 -9999 -9999 -9999 -9999 -9999 -9999 -9999 -9999 -9999 -9999 -9999 -9999 -9999 -9999 -9999 -9999 -9999 -9999 -9999 -9999 -9999 0.1197976 0.1176077 0.1086168 0.1108352 0.1091347 0.1202447 0.1258503 0.1126772 0.1094865 0.1103032 0.1102108 0.09766828 0.09931669 0.09774531 0.1044759 0.1023539 0.1029006 0.10458 0.1186074
0.1071085 0.1038387 0.1165732 0.1169163 0.1358379 0.1143707 0.1038007 0.1018974 0.1080414 0.1030306 0.1089155 0.1079807 0.09985451 0.09741995 0.0965884 0.09166636 0.09688424 0.09565796 0.09888127 0.1008574 0.091684 0.09322387 0.1018505 0.1035368 0.1050884 0.1107169 -9999 -9999 -9999 -9999 -9999 -9999 -9999 -9999 -9999 -9999 -9999 -9999 -9999 -9999 -9999 -9999 -9999 -9999 -9999 -9999 -9999 -9999 -9999 -9999 -9999 0.1188468 0.1129634 0.1080136 0.1117869 0.116074 0.1275809 0.1259397 0.1363602 0.1210266 0.1011569 0.1025596 0.1048393 0.0978824 0.09871525 0.1017046 0.09993753 0.1012231 0.1122182
0.100764 0.101101 0.09971236 0.1135574 0.1293811 0.1227786 0.108491 0.1080731 0.1034382 0.1002844 0.1060441 0.1088242 0.09673221 0.09491531 0.09334075 0.09324398 0.09660392 0.09401544 0.09723394 0.0992078 0.09411656 0.09913713 0.103309 0.1056121 0.1054264 0.1017611 -9999 -9999 -9999 0.106156 0.1238044 0.1480611 -9999 0.1692417 -9999 -9999 -9999 -9999 -9999 -9999 -9999 -9999 -9999 -9999 -9999 -9999 -9999 -9999 -9999 -9999 -9999 -9999 0.1240715 0.1079675 0.1069399 0.1101285 0.1145153 0.1117027 0.1148781 0.106648 0.09968602 0.09992812 0.1080879 0.1012501 0.09720913 0.1004451 0.09994882 0.103657 0.1207627
0.1047167 0.09329959 0.09736092 0.104516 0.1124105 0.1423729 0.1279393 0.1098056 0.1019488 0.09941322 0.1029418 0.111543 0.0941228 0.09230719 0.09246404 0.09236551 0.08916654 0.09202005 0.09535942 0.09955867 0.091125 0.103095 0.1041675 0.09990214 0.09773496 0.1007532 0.10463 0.1055301 0.110072 0.1114158 0.1305421 0.1465452 0.1458727 0.1599869 0.1642237 0.1729998 -9999 -9999 -9999 -9999 -9999 -9999 -9999 -9999 -9999 -9999 -9999 -9999 -9999 -9999 -9999 -9999 -9999 0.1145974 0.1044914 0.1051026 0.1036472 0.1017891 0.1004242 0.1010888 0.1006781 0.1050082 0.1070144 0.101832 0.0988059 0.09998433 0.09960653 0.09984864 0.1126161
0.09406659 0.0899734 0.09737903 0.09425155 0.09867692 0.1039652 0.1345301 0.1150235 0.1107583 0.1056202 0.09737915 0.09668823 0.094504 0.09305796 0.0922237 0.09150515 0.09399439 0.09734223 0.09152503 0.09188448 0.09408963 0.1034795 0.1002137 0.09805431 0.1044271 0.1042249 0.1063644 0.1067181 0.10913 0.1172345 0.1254611 0.1317269 0.1393169 0.1379628 0.1539283 0.1578826 0.158891 -9999 -9999 -9999 -9999 -9999 -9999 -9999 -9999 -9999 -9999 -9999 -9999 -9999 -9999 -9999 -9999 -9999 0.1052742 0.1037017 0.1042872 0.1008851 0.1004086 0.100553 0.1031093 0.1044865 0.1060998 0.1050051 0.09787335 0.09840236 0.1001914 0.09914349 0.1039639
0.09433339 0.08641732 0.08663826 0.09056907 0.09152538 0.1013969 0.1170859 0.1169135 0.1156208 0.110358 0.1006296 0.1005572 0.09676148 0.09878074 0.09757151 0.09598273 0.09500644 0.09773449 0.09500749 0.09214904 0.1043809 0.1000432 0.09616064 0.1039026 0.1054438 0.1172719 0.1133343 0.1177429 0.1168371 0.1108815 0.1183097 0.1216152 0.1194721 0.1243676 0.1304641 0.1344149 0.1472848 0.1584153 -9999 -9999 -9999 -9999 -9999 -9999 -9999 -9999 -9999 -9999 -9999 -9999 -9999 -9999 -9999 -9999 -9999 0.1041242 0.1031659 0.1015484 0.09939982 0.09940805 0.1031093 0.1079647 0.1024004 0.1000164 0.1011966 0.09813192 0.1023436 0.1026942 0.1046882
0.09882789 0.08795284 0.08471013 0.08715386 0.09492048 0.1019424 0.1069775 0.1020973 0.09708754 0.09826596 0.09745616 0.09527688 0.09457737 0.09003712 0.09043738 0.08897417 0.08861566 0.09492765 0.09170599 0.08872219 0.09673703 0.09465121 0.09621119 0.1099648 0.1164923 0.1167915 0.1184228 0.1248189 0.1229822 0.118483 0.1135751 0.113695 0.1168535 0.1182758 0.1210287 0.1327083 0.1455745 0.1683318 -9999 -9999 -9999 -9999 -9999 -9999 -9999 -9999 -9999 -9999 0.1199109 0.1185764 0.1194963 0.1173667 0.1248915 0.1274948 0.1098773 0.1035539 0.1028442 0.1037795 0.1012388 0.1012388 0.1037797 0.1121147 0.1134547 0.1040207 0.1092882 0.09878909 0.1027352 0.1012837 0.09955526
0.09962205 0.08072241 0.08366457 0.08796377 0.09238644 0.09309053 0.09725827 0.1074911 0.09839296 0.09560681 0.09553967 0.09459877 0.09649986 0.09517258 0.09433457 0.08965427 0.09176842 0.09671845 0.09139263 0.08840718 0.09023573 0.09126376 0.09912714 0.1076581 0.127036 0.115811 0.1145233 0.1113688 0.1160283 0.125982 0.1235913 0.1153537 0.118907 0.1179391 0.1179391 0.1188233 0.1320992 0.1529608 -9999 -9999 -9999 -9999 -9999 -9999 -9999 -9999 -9999 0.1407521 0.1238055 0.1286314 0.1238145 0.1264653 0.1152619 0.1258306 0.1411258 0.1293992 0.1123607 0.1026823 0.1015616 0.1023414 0.1014373 0.1085446 0.1142488 0.1237858 0.1206736 0.1166471 0.1026789 0.1016226 0.09862506
0.07693175 0.08107715 0.0733852 0.08226498 0.08458537 0.08739632 0.08723441 0.09090207 0.09617898 0.111733 0.1079555 0.0967389 0.09691223 0.09707861 0.0961223 0.09602518 0.09097215 0.08900345 0.09729237 0.09184121 0.08873524 0.09671351 0.101005 0.112621 0.1175647 0.1194564 0.1202983 0.1106538 0.1108128 0.1254169 0.1262188 0.1372877 0.1268803 0.1304596 0.1266939 0.1313142 0.1317883 0.1465137 -9999 -9999 -9999 -9999 -9999 -9999 -9999 -9999 0.145732 0.1410955 0.129089 0.1253529 0.1183934 0.1183666 0.1191198 0.1131685 0.1418228 0.1238053 0.1086542 0.1043449 0.1053927 0.1019401 0.1028201 0.1134079 0.1183586 0.1259771 0.1328185 0.1149433 0.1045527 0.09926224 0.09830324
0.08480807 0.08847691 0.08041363 0.08657265 0.08691435 0.08613865 0.08486369 0.09063433 0.1012374 0.1169152 0.1123945 0.0958508 0.09924485 0.1012689 0.09696737 0.09526018 0.09478373 0.08922686 0.08750156 0.08688272 0.09328008 0.09992307 0.1070128 0.1110369 0.1114769 0.1088619 0.1079734 0.1074781 0.1105532 0.1195855 0.1168035 0.1284901 0.129546 0.1351225 0.1320204 0.1375708 0.1447076 0.1611895 -9999 0.1651566 -9999 -9999 -9999 0.1503128 0.1675115 0.1554178 0.1474511 0.141472 0.1364107 0.1354757 0.1244965 0.1109095 0.1087377 0.1137357 0.1350665 0.1181966 0.1086925 0.1054001 0.1069523 0.1069481 0.1043634 0.1092151 0.1160566 0.1224439 0.1282088 0.116862 0.1069714 0.1026953 0.1031346
0.09345257 0.08327561 0.08300669 0.07964193 0.0809738 0.08081706 0.09116969 0.09595756 0.09789076 0.109109 0.1065704 0.09349608 0.1018445 0.100152 0.09795601 0.09897287 0.09787488 0.09565514 0.08849796 0.09304655 0.09352065 0.09931634 0.1093009 0.1106755 0.1048898 0.1079696 0.1074829 0.1085776 0.1099269 0.1112657 0.112593 0.1119193 0.1217114 0.1411503 0.1391121 0.135994 0.1387283 0.153057 0.1656718 0.1706519 0.1530253 0.1467851 0.1612051 0.1457981 0.1551048 0.1569086 0.1521443 0.1454912 0.1381514 0.1378784 0.1251547 0.111932 0.1085809 0.1094561 0.1099279 0.109228 0.1082521 0.1064883 0.1056034 0.1121171 0.1115724 0.1205901 0.1132938 0.1144704 0.1211658 0.1181731 0.1090392 0.1068016 0.1096633
0.08923415 0.08415384 0.09527487 0.08225358 0.08284408 0.08652268 0.09032015 0.09040187 0.09691658 0.1087546 0.09667765 0.0932669 0.1000042 0.102028 0.09946026 0.1009723 0.09913067 0.09839483 0.08946108 0.09445132 0.09529498 0.09783408 0.102647 0.1095502 0.1109151 0.1031875 0.1086152 0.1053701 0.1070993 0.1108025 0.1089519 0.1105236 0.1223082 0.1434782 0.1423706 0.1516481 0.1386476 0.1412307 0.1598416 0.1677587 0.1610896 0.1461899 0.1572634 0.1488033 0.1480792 0.1605718 0.1735814 0.1663877 0.1467435 0.1325615 0.1217055 0.1114678 0.1116672 0.1075934 0.1069095 0.1092363 0.1102802 0.1080207 0.1062459 0.1095105 0.1133101 0.1200201 0.1243624 0.111479 0.1098087 0.1123416 0.1112683 0.1069728 0.1038329
0.08330571 0.08777129 0.09146564 0.08723382 0.07703675 0.08618592 0.08567748 0.08809865 0.101908 0.1050751 0.09019892 0.09763889 0.1019002 0.1072691 0.1037102 0.1069563 0.1119597 0.107599 0.08910927 0.09372477 0.09481054 0.101198 0.1000879 0.1022356 0.1092097 0.1035067 0.1098366 0.1035939 0.1061034 0.106379 0.1108302 0.1109497 0.1139354 0.1314407 0.1371296 0.1381387 0.1414 0.1409137 0.1492322 0.1587501 0.1568895 0.1460302 0.1488113 0.1513078 0.1497767 0.1652052 0.1689855 0.179164 0.1668662 0.1362355 0.1138356 0.1106969 0.1108878 0.1084369 0.1081237 0.1084219 0.1099627 0.1084522 0.1089416 0.1102943 0.1131612 0.1179649 0.1213346 0.1188967 0.1079198 0.1077458 0.1042664 0.1035433 0.1001465
0.08494283 0.08732507 0.08767793 0.09372231 0.08950541 0.08071911 0.08424426 0.09361848 0.09701323 0.1001765 0.0869368 0.102404 0.1014788 0.1062125 0.1167583 0.1107686 0.1054393 0.1068644 0.0922959 0.09399804 0.09617404 0.09893443 0.103571 0.1034957 0.1031492 0.1015127 0.102995 0.1069483 0.1089348 0.1120872 0.1115623 0.1128569 0.1149233 0.1369013 0.1375219 0.1303959 0.1367204 0.131298 0.1444055 0.1560584 0.1523223 0.1437663 0.1492165 0.1444896 0.1525784 0.1661302 0.1465111 0.1473267 0.1655013 0.146628 0.1179283 0.1314151 0.1238531 0.1166132 0.1153379 0.1066306 0.1080367 0.1076538 0.1125542 0.1117507 0.1162489 0.1246013 0.1217405 0.1208406 0.1117601 0.1103126 0.1035393 0.1011639 0.1021757
0.08969225 0.08697525 0.08832711 0.08503995 0.0849186 0.0782147 0.08721983 0.09427789 0.09877216 0.1011827 0.09125493 0.09498868 0.09969566 0.10415 0.108583 0.1193729 0.1024325 0.0950049 0.09319776 0.09344257 0.09926307 0.0944512 0.1100913 0.1096229 0.1197586 0.115626 0.1113513 0.1038107 0.110228 0.1120691 0.1119346 0.1142733 0.1169909 0.1383965 0.1376816 0.1281531 0.1253052 0.1327823 0.1398806 0.1542037 0.1459185 0.1430078 0.1481862 0.1399794 0.1310861 0.1597381 0.1423861 0.1303625 0.1438526 0.1583925 0.1412312 0.1346105 0.1266332 0.1208462 0.1161532 0.1129545 0.1101847 0.1105511 0.10976 0.1141249 0.1158179 0.1170998 0.1167176 0.1245115 0.1239485 0.1172166 0.1044874 0.09970177 0.1014601
0.08744853 0.08996505 0.08948848 0.08632431 0.08437466 0.08376076 0.08875076 0.09263666 0.09615311 0.1085797 0.0976697 0.0895702 0.09768816 0.1063585 0.1244605 0.1269486 0.1112815 0.09763289 0.09230025 0.08902532 0.09665813 0.102075 0.109978 0.1265227 0.1345999 0.1313535 0.1231511 0.1098329 0.108159 0.1089517 0.1122085 0.1159844 0.116736 0.1189216 0.1216331 0.1159094 0.1213528 0.1376343 0.15972 0.1533194 0.1466348 0.1410818 0.1442507 0.1470007 0.1288231 0.1453607 0.1415049 0.1231958 0.1176566 0.119451 0.1230636 0.1449266 0.1377441 0.1344177 0.1253614 0.1145296 0.1133771 0.1142399 0.1123031 0.1088297 0.1127849 0.1166167 0.1167303 0.1215011 0.1300231 0.1166852 0.1155714 0.1053447 0.101157
0.08665613 0.08492342 0.08505818 0.08494423 0.08494694 0.08250932 0.09176419 0.09369961 0.1040576 0.1140776 0.100934 0.09319624 0.1148753 0.1093823 0.1203526 0.1178554 0.1140452 0.09638686 0.09567031 0.08778375 0.09274601 0.1125787 0.1151244 0.1320766 0.1274288 0.125257 0.1177079 0.111979 0.1125201 0.1107004 0.1123896 0.1130229 0.1174306 0.1348824 0.115753 0.1159489 0.1233554 0.1470823 0.1524585 0.1697153 0.1499265 0.1415983 0.1374542 0.1447008 0.1359768 0.1245282 0.1383871 0.1188781 0.1136562 0.1172256 0.1305536 0.1457873 0.1510296 0.1364669 0.1240076 0.1174655 0.1101633 0.1155634 0.1133648 0.1106397 0.1149644 0.1126318 0.1137456 0.1153421 0.1196998 0.1227793 0.1198761 0.1098853 0.1065704
0.08441828 0.08331535 0.08150046 0.08102895 0.08091889 0.08128798 0.08419864 0.08273473 0.09573733 0.1002262 0.09701205 0.09550099 0.1276002 0.1158348 0.1241917 0.1030055 0.09381191 0.09553591 0.09498962 0.08656359 0.1049264 0.1024837 0.1064521 0.111226 0.1118127 0.1203719 0.1177949 0.1193938 0.1215037 0.1209828 0.1179619 0.1220006 0.1217095 0.1252194 0.1156993 0.1214033 0.1388139 0.151891 0.1423002 0.1476479 0.152051 0.1583261 0.1406966 0.1357398 0.1471642 0.1290672 0.1289341 0.1131033 0.1174574 0.127235 0.1353259 0.1422727 0.1429627 0.1288927 0.1263656 0.119019 0.1100147 0.112375 0.1118092 0.1093275 0.1082126 0.1085566 0.1128174 0.115919 0.1216578 0.1219362 0.1225714 0.118884 0.1088609
