02_Processed_Data/Guangdong-driving/Rain/txt/gd-txt-15.txt
ncols         755
nrows         605
xllcorner     491130
yllcorner     2101946
cellsize      1000
NODATA_value  -9999
[rows 93 to 123 of 605, columns 207 to 275 of 755]
-9999 -9999 -9999 -9999 -9999 -9999 -9999 -9999 -9999 -9999 -9999 -9999 -9999 0.9383045 0.9322577 0.9291394 0.9292114 0.9274664 0.9265506 0.9267735 0.9280869 0.92906 0.9304549 0.9324145 0.9355819 0.9354977 0.9360481 0.9455531 0.9410126 0.9405626 0.9381696 0.941272 0.940141 0.9363019 0.9381226 0.9348493 0.9276701 0.9272978 0.924634 0.9246667 0.9247261 0.9245793 0.9252231 0.9276077 0.9278338 0.9267587 0.926957 0.9277543 0.9300244 0.9346064 0.9373938 0.9393137 0.9353291 0.9406375 0.9420342 0.9427896 0.9410692 0.9423941 0.9435142 0.9427806 0.9424195 0.943311 0.9440615 0.9431384 0.9434636 0.9436903 0.9456733 0.9452581 0.9476923
-9999 -9999 -9999 -9999 -9999 -9999 -9999 -9999 -9999 -9999 -9999 -9999 -9999 0.9407377 0.9341951 0.9321072 0.9305156 0.9287286 0.9281526 0.9288108 0.9304646 0.9328511 0.9339433 0.9356479 0.9356042 0.9310932 0.9331777 0.9396157 0.9322429 0.9300137 0.9298713 0.9358445 0.9392059 0.93614 0.9355155 0.9378321 0.9320546 0.9287912 0.9260238 0.925628 0.9255377 0.9258217 0.9271749 0.9295033 0.9296966 0.9283801 0.9283602 0.9293805 0.9317995 0.9366744 0.93943 0.9399258 0.9366519 0.9444637 0.9437107 0.9459339 0.944097 0.944786 0.944922 0.9448049 0.9442245 0.9431794 0.9447538 0.9457445 0.9460338 0.9461077 0.9480069 0.9479941 0.9498581
-9999 -9999 -9999 -9999 -9999 -9999 -9999 -9999 -9999 -9999 -9999 -9999 -9999 0.9420239 0.9396824 0.9332362 0.9310776 0.9306791 0.9302759 0.9328477 0.9339833 0.9339924 0.9366412 0.9378285 0.9385553 0.9294985 0.9307804 0.9331499 0.9313366 0.9293336 0.9306764 0.934108 0.9351189 0.9373564 0.9329036 0.9368524 0.934777 0.9292344 0.9268738 0.9267923 0.9266685 0.9272673 0.9313486 0.931347 0.9302779 0.9294394 0.9298282 0.9307235 0.9350306 0.9399436 0.9415074 0.939976 0.9379004 0.9430062 0.9439216 0.9458199 0.9447083 0.9474537 0.9468147 0.9441358 0.9426174 0.9447176 0.9482303 0.9489309 0.9484192 0.9490834 0.9492285 0.9496883 0.9520254
-9999 -9999 -9999 -9999 -9999 -9999 -9999 -9999 -9999 -9999 -9999 -9999 0.9397757 0.9368218 0.9378229 0.9339805 0.9354749 0.9346528 0.9332539 0.9377629 0.9370691 0.9380621 0.9399311 0.9410065 0.9388559 0.9301643 0.9318838 0.9294692 0.9298769 0.9289011 0.9321437 0.9313412 0.933077 0.9327974 0.931073 0.9306285 0.936378 0.9289514 0.9272993 0.9273929 0.9285119 0.931537 0.9320816 0.9333235 0.9314562 0.9309102 0.9319862 0.9319215 0.9380462 0.9423011 0.9416757 0.9418997 0.9406978 0.9372798 0.9379783 0.940379 0.9420668 0.9448036 0.9432974 0.9431155 0.9460892 0.9482027 0.9509162 0.9517452 0.9508737 0.9512703 0.9517964 0.9520563 0.9533808
-9999 -9999 -9999 -9999 -9999 -9999 -9999 -9999 -9999 0.936606 0.9401006 0.9372032 0.935496 0.9339054 0.935197 0.937916 0.9434212 0.9382887 0.9379683 0.9432701 0.9431784 0.943272 0.9418338 0.9386006 0.9338347 0.9304203 0.93117 0.9281754 0.9298769 0.9284996 0.9319361 0.932788 0.9303893 0.9290084 0.9294941 0.930871 0.9300056 0.9284288 0.9279492 0.928566 0.9313222 0.9342908 0.932459 0.9332274 0.9334623 0.9328609 0.9333481 0.9335996 0.939708 0.9455343 0.9444815 0.9440712 0.9429543 0.9417561 0.9414027 0.9389691 0.9415076 0.9419857 0.9439983 0.9468243 0.9491395 0.9518468 0.9539506 0.9538608 0.9532799 0.9536182 0.9540387 0.9537978 0.956452
-9999 -9999 -9999 -9999 -9999 -9999 0.9359839 0.9324493 0.9316315 0.9298326 0.9383135 0.9346569 0.9308552 0.9316529 0.9311606 0.9423245 0.9427084 0.9370566 0.9393404 0.9395218 0.937958 0.9387731 0.9397973 0.9362612 0.9310972 0.9283836 0.9278211 0.9273829 0.9281431 0.9285311 0.9294676 0.9300692 0.9288731 0.930589 0.9346172 0.936071 0.9320149 0.9285705 0.9289618 0.9298928 0.9339614 0.9376163 0.9349162 0.9340972 0.9350191 0.9348266 0.9347944 0.9345735 0.9392954 0.9476739 0.9474663 0.9464428 0.9460146 0.945412 0.9452834 0.9407074 0.9433312 0.9470269 0.949635 0.952128 0.953437 0.9555866 0.9560293 0.955462 0.955497 0.9560096 0.955954 0.9563959 0.9575018
-9999 -9999 -9999 -9999 -9999 0.9344264 0.9325881 0.9317025 0.9270965 0.9285163 0.9351166 0.9324408 0.9283326 0.9292773 0.9339868 0.9349266 0.9323109 0.9309558 0.9328397 0.9346718 0.9374531 0.9356518 0.9345604 0.934083 0.9306905 0.9275511 0.9282429 0.9278833 0.9276081 0.928879 0.9293146 0.9295084 0.9334507 0.9360564 0.9365569 0.9350191 0.9345253 0.9292365 0.9314268 0.9330665 0.934758 0.9401664 0.936714 0.9355608 0.9370305 0.9366435 0.9361154 0.9359325 0.9416335 0.9430568 0.9466078 0.9481778 0.9475101 0.9470628 0.9464861 0.9447572 0.9435219 0.9485329 0.9517136 0.9540597 0.9551752 0.9565231 0.9589698 0.9594896 0.9571059 0.9570509 0.9578885 0.9585035 0.9593132
-9999 -9999 -9999 -9999 -9999 0.9320274 0.928689 0.9273527 0.9254911 0.9262428 0.9250733 0.9283374 0.9304555 0.9354094 0.9328269 0.9300277 0.9289663 0.930477 0.931293 0.9325582 0.9320788 0.9325724 0.9328464 0.9316127 0.9285152 0.9276551 0.9287496 0.9283521 0.9288982 0.931933 0.9314959 0.9301449 0.9384556 0.9425075 0.9403 0.939319 0.9359119 0.9303101 0.932234 0.9348376 0.9372612 0.940107 0.9403344 0.9371994 0.9380798 0.9383569 0.9373331 0.9373506 0.9419645 0.9425678 0.9459952 0.9482772 0.9491802 0.9495147 0.9472139 0.9440162 0.9460922 0.950493 0.9547571 0.9555877 0.9556747 0.9575219 0.9573915 0.9607732 0.9585226 0.9585966 0.9597018 0.959771 0.9620003
-9999 -9999 -9999 -9999 -9999 0.9277901 0.9276245 0.9246214 0.9251225 0.9231313 0.9249209 0.927258 0.9290217 0.9314754 0.929302 0.9279611 0.9276193 0.929683 0.930909 0.9307967 0.9305373 0.9332063 0.9320082 0.930757 0.9280806 0.9294542 0.9306865 0.9296941 0.9293671 0.9323314 0.932809 0.9310963 0.9379023 0.9443242 0.9425319 0.9384379 0.9351296 0.9335305 0.9328446 0.9345787 0.9381983 0.9444476 0.9407643 0.9386176 0.9418324 0.9391537 0.9388173 0.9385018 0.9405191 0.9417179 0.9475973 0.9495471 0.95158 0.9517684 0.9491359 0.9450266 0.948024 0.9518613 0.953868 0.9540886 0.9563727 0.9536415 0.9583066 0.9624005 0.9625664 0.9608076 0.9611134 0.9611017 0.9639839
-9999 -9999 -9999 -9999 0.9222835 0.9252429 0.9237438 0.923103 0.9232724 0.9221172 0.9237394 0.9244579 0.9265582 0.9289675 0.9271552 0.9311826 0.92641 0.9286212 0.9304002 0.9286238 0.9321606 0.9339768 0.9335713 0.9341623 0.9296216 0.9333007 0.9321095 0.9305396 0.930082 0.9331468 0.9331835 0.9313409 0.9382932 0.9441046 0.9404862 0.9367679 0.9319921 0.9336763 0.9339071 0.9352589 0.938868 0.9436514 0.9407872 0.9410904 0.9401658 0.939868 0.939639 0.939756 0.9405191 0.9425709 0.9481643 0.9497588 0.9519472 0.9528247 0.9494895 0.9453273 0.9472278 0.9510123 0.951806 0.9528786 0.95149 0.9522787 0.9589321 0.9604027 0.961283 0.9613848 0.9624234 0.9636076 0.9635217
-9999 -9999 -9999 -9999 0.9238334 0.9250297 0.9227213 0.9218683 0.9220401 0.9226673 0.9240084 0.9256113 0.9284057 0.9258825 0.9260761 0.9290103 0.926125 0.927315 0.9280256 0.9280896 0.9331097 0.9343352 0.9345313 0.9356766 0.9314761 0.9334928 0.9338582 0.9318803 0.9316919 0.9319148 0.9317371 0.9330361 0.9390079 0.9453053 0.9404566 0.9346282 0.9332278 0.9362922 0.9343302 0.9361583 0.9401277 0.942641 0.942235 0.9406491 0.9415481 0.9426335 0.9414909 0.9412049 0.9411941 0.9432228 0.9466043 0.9496998 0.954554 0.9532856 0.9483427 0.9477707 0.9536096 0.9515869 0.9485691 0.9520023 0.9508163 0.9543134 0.9606118 0.9625627 0.9631799 0.9628791 0.963398 0.9622052 0.9651132
-9999 -9999 -9999 -9999 0.9252139 0.9281754 0.9251053 0.9235851 0.922542 0.923264 0.9257036 0.9264026 0.9286749 0.9254627 0.9250395 0.9267609 0.9256436 0.9255974 0.9260736 0.9289078 0.9330505 0.9358546 0.9344109 0.9350613 0.9334893 0.9334144 0.9340249 0.9337944 0.932937 0.9344681 0.9359866 0.9348363 0.9431691 0.9435623 0.9383891 0.9323363 0.936237 0.9380828 0.9357609 0.9364869 0.9395867 0.9418804 0.9428333 0.9415622 0.9422195 0.9432261 0.9436061 0.9438221 0.9429677 0.9447164 0.9477887 0.9492292 0.9524245 0.9506665 0.9468308 0.9506844 0.957515 0.9553239 0.9498406 0.9501122 0.9520063 0.9577481 0.9634138 0.964012 0.9635084 0.9631766 0.9611346 0.9620206 0.9575724
-9999 -9999 -9999 -9999 -9999 0.9320576 0.9270331 0.9251326 0.9239001 0.9236658 0.9263694 0.9252104 0.9264595 0.9244657 0.9239258 0.9263178 0.9245123 0.9253517 0.9259511 0.928384 0.9323164 0.9390117 0.9349027 0.9328403 0.9353512 0.9363313 0.9373774 0.9335772 0.9337044 0.9373786 0.9399537 0.9373702 0.9397133 0.9354005 0.9324428 0.9346485 0.9374691 0.9393022 0.93785 0.9390516 0.9388684 0.9423345 0.9434392 0.9443855 0.9440817 0.9439418 0.9448695 0.9459121 0.9456528 0.9473059 0.947725 0.9491813 0.9489352 0.9490499 0.9475744 0.9555752 0.9585942 0.954657 0.9515347 0.9548402 0.9519488 0.9573832 0.9619755 0.9626141 0.9632873 0.9612544 0.9593669 0.9589913 0.9586711
-9999 -9999 -9999 -9999 -9999 0.9366759 0.9318905 0.9286317 0.9251829 0.924159 0.9236927 0.9232982 0.9242153 0.9232966 0.9243087 0.9241998 0.9254728 0.9271261 0.9271567 0.9294742 0.9307882 0.9332676 0.9349809 0.9323037 0.9374427 0.9395252 0.9406728 0.9343281 0.935535 0.9487662 0.9451494 0.9442187 0.9442568 0.9365428 0.9336407 0.9390846 0.9401291 0.9420965 0.9393672 0.9393502 0.9399674 0.9419605 0.9442841 0.9439204 0.9448363 0.9456382 0.9458373 0.9473583 0.9478096 0.9481124 0.9479203 0.9492065 0.9483497 0.9474828 0.9495973 0.954784 0.9566135 0.9555245 0.9552273 0.9580171 0.9562339 0.9556066 0.9615161 0.9627057 0.9613078 0.9564838 0.9571646 0.9579411 0.9641607
-9999 -9999 -9999 -9999 -9999 0.9375005 0.938199 0.9306729 0.9276302 0.9266272 0.9234197 0.9224304 0.9221569 0.9223367 0.9235413 0.9241976 0.9265938 0.9264142 0.9274016 0.927386 0.9299912 0.9290652 0.9327143 0.933189 0.9369026 0.9413033 0.941622 0.9377629 0.9480364 0.9483407 0.94454 0.942615 0.9410154 0.93756 0.9338728 0.9389759 0.943029 0.944141 0.9416575 0.9417441 0.9429526 0.94389 0.945367 0.9459904 0.9458749 0.9458081 0.9469257 0.9481822 0.9486711 0.9489914 0.9509951 0.9479808 0.9481372 0.9483538 0.9491851 0.9535997 0.955423 0.9559755 0.9587123 0.9630513 0.9602649 0.9583331 0.9559769 0.95679 0.9604679 0.9580743 0.9601874 0.9633927 0.9641607
-9999 -9999 -9999 0.92744 0.9257038 0.9354372 0.9398552 0.9341413 0.9312897 0.9277557 0.924239 0.9219868 0.9222389 0.9218957 0.922649 0.9234979 0.9257771 0.9261006 0.9251835 0.92653 0.9271358 0.9303384 0.9303198 0.934423 0.9394525 0.9453365 0.9447309 0.9481018 0.9527783 0.946187 0.9434416 0.9382094 0.9366068 0.9338887 0.9375475 0.9418689 0.9475322 0.9464833 0.9420992 0.9436151 0.9440413 0.9446184 0.9458982 0.9467657 0.9465929 0.948372 0.950547 0.952777 0.9525057 0.9522154 0.9494305 0.9481711 0.9484126 0.9491552 0.9501419 0.9528093 0.9545566 0.9561474 0.9631248 0.9643953 0.9633672 0.9627761 0.9627583 0.9602018 0.9585378 0.9592016 0.9633969 0.9680111 0.9671704
-9999 -9999 -9999 0.9243262 0.9231852 0.931726 0.9366442 0.9391321 0.9344447 0.9309546 0.9255069 0.9217293 0.9214336 0.9213542 0.9215396 0.9229349 0.9249538 0.9242542 0.9249131 0.9264294 0.9283018 0.9309356 0.9309205 0.9362676 0.9424459 0.9479531 0.9483538 0.9546149 0.9493787 0.9428769 0.9396845 0.9384402 0.9410031 0.9343144 0.9395249 0.944227 0.951162 0.9505987 0.9440916 0.9449393 0.9449076 0.9458424 0.9472285 0.9473128 0.9471985 0.9489436 0.9520681 0.9535864 0.9526992 0.9520521 0.9476336 0.9487554 0.9491046 0.949932 0.9516771 0.9563329 0.9594192 0.9603307 0.9631952 0.9651794 0.9667449 0.9664503 0.9671007 0.9672541 0.9639609 0.9606982 0.9648185 0.9692641 0.9695535
-9999 -9999 -9999 -9999 0.9213319 0.9245309 0.9311412 0.9363706 0.9369044 0.931002 0.9274378 0.9234695 0.9217199 0.9214497 0.9219432 0.9222227 0.9226932 0.9229047 0.9240154 0.9252955 0.9271467 0.9290205 0.928675 0.9334772 0.9386343 0.9432636 0.9474598 0.9525338 0.945157 0.9489009 0.9450464 0.94624 0.9455904 0.9349337 0.937216 0.9435421 0.9493167 0.9542928 0.9493142 0.9466826 0.9474462 0.9474494 0.9476067 0.9476775 0.948967 0.9505882 0.9526328 0.9521549 0.9476263 0.9520039 0.9478077 0.9490595 0.9498637 0.9507989 0.9519326 0.9550959 0.9594745 0.9626533 0.9629127 0.9651463 0.9651463 0.9674488 0.96759 0.9699546 0.9702404 0.9670354 0.9659027 0.9667231 0.9726021
-9999 -9999 -9999 -9999 0.9178786 0.9197412 0.9285202 0.9342493 0.933805 0.9270161 0.9248818 0.9273985 0.9238369 0.9215642 0.921176 0.9214566 0.920926 0.9223108 0.9235868 0.9259894 0.9270324 0.9270324 0.9277881 0.927517 0.929199 0.9330721 0.9376098 0.9416195 0.9496545 0.9516751 0.9501678 0.949418 0.9485664 0.9427965 0.9362799 0.9365737 0.9459177 0.950102 0.9562302 0.9518556 0.9481117 0.9494324 0.9480549 0.947965 0.9473253 0.9497439 0.9501852 0.9512601 0.9496446 0.9478737 0.9493318 0.9485362 0.9495924 0.9502481 0.9513134 0.9526243 0.9566612 0.9601272 0.962185 0.9626929 0.9664518 0.9684011 0.9676543 0.9705229 0.9699469 0.9692201 0.9697074 0.9710336 0.9746801
-9999 -9999 -9999 -9999 0.9135614 0.9154769 0.9172379 0.9250378 0.9297166 0.9234705 0.9225969 0.9250396 0.9286523 0.9247327 0.9216253 0.9201649 0.9208034 0.9208798 0.9219882 0.923103 0.924768 0.9252882 0.9260699 0.9265404 0.9281299 0.9348432 0.938836 0.944566 0.9496723 0.9471551 0.9438877 0.9435717 0.9440603 0.9425396 0.9355679 0.9374927 0.9430083 0.948606 0.957364 0.9566209 0.9515735 0.9509949 0.9510452 0.9494016 0.9480653 0.9496574 0.9519554 0.9485984 0.9456486 0.9484587 0.9475386 0.9492148 0.9499356 0.9511613 0.9521008 0.9532632 0.9599366 0.9607028 0.9632632 0.963903 0.9671446 0.9671841 0.9685438 0.9729283 0.9683199 0.9705817 0.9738954 0.9740107 0.9775954
-9999 -9999 -9999 -9999 -9999 -9999 0.9140996 0.9197882 0.9230587 0.9185721 0.919199 0.9247161 0.9299968 0.9213078 0.9199403 0.9196235 0.9199067 0.9200829 0.9210992 0.9220007 0.9228567 0.9240853 0.9238506 0.9261743 0.9277659 0.9314302 0.9339952 0.9393232 0.9465791 0.9413351 0.9385961 0.9395955 0.9374897 0.9369766 0.936349 0.9401441 0.9397475 0.9455913 0.9505647 0.9578875 0.9533002 0.9541597 0.9510232 0.9492038 0.9475069 0.94899 0.9434932 0.9444739 0.9455958 0.9467899 0.9478067 0.9495408 0.9508768 0.9520451 0.9528582 0.9536391 0.9561263 0.9616868 0.9617094 0.9648936 0.9665033 0.9668375 0.9686314 0.9710935 0.9697189 0.9748839 0.9768075 0.9757205 0.9785598
-9999 -9999 -9999 -9999 -9999 -9999 -9999 -9999 0.9143094 0.9150308 0.916608 0.9214796 0.9250898 0.9207629 0.9170974 0.9176441 0.9199055 0.9204493 0.9198308 0.9204549 0.9212425 0.9221703 0.923957 0.9253512 0.9281074 0.9338004 0.9390383 0.9419848 0.9466687 0.9396037 0.9384654 0.9380854 0.9394168 0.9404085 0.9372846 0.9421803 0.9417666 0.9414977 0.9467763 0.9506956 0.9566773 0.9564232 0.9530793 0.948657 0.9507989 0.9507495 0.9439285 0.9447566 0.9457263 0.9469041 0.9482096 0.9518569 0.9536449 0.9533628 0.9531202 0.9541921 0.9556014 0.959713 0.9616985 0.9650362 0.9657556 0.9668477 0.9703282 0.9714376 0.97417 0.97802 0.9775768 0.9775593 0.9803249
-9999 -9999 -9999 -9999 -9999 -9999 -9999 -9999 -9999 0.9133029 0.9170176 0.91719 0.9177943 0.9198077 0.9159834 0.9184529 0.919519 0.9193953 0.921036 0.9210815 0.9225572 0.9229628 0.9228696 0.9245659 0.9277237 0.931201 0.9350341 0.9429184 0.947271 0.9431289 0.9406581 0.9450496 0.9416159 0.9393925 0.9356083 0.9417685 0.9469625 0.9443272 0.94657 0.953547 0.9565066 0.9523962 0.9458761 0.943436 0.9488583 0.9520204 0.9445712 0.9451532 0.9465036 0.9471996 0.9487464 0.9545614 0.9550601 0.9555541 0.9550209 0.9552685 0.9570144 0.9577506 0.960816 0.964306 0.9662921 0.9685585 0.9728299 0.9738374 0.9755161 0.9762962 0.976291 0.9786997 0.9793092
-9999 -9999 -9999 -9999 -9999 -9999 -9999 -9999 -9999 0.9144672 0.9128076 0.9137604 0.9150962 0.9152752 0.9150022 0.918777 0.9234182 0.9233164 0.9245039 0.9277194 0.9248799 0.9277871 0.9236851 0.9234687 0.9297858 0.9353384 0.9370034 0.9442218 0.9457631 0.947333 0.9433145 0.9447998 0.940725 0.9362872 0.9370955 0.9475636 0.9494953 0.9550184 0.9539279 0.9528509 0.9479479 0.9447519 0.942979 0.9421976 0.9451836 0.9473877 0.9444928 0.9451526 0.9461636 0.9482326 0.9502519 0.9549155 0.954611 0.9551378 0.9545912 0.9563805 0.957348 0.957631 0.9606848 0.963328 0.9651408 0.9704134 0.9751546 0.9730894 0.9756477 0.975089 0.9779502 0.977222 0.9803246
-9999 -9999 -9999 -9999 -9999 -9999 -9999 -9999 -9999 -9999 -9999 0.9173734 0.9181157 0.9158804 0.9151767 0.9160691 0.9212075 0.9247522 0.9254615 0.9285806 0.9305803 0.9276695 0.9244492 0.9254017 0.9282139 0.9325512 0.9417036 0.9477072 0.947295 0.9432273 0.9417854 0.941222 0.9353372 0.9399622 0.9398367 0.9447116 0.9482916 0.9519351 0.9464614 0.9430963 0.9413429 0.9448042 0.9425699 0.941702 0.9420491 0.9435174 0.9443423 0.9449632 0.946887 0.9505134 0.9546052 0.9550999 0.9536897 0.9560345 0.9568658 0.9572951 0.957715 0.9587038 0.9617444 0.9658599 0.9651312 0.9704616 0.9741846 0.9752649 0.9751472 0.9757223 0.9761732 0.9773508 0.9809583
-9999 -9999 -9999 -9999 -9999 -9999 -9999 -9999 -9999 -9999 -9999 0.9216562 0.9224905 0.918178 0.9150129 0.9173584 0.9165353 0.9167441 0.918735 0.9256912 0.9323151 0.9272336 0.9292818 0.9289464 0.9344763 0.9358333 0.9423397 0.9482486 0.9450477 0.9422802 0.9352362 0.9362953 0.9386379 0.942144 0.9461693 0.948114 0.9479058 0.9452816 0.9401631 0.9376671 0.9385579 0.9470855 0.942556 0.9409742 0.9413966 0.9425461 0.9435396 0.9446311 0.9482556 0.9541833 0.9531741 0.9526082 0.954523 0.9572928 0.9575047 0.9575706 0.9573489 0.9595526 0.9640405 0.9673297 0.967492 0.9712578 0.9715362 0.9736046 0.9738547 0.9730074 0.9744456 0.9785388 0.9785936
-9999 -9999 -9999 -9999 -9999 -9999 -9999 -9999 -9999 -9999 -9999 -9999 0.9278392 0.9185878 0.9160632 0.9159737 0.9165069 0.9184257 0.9164728 0.921841 0.9276763 0.9286731 0.9322222 0.9330541 0.9398946 0.9425864 0.9420828 0.9469904 0.9447675 0.9380542 0.9371382 0.942895 0.9433072 0.9431906 0.9468597 0.9472324 0.9412802 0.939088 0.9383152 0.9378272 0.9377009 0.9419957 0.9393639 0.9395733 0.9406736 0.9427099 0.9431287 0.9449683 0.9482738 0.9533873 0.9561074 0.9557239 0.9550688 0.9561508 0.9575756 0.9564411 0.957131 0.9584365 0.9651126 0.9683889 0.9699056 0.9711687 0.970551 0.9702361 0.9722369 0.9723967 0.9737285 0.9769018 0.9779209
-9999 -9999 -9999 -9999 -9999 -9999 -9999 -9999 -9999 -9999 -9999 -9999 0.9258173 0.9190654 0.9187544 0.9152041 0.9189767 0.9230143 0.9185429 0.9175786 0.9229347 0.9244778 0.9301472 0.9320027 0.9391281 0.9355721 0.9375235 0.9444097 0.9419959 0.93899 0.9414117 0.9469538 0.9464604 0.944413 0.948083 0.9462158 0.9395019 0.9375452 0.9369442 0.9348115 0.9355932 0.9367588 0.9395834 0.9407014 0.940576 0.9432895 0.9429935 0.9459515 0.9495636 0.9561619 0.9575775 0.9558616 0.9558841 0.9577365 0.9587253 0.9567373 0.9572467 0.958929 0.9636614 0.9676595 0.968392 0.9694066 0.970399 0.9699512 0.9707981 0.9723567 0.9733008 0.974207 0.9774148
-9999 -9999 -9999 -9999 -9999 -9999 -9999 -9999 -9999 -9999 -9999 -9999 0.9257473 0.9219952 0.9187471 0.9156222 0.9179841 0.9239019 0.9190693 0.9192703 0.91852 0.9246144 0.9233432 0.9295359 0.9335838 0.9322199 0.9389861 0.9445838 0.9402379 0.9383878 0.9428115 0.9495214 0.946548 0.9477431 0.9438313 0.9386265 0.9393284 0.9368026 0.9337672 0.9411238 0.9412248 0.9391806 0.9385275 0.9389756 0.9404079 0.9416397 0.9427626 0.944541 0.9496885 0.9552379 0.9571242 0.9570465 0.9581833 0.958896 0.958564 0.9617315 0.9642244 0.9610992 0.9668851 0.9681009 0.9700009 0.9701071 0.9700361 0.9702417 0.9710229 0.9742558 0.976712 0.9787609 0.9766798
-9999 -9999 -9999 -9999 -9999 -9999 -9999 -9999 -9999 -9999 -9999 -9999 0.9261515 0.9234196 0.9173774 0.9167751 0.9207541 0.9229006 0.9133804 0.9143198 0.9175555 0.9213102 0.927618 0.9305418 0.9348732 0.9351045 0.9389365 0.9453907 0.9420211 0.9384654 0.9429592 0.9469737 0.950866 0.9456229 0.9394216 0.9344252 0.9347692 0.9310449 0.9392248 0.9449665 0.9437518 0.9368941 0.9371477 0.9388742 0.9404015 0.941659 0.9448265 0.9439392 0.9458179 0.9546366 0.9565248 0.9590445 0.9647092 0.9637741 0.9675968 0.9701165 0.9713162 0.9637644 0.9698563 0.9684784 0.9702634 0.9692302 0.9688127 0.9709225 0.9725868 0.97415 0.9769549 0.9768904 0.9790574
-9999 -9999 -9999 -9999 -9999 -9999 -9999 -9999 -9999 -9999 -9999 0.920092 0.91952 0.9169495 0.915289 0.9172089 0.9198003 0.916792 0.9127638 0.9129081 0.9143811 0.9195965 0.9216568 0.9244105 0.9331499 0.9386954 0.9410704 0.9414188 0.9414567 0.9431096 0.9451215 0.9500402 0.9500684 0.9418436 0.9341631 0.9306129 0.9306861 0.9305213 0.9407914 0.9449507 0.9437837 0.9393432 0.9373935 0.9418129 0.9406733 0.9450183 0.9474218 0.9433807 0.945354 0.9499037 0.955546 0.9631428 0.9661304 0.9671836 0.9713554 0.9744237 0.9690699 0.9655693 0.9701223 0.9674587 0.9679607 0.9675654 0.9693518 0.9713913 0.9726598 0.9765033 0.9754461 0.9786313 0.9788878
