02_Processed_Data/Guangdong-driving/Rain/txt/gd-txt-95.txt
ncols         755
nrows         605
xllcorner     491130
yllcorner     2101946
cellsize      1000
NODATA_value  -9999
[rows 155 to 185 of 605, columns 414 to 482 of 755]
0.2265619 0.226837 0.2276279 0.2446556 0.2594119 0.2589117 0.2511876 0.2513673 0.2574431 0.262588 0.2659996 0.2620552 0.2704346 0.2650331 0.2509384 0.2353799 0.2209017 0.2247732 0.2349468 0.2804022 0.2625793 0.2240327 0.2202971 0.2059001 0.1984771 0.1848233 0.1846535 0.1830335 0.1792974 0.175177 0.1720046 0.1696475 0.1698378 0.1704448 0.1720023 0.18037 0.1985387 0.1898573 0.2108222 0.2267312 0.2152791 0.215997 0.1988214 0.1792781 0.1950126 0.20677 0.186204 0.160429 0.1703117 0.1741011 0.1763171 0.1784291 0.1780348 0.1699272 0.1745367 0.188177 0.1787859 0.1768171 0.1931304 0.1621791 0.1511592 0.1627136 0.1722656 0.193862 0.1740527 0.1669716 0.1535553 0.1563968 0.1538342
0.2211705 0.2245268 0.2344503 0.2450587 0.2242119 0.2249226 0.2321979 0.2543381 0.2736731 0.2679804 0.2506477 0.2503234 0.2493371 0.2783513 0.2874548 0.2533883 0.2288748 0.2240496 0.226865 0.2740505 0.254622 0.2348402 0.2284557 0.2141968 0.2065104 0.1910929 0.189862 0.1838511 0.1785209 0.1760025 0.1756302 0.1802016 0.1819933 0.1798075 0.188293 0.1951006 0.2046213 0.207606 0.2060474 0.2282683 0.2209805 0.215997 0.2075101 0.1801837 0.190956 0.2115757 0.1915498 0.168003 0.1777763 0.1719548 0.1682989 0.168812 0.1710917 0.1703316 0.1880764 0.1774555 0.1671809 0.1858237 0.2116768 0.1989084 0.1514833 0.150445 0.1637143 0.1747648 0.1803055 0.186176 0.1689648 0.1684926 0.1647434
0.2194088 0.2214362 0.2269692 0.2232602 0.221697 0.2308478 0.2244748 0.2375181 0.254583 0.2448802 0.237995 0.2636472 0.2562406 0.2663791 0.2988195 0.258166 0.2367366 0.2260264 0.2246968 0.2548369 0.2492447 0.2463408 0.2255272 0.2031071 0.1963637 0.1889978 0.1849745 0.1817643 0.1904208 0.1855093 0.1784825 0.196532 0.1953952 0.1848012 0.1850338 0.1989183 0.2116787 0.2153381 0.2217024 0.2296983 0.2297966 0.2015945 0.2087094 0.1926384 0.2029006 0.2231212 0.1932997 0.1741573 0.1656403 0.1729081 0.1703236 0.1713744 0.1672481 0.1738359 0.1813981 0.1717537 0.1580381 0.1699424 0.1867606 0.1819169 0.1567522 0.1533552 0.1494888 0.1602766 0.1655279 0.1805478 0.1699149 0.1673248 0.168768
0.2240903 0.2207756 0.2260685 0.2208934 0.2196047 0.2208638 0.2214583 0.2316965 0.2319002 0.2373307 0.2734238 0.2827519 0.2567411 0.2572465 0.2949046 0.2782558 0.2628281 0.2430198 0.2241585 0.2335539 0.2330534 0.2396595 0.1936028 0.1943391 0.1905605 0.1901238 0.185439 0.1836981 0.2039922 0.197456 0.1882855 0.2074565 0.1962835 0.1858268 0.1925972 0.2026365 0.2194345 0.218265 0.2414117 0.2463241 0.2223985 0.2014484 0.2146357 0.2019235 0.2150082 0.2349637 0.2080987 0.1910592 0.1732957 0.1757598 0.181591 0.1787727 0.1709113 0.1661525 0.1631692 0.1656847 0.1573366 0.1600541 0.165732 0.1612135 0.158328 0.164135 0.1623976 0.1528703 0.1574537 0.1708622 0.1766099 0.1713673 0.1694968
0.2266564 0.226294 0.2241178 0.2213593 0.2210143 0.2212093 0.2230151 0.228039 0.2302571 0.2651452 0.292295 0.3067622 0.2784173 0.2646027 0.2801404 0.2758465 0.2565466 0.2411615 0.2209666 0.2136336 0.2083191 0.1934109 0.1934078 0.1912194 0.1899756 0.1918075 0.190723 0.1865897 0.2018111 0.2090678 0.2105837 0.2123863 0.2064351 0.1932752 0.2020895 0.2101473 0.2312443 0.2272601 0.2412829 0.2416351 0.2202637 0.2056259 0.2277048 0.2070767 0.2162722 0.2370367 0.2328601 0.2136764 0.200695 0.1854597 0.2016636 0.1921252 0.1929538 0.1824044 0.1835659 0.1630149 0.1659672 0.165898 0.1612138 0.161883 0.1853731 0.1857473 0.1777307 0.1602251 0.1531849 0.1542434 0.1599385 0.1648055 0.1620253
0.2271016 0.2250056 0.2311578 0.2226497 0.2229812 0.2227814 0.2225857 0.2214583 0.2211394 0.2720984 0.2875966 0.3026073 0.2856784 0.2723837 0.264341 0.270642 0.2652889 0.2501705 0.238415 0.2355048 0.2135957 0.2022734 0.1988313 0.1977133 0.1995372 0.2161118 0.188975 0.1973641 0.2192012 0.214816 0.2117847 0.2082339 0.2077822 0.1950246 0.2058653 0.219565 0.2327468 0.2368203 0.251518 0.2455655 0.223258 0.2220472 0.2135546 0.221253 0.2254855 0.2365892 0.2431546 0.2332364 0.2217351 0.1981813 0.2154625 0.2158606 0.2023301 0.2039995 0.1937552 0.1672858 0.1639955 0.1707084 0.1785211 0.1852111 0.1861925 0.2024317 0.1839516 0.1827945 0.171693 0.1744826 0.1649581 0.1465379 0.1473504
0.2322527 0.2298963 0.2430381 0.22597 0.2252374 0.2233041 0.2219108 0.2277514 0.232794 0.2691678 0.2909752 0.3089455 0.2835663 0.2598401 0.2572921 0.2535473 0.2544969 0.2570616 0.2461151 0.2413365 0.227599 0.2073126 0.2171411 0.2104043 0.2263034 0.2316464 0.1953767 0.2149087 0.2255253 0.2171153 0.2165062 0.2187316 0.2189599 0.2047083 0.2041658 0.2139772 0.2189752 0.2488251 0.2624533 0.2344908 0.2194359 0.2347391 0.2188976 0.2341166 0.2234539 0.2274468 0.2395196 0.2292023 0.21851 0.2112017 0.2161374 0.2270094 0.2232813 0.2237465 0.2128347 0.1798272 0.1776039 0.1735558 0.1852523 0.1958548 0.1977805 0.2024317 0.2077467 0.1788997 0.1828693 0.1935645 0.1729326 0.1641498 0.1563124
0.2497411 0.2427068 0.2465066 0.2362731 0.2308626 0.230543 0.2321017 0.2378156 0.2490229 0.2887557 0.313572 0.3131592 0.2899344 0.2647231 0.2577636 0.2605849 0.2663738 0.2705719 0.259343 0.2504059 0.2373431 0.234064 0.2321433 0.2263491 0.2323498 0.2256405 0.1959451 0.2304991 0.2375162 0.2266952 0.2281044 0.2383887 0.223588 0.2183346 0.2176627 0.2341902 0.2401322 0.2556238 0.2552965 0.2343182 0.238328 0.2274605 0.2351434 0.2400311 0.2270901 0.2445103 0.2310832 0.2100313 0.2010879 0.2018372 0.2168439 0.2075851 0.215673 0.222719 0.2102006 0.1934205 0.1880858 0.1842902 0.1869443 0.1927094 0.1975875 0.2137872 0.2073267 0.1822501 0.165851 0.1859709 0.167381 0.1676244 0.1507437
0.2596202 0.2489792 0.2406263 0.2358889 0.2322259 0.234725 0.2399057 0.2448233 0.2561717 0.2779675 0.3141782 0.2957858 0.2820979 0.2653461 0.2559836 0.2685963 0.2801745 0.2676004 0.2492736 0.2501312 0.251546 0.2484077 0.2363279 0.237242 0.2263693 0.2093604 0.1981385 0.2353978 0.2467157 0.2332155 0.2399993 0.2305567 0.2256941 0.2280971 0.2377655 0.2427541 0.2485664 0.2437942 0.2452163 0.2553837 0.2486593 0.2341719 0.2590711 0.2623524 0.2384089 0.2566386 0.2233495 0.2074024 0.2050401 0.199216 0.2146293 0.1993338 0.2066202 0.1838892 0.1888085 0.1864152 0.1805941 0.1881476 0.1902717 0.1750966 0.1772839 0.1915331 0.2048101 0.1813572 0.1681603 0.1638425 0.1637886 0.17513 0.1529425
0.2663081 0.2520601 0.243603 0.240346 0.2386989 0.2402684 0.2471968 0.2681862 0.2822191 0.2984343 0.2914522 0.3013894 0.2938831 0.2757797 0.2689592 0.2575976 0.2554867 0.2452186 0.2436613 0.2368925 0.2334807 0.2335602 0.2148358 0.2110614 0.2085037 0.2040844 0.2123955 0.2318675 0.2434596 0.2542605 0.2504457 0.2377869 0.2373593 0.2325189 0.2336019 0.2348367 0.2413254 0.2380343 0.2417431 0.2576872 0.2531151 0.2531289 0.2655803 0.2583959 0.2357993 0.2380599 0.215245 0.2108459 0.2109038 0.2138086 0.2132526 0.2054783 0.2056542 0.2051911 0.2091906 0.2036938 0.1840691 0.1816229 0.1857489 0.1795093 0.1730619 0.1855538 0.19299 0.1811651 0.1806082 0.1706559 0.1601042 0.1633834 0.1551714
0.2629775 0.2552969 0.2445942 0.2408097 0.2422492 0.2430231 0.2545108 0.2734998 0.2996179 0.3079397 0.2990859 0.2909092 0.2816652 0.2658616 0.2590561 0.2537312 0.261273 0.2625377 0.2581739 0.2508664 0.2328599 0.2208972 0.2284439 0.2189195 0.2203843 0.2234676 0.2302039 0.2380293 0.2403655 0.2274137 0.2217252 0.2314886 0.2361673 0.2361673 0.2353593 0.2396689 0.2368824 0.2347854 0.2439828 0.2536025 0.2480745 0.2494135 0.2630821 0.2713158 0.2478943 0.2247652 0.2170974 0.2093206 0.2238523 0.2176058 0.2277631 0.2308356 0.2378306 0.224856 0.2154035 0.2046415 0.1967524 0.1866529 0.1643979 0.1659841 0.1644207 0.1694048 0.1677664 0.161373 0.1694514 0.1918108 0.1864958 0.1577632 0.1576371
0.25824 0.2624799 0.2492531 0.2531045 0.2522729 0.2558625 0.2541009 0.2685415 0.2974595 0.3036362 0.2967978 0.2890252 0.2750883 0.2686777 0.2636124 0.2635078 0.2596621 0.2637394 0.2744071 0.2660233 0.2494608 0.2361475 0.2267084 0.2332437 0.2344459 0.2341858 0.2520592 0.2708847 0.2634144 0.2509913 0.2270386 0.2052485 0.2075009 0.2088296 0.2054769 0.2237521 0.2114407 0.2289467 0.2463373 0.2457609 0.2351373 0.2480251 0.2566296 0.2553381 0.2422574 0.2282607 0.2228794 0.2062482 0.2205162 0.2042067 0.2085968 0.2161031 0.2456527 0.2470452 0.2286031 0.2138187 0.197897 0.1943481 0.1724587 0.1618814 0.1640214 0.1671195 0.1670142 0.1625914 0.1617539 0.1890196 0.1797028 0.1600457 0.1698926
0.2640482 0.2570513 0.2648729 0.2775677 0.2705865 0.2875712 0.2930468 0.2908955 0.2911582 0.2831258 0.2859481 0.287848 0.2823712 0.2736792 0.2734504 0.2800743 0.2699271 0.2748219 0.2848257 0.2709454 0.2424517 0.2312951 0.2344731 0.2437211 0.2411742 0.2488407 0.261083 0.272264 0.2901698 0.2546655 0.2378334 0.2216871 0.2097174 0.2001847 0.200056 0.2039727 0.2162313 0.23683 0.2405348 0.2347288 0.2206206 0.2403594 0.240008 0.2489232 0.2453781 0.246286 0.2437286 0.2163639 0.2208379 0.2195669 0.2024848 0.206774 0.2280058 0.2512822 0.2422407 0.2230306 0.2174118 0.2192106 0.1822823 0.1625622 0.1622134 0.1641341 0.1643292 0.164107 0.1635351 0.1833248 0.1630546 0.1724618 0.1826544
0.267067 0.261819 0.2673958 0.2770202 0.2677716 0.2696374 0.2865 0.276191 0.2733829 0.2808873 0.2897536 0.2858898 0.2780046 0.2765689 0.2742001 0.2749256 0.2689472 0.2699565 0.2852029 0.2634102 0.2433752 0.234903 0.2363759 0.235973 0.2534337 0.2578856 0.2716114 0.2705844 0.2742685 0.2632006 0.2501338 0.2333229 0.2065941 0.1998938 0.1988364 0.2140228 0.2265556 0.2454154 0.2335555 0.2288289 0.2168742 0.2261485 0.2252983 0.2440179 0.2541695 0.2354855 0.2307857 0.2124197 0.2163615 0.2277133 0.2216429 0.1936451 0.1980912 0.2391786 0.243833 0.2310703 0.2093769 0.1991558 0.1925782 0.1664262 0.1643753 0.1639382 0.1658776 0.1655272 0.1652208 0.1751911 0.1773387 0.170354 0.1741754
0.2672968 0.269688 0.2794462 0.2699358 0.2708701 0.2811782 0.2726139 0.2757002 0.2761134 0.2735859 0.2734727 0.2803316 0.267507 0.2695532 0.2811495 0.2731578 0.2753752 0.2868624 0.2728542 0.2513376 0.2423171 0.2385375 0.2387151 0.2399304 0.2433044 0.251522 0.2549195 0.256584 0.2661814 0.2618322 0.2466242 0.229149 0.210615 0.2032381 0.2019202 0.2281305 0.2413407 0.2344346 0.2319769 0.2284644 0.2153075 0.2243191 0.2310247 0.2237096 0.241518 0.2494171 0.222038 0.2192482 0.2430617 0.2407272 0.2150641 0.1979468 0.1951831 0.2027372 0.2124604 0.2257238 0.2090255 0.1890556 0.1864904 0.1683586 0.1678847 0.1662706 0.1682499 0.1702637 0.1681244 0.1673422 0.1671322 0.1669713 0.1683043
0.3070407 0.2911006 0.2650131 0.2702373 0.2671644 0.2689135 0.2707998 0.269477 0.2720403 0.27086 0.2775827 0.2792277 0.272169 0.2641829 0.2764462 0.2660466 0.2826346 0.2922506 0.2727465 0.2489561 0.2392774 0.2420742 0.2363836 0.2339826 0.235082 0.2371329 0.251947 0.2510689 0.2527538 0.2533784 0.2416676 0.2280921 0.2137263 0.2024733 0.2063844 0.2108591 0.241526 0.2318075 0.2249265 0.2156485 0.2078671 0.211784 0.2294015 0.2400795 0.2333302 0.2249936 0.2001971 0.2038483 0.245367 0.2257224 0.2210047 0.2183289 0.216627 0.1913198 0.194234 0.1888974 0.195351 0.1940903 0.181138 0.1831426 0.1748417 0.1686396 0.1706606 0.1714971 0.1752631 0.1697623 0.1695554 0.1693976 0.1703403
0.2885737 0.27117 0.2701479 0.267483 0.2720495 0.2771543 0.2731593 0.2715775 0.2745512 0.2765925 0.2774334 0.2824443 0.2772686 0.2640588 0.2634506 0.2784242 0.2889803 0.2905503 0.2556182 0.2425819 0.235997 0.2379898 0.2355561 0.2269937 0.2271564 0.2504231 0.2440369 0.2407502 0.2463354 0.2468333 0.2485531 0.2419648 0.2302907 0.2052109 0.2080637 0.2078473 0.2334203 0.2314941 0.2145526 0.2054155 0.2201912 0.208007 0.2314367 0.2417184 0.2242373 0.2129537 0.1974614 0.2211985 0.2430104 0.240016 0.2365123 0.2388087 0.2353625 0.2234941 0.189145 0.1863625 0.1958764 0.192082 0.199145 0.1719414 0.1721302 0.171047 0.1731106 0.1727698 0.1760145 0.1722219 0.172018 0.1718633 0.1734652
0.272271 0.2649169 0.2783851 0.2742568 0.2729422 0.2727011 0.2723296 0.2763794 0.2770863 0.2827508 0.2848174 0.2721396 0.2696531 0.2630229 0.2614861 0.2786128 0.2957543 0.2864605 0.2628119 0.2373121 0.2283257 0.2347436 0.2314016 0.22339 0.2320105 0.2556883 0.2519945 0.2398566 0.2412888 0.2490427 0.2582871 0.239089 0.2299727 0.2124157 0.2069551 0.2087598 0.2111183 0.2132261 0.2067616 0.2024637 0.2078501 0.2152704 0.2254519 0.2376199 0.2235012 0.2056847 0.2086556 0.2365899 0.2508913 0.2470978 0.227761 0.2324799 0.2361536 0.2354282 0.2108013 0.18679 0.1913638 0.1945218 0.1768491 0.177135 0.1753602 0.1749364 0.1767816 0.1881803 0.1898834 0.1770835 0.1745216 0.1743702 0.1767618
0.2662992 0.2892089 0.2791485 0.2779748 0.2798822 0.2820606 0.284911 0.2941975 0.2972083 0.2878739 0.2774762 0.2666936 0.2640823 0.2637526 0.2767178 0.2762769 0.2860445 0.2905849 0.2767434 0.2405028 0.2267054 0.2319268 0.231031 0.2267757 0.2393091 0.2619213 0.2568937 0.2418108 0.2452645 0.2567853 0.2625476 0.2468474 0.2357259 0.2208612 0.216885 0.2204421 0.2115329 0.2061313 0.211218 0.2172632 0.2233281 0.2231042 0.2154745 0.2228176 0.215423 0.200608 0.2200191 0.2372526 0.234916 0.2204186 0.2118757 0.2117779 0.2186563 0.2228924 0.2000377 0.1863265 0.1990486 0.1896546 0.1785368 0.1834215 0.1764004 0.1759803 0.1844289 0.1855385 0.189901 0.1808067 0.1773302 0.1770506 0.176822
0.2642325 0.2704179 0.2862272 0.2843936 0.2872479 0.2839468 0.2857357 0.2891346 0.2979212 0.2949054 0.2795445 0.2764038 0.2727317 0.2665158 0.2765464 0.2712822 0.2739447 0.2917826 0.2707018 0.2379642 0.2269866 0.2300746 0.2282774 0.2310063 0.2450253 0.2527468 0.2437008 0.2403046 0.2445721 0.2477789 0.2614691 0.2508779 0.2299659 0.2235656 0.2177185 0.2113506 0.2060751 0.2103446 0.2100697 0.221626 0.2287725 0.2241265 0.2121339 0.2178567 0.2077025 0.2037169 0.2232689 0.2372806 0.2220987 0.2176775 0.211012 0.1982285 0.1976317 0.2013398 0.2090864 0.182086 0.181095 0.1804001 0.1798714 0.179379 0.1789242 0.1795577 0.2031482 0.2094935 0.2001169 0.1929234 0.182019 0.181087 0.1794187
0.2712918 0.2681161 0.3014952 0.2977972 0.2951725 0.2973697 0.2843087 0.2676368 0.2774746 0.2745992 0.2835228 0.2865661 0.2765946 0.2766959 0.2637834 0.2593336 0.2626764 0.2811947 0.2688479 0.2476502 0.2297047 0.2332032 0.2301073 0.2333864 0.2373471 0.2438692 0.2525507 0.2425859 0.2400167 0.2498095 0.2573337 0.2374894 0.2220893 0.2174426 0.2273086 0.2124926 0.2089688 0.2131137 0.213921 0.2179684 0.2186798 0.2161894 0.2021697 0.2219207 0.2036247 0.2108697 0.2297613 0.2360031 0.2173836 0.207626 0.2055102 0.1934175 0.2008283 0.187349 0.1847255 0.1841009 0.1836402 0.1829507 0.1824272 0.1819399 0.1825392 0.1901651 0.2063178 0.2089275 0.2085079 0.2013196 0.1935099 0.1860937 0.1824547
0.2762322 0.288863 0.3015255 0.3202312 0.3090295 0.2853813 0.272732 0.2637001 0.2691301 0.2666658 0.2845731 0.2679092 0.2639873 0.2738824 0.2682276 0.2625793 0.2558644 0.2682172 0.2776251 0.2579131 0.2316469 0.2365029 0.234788 0.2321704 0.238288 0.2519336 0.2578054 0.2466418 0.2376385 0.2459639 0.2502759 0.2415815 0.2269955 0.2269215 0.2186753 0.2201099 0.2152523 0.2141707 0.2084367 0.2120822 0.2120063 0.2087438 0.2037199 0.208518 0.2150806 0.2275442 0.2372361 0.2373135 0.2203215 0.194031 0.1995125 0.2038453 0.1987203 0.1905793 0.1940423 0.1868119 0.1860949 0.1855427 0.1850249 0.1870353 0.1902665 0.1980049 0.2027193 0.199323 0.2002451 0.1989409 0.1966146 0.193274 0.1884435
0.2862825 0.298522 0.305863 0.3048628 0.2851224 0.2699365 0.2666679 0.2621977 0.2646923 0.2603638 0.2611267 0.2598864 0.259187 0.265054 0.2619594 0.261153 0.256461 0.2588907 0.2693818 0.252901 0.23201 0.2423823 0.2315771 0.2339355 0.2440898 0.2538523 0.2618814 0.2421365 0.2378407 0.2469807 0.2369393 0.2285227 0.2189126 0.2260963 0.2315505 0.2231953 0.2301592 0.2379459 0.2102216 0.2075966 0.2131407 0.2021563 0.2033112 0.2019809 0.2061308 0.2157976 0.2278927 0.2258498 0.2096699 0.2146248 0.2286911 0.2227447 0.2064053 0.2051923 0.2008034 0.1924512 0.1938589 0.1894881 0.1906818 0.1957826 0.1879313 0.1990761 0.2050458 0.2036602 0.2068603 0.2022224 0.2001691 0.2007025 0.1994161
0.2868516 0.290935 0.2993808 0.2941067 0.2814719 0.2692414 0.2658488 0.2613889 0.2624213 0.2643946 0.2623564 0.2612598 0.2677993 0.268332 0.2682005 0.2609611 0.2526548 0.2536178 0.2494876 0.2538222 0.2345425 0.2358061 0.2320187 0.2380112 0.2440141 0.2552631 0.2796778 0.2521574 0.2278711 0.2262825 0.2312845 0.2318708 0.2342168 0.2333563 0.2366724 0.2355751 0.2457698 0.2285991 0.209902 0.2067613 0.2059016 0.2025361 0.2018743 0.2014835 0.2123143 0.2210552 0.2382363 0.2383402 0.2538591 0.245704 0.2291842 0.2138942 0.2230817 0.2224119 0.2182984 0.2051311 0.1985427 0.2042789 0.2067096 0.2008927 0.1993879 0.2063387 0.2084884 0.214726 0.2091156 0.2020799 0.2012356 0.2047149 0.1939962
0.291058 0.3038535 0.3005527 0.2808311 0.2818614 0.2672316 0.263448 0.2640854 0.2656633 0.2659067 0.263611 0.2681471 0.2702869 0.2700254 0.2701722 0.2547556 0.2563919 0.2650159 0.2680103 0.2589319 0.2448955 0.2342241 0.2389312 0.2370144 0.2465174 0.2485145 0.2572345 0.2463688 0.2359182 0.2266884 0.2314322 0.2332366 0.2205586 0.2350103 0.2466583 0.2591283 0.235641 0.2169165 0.2089566 0.2056951 0.2047119 0.2037481 0.2055229 0.2068695 0.2182666 0.228487 0.2329855 0.2508683 0.2704602 0.2625624 0.2282469 0.2306018 0.2401997 0.2319235 0.2220742 0.2205395 0.2046077 0.203806 0.2087838 0.209121 0.2109647 0.2092391 0.2186596 0.2247721 0.2179675 0.220559 0.2194554 0.2110512 0.195137
0.3033201 0.3064871 0.2868883 0.2736033 0.2699589 0.2651121 0.2661583 0.2678772 0.2667884 0.2663728 0.2678358 0.2705082 0.2681027 0.2642274 0.2646533 0.2677702 0.281498 0.2865083 0.2713917 0.2550754 0.2559488 0.2475694 0.2713755 0.2474553 0.2333443 0.2319964 0.2418005 0.2338982 0.2260083 0.229675 0.2420801 0.2283242 0.2284084 0.2392461 0.2482201 0.2504986 0.2303775 0.2288115 0.219116 0.2097129 0.2066129 0.2039313 0.2076117 0.2111077 0.2131661 0.2316798 0.2454075 0.2453976 0.2569022 0.2665948 0.2480576 0.2294467 0.2374513 0.2229055 0.2190784 0.2175531 0.2128536 0.215268 0.222259 0.2224721 0.2181789 0.2148591 0.2141832 0.197107 0.1988395 0.1999558 0.1974257 0.1961292 0.1960688
0.3158731 0.3028526 0.2756574 0.2752346 0.2724044 0.2699779 0.2700976 0.2691499 0.2657959 0.26432 0.2690067 0.2698157 0.267555 0.2679856 0.2724488 0.2900734 0.3086443 0.3027924 0.2843306 0.2645347 0.2812577 0.2636272 0.2402227 0.2506761 0.2542944 0.243024 0.231899 0.2270948 0.2318332 0.2277253 0.2279261 0.2313624 0.2436722 0.2584131 0.2581359 0.2427066 0.2411197 0.225375 0.2146211 0.2112391 0.21174 0.2082694 0.2098684 0.2216638 0.2257372 0.2334401 0.2392957 0.2449077 0.2556217 0.2630208 0.2406526 0.2157732 0.2306018 0.2259535 0.2170597 0.2130066 0.202038 0.2102077 0.2093263 0.2100838 0.2154199 0.2158508 0.2000414 0.1997635 0.1995274 0.1993345 0.1991868 0.1997454 0.2029916
0.3051558 0.2778224 0.2769001 0.2764883 0.2701882 0.2668356 0.2648245 0.2642892 0.2642927 0.2640327 0.2645801 0.2659354 0.266093 0.2688164 0.2675188 0.2719994 0.319172 0.3153446 0.2842761 0.2815382 0.2962587 0.2687059 0.2441319 0.2656033 0.2727225 0.2472347 0.243235 0.2588449 0.2363455 0.2415107 0.2367559 0.2306729 0.2517186 0.2635174 0.2466066 0.233089 0.2288576 0.2218379 0.213239 0.2147993 0.2117139 0.2097178 0.2161685 0.2310534 0.2400812 0.2488642 0.2607431 0.2631602 0.2599906 0.2486965 0.2462465 0.2180385 0.2241942 0.2179541 0.2145491 0.2082358 0.2025104 0.20201 0.2016754 0.2012441 0.202827 0.2003599 0.2030008 0.2027336 0.2025081 0.2023259 0.2029801 0.2084776 0.2029796
0.2817442 0.2770456 0.2859307 0.2770962 0.2696024 0.2724189 0.2722931 0.2721704 0.2760676 0.2747473 0.2751772 0.2659627 0.2677438 0.2695386 0.2724133 0.2766367 0.3320083 0.3222858 0.2984766 0.3136025 0.2943739 0.2684427 0.2506195 0.2730417 0.2721184 0.2505346 0.2507074 0.2586775 0.2592771 0.2464667 0.2372937 0.2427658 0.2332338 0.2512034 0.2370047 0.2275578 0.2234713 0.2172646 0.2170875 0.2167952 0.2125213 0.2137298 0.2164963 0.2249799 0.2341533 0.239608 0.2640576 0.261677 0.2610576 0.2394883 0.2377182 0.2199431 0.2225034 0.2293682 0.2222346 0.2127268 0.2054032 0.2049139 0.2044586 0.2040383 0.2036543 0.2033081 0.2060093 0.2057541 0.2055406 0.2053703 0.2076324 0.20543 0.2051361
0.2843269 0.2916876 0.2859307 0.2809407 0.2786791 0.305232 0.3092901 0.2873102 0.2889585 0.2959798 0.2799182 0.2733914 0.2750578 0.2908238 0.3036427 0.3057298 0.3493006 0.3456297 0.3465303 0.3452913 0.317349 0.295993 0.2694836 0.2729911 0.2712741 0.2733265 0.2616986 0.257868 0.2552579 0.2401771 0.2302444 0.2298331 0.2309061 0.2325283 0.2289554 0.2375564 0.2211902 0.2186022 0.2171009 0.21589 0.2144379 0.2148475 0.2179278 0.2210797 0.2430911 0.2496273 0.240555 0.2550206 0.2542803 0.2430109 0.2319014 0.22977 0.2308737 0.2263949 0.2163347 0.2108478 0.2087346 0.2078619 0.2074189 0.2070106 0.2066388 0.2063044 0.2090667 0.2090892 0.2103589 0.2084677 0.2095563 0.2095563 0.2082904
0.2900113 0.2882805 0.2890944 0.2864151 0.2975519 0.2947725 0.2980364 0.2882831 0.2990704 0.309996 0.2907243 0.2808535 0.2880345 0.3003222 0.3036225 0.3196809 0.3036651 0.3196033 0.3287035 0.3407648 0.3281363 0.2870602 0.273342 0.2549818 0.2575719 0.2660793 0.2712422 0.2807123 0.2807123 0.2601272 0.241166 0.2311295 0.2350058 0.2462444 0.253112 0.240844 0.2335583 0.2234836 0.2203791 0.2191621 0.2183588 0.2171792 0.2196014 0.220329 0.2213558 0.2379028 0.229889 0.2365948 0.2497376 0.2625041 0.2632721 0.2589895 0.2499245 0.2200454 0.2151794 0.2134158 0.2118169 0.2113191 0.2108539 0.2105564 0.2100287 0.2096699 0.2124507 0.2124507 0.2124909 0.214043 0.2165741 0.2171461 0.2126882
