02_Processed_Data/Guangdong-driving/Tem/txt/txt-95.txt
ncols         755
nrows         605
xllcorner     491130
yllcorner     2101946
cellsize      1000
NODATA_value  -9999
[rows 248 to 278 of 605, columns 138 to 206 of 755]
-9999 -9999 -9999 -9999 -9999 -9999 -9999 -9999 -9999 -9999 -9999 -9999 -9999 -9999 -9999 -9999 -9999 -9999 -9999 -9999 -9999 -9999 -9999 -9999 -9999 -9999 0.6912273 0.7388525 0.7516217 0.7729999 0.7886354 0.7919672 0.7866863 0.8039559 0.8044114 0.7860027 0.818848 0.8238081 0.8119543 0.81486 0.8116133 0.7862219 0.8000914 0.7951984 0.7743114 0.7767952 0.7526239 0.7792968 0.8022771 0.8096741 0.7998471 0.8174913 0.8129913 0.7920874 0.7994751 0.8007105 0.7675003 0.777343 0.7855442 0.7904633 0.7830792 0.7728234 0.6906945 0.5574203 0.6287585 0.7292086 0.6894211 0.6705444 0.6606876
-9999 -9999 -9999 -9999 -9999 -9999 -9999 -9999 -9999 -9999 -9999 -9999 -9999 -9999 -9999 -9999 -9999 -9999 -9999 -9999 -9999 -9999 -9999 -9999 -9999 -9999 -9999 0.7436718 0.7642322 0.7769995 0.7651618 0.7701341 0.7935566 0.7784322 0.7809381 0.7891824 0.7810231 0.8245274 0.8225147 0.8081983 0.7914197 0.8045727 0.7934289 0.7676229 0.7902007 0.7840732 0.7713828 0.7988753 0.8210354 0.805469 0.8145036 0.8136952 0.8067343 0.8087927 0.7985479 0.7891213 0.7743623 0.7719032 0.7854341 0.7895323 0.7710764 0.7386771 0.5618255 0.5286022 0.6028098 0.7430338 0.7048856 0.70364 0.6663089
-9999 -9999 -9999 -9999 -9999 -9999 -9999 -9999 -9999 -9999 -9999 -9999 -9999 -9999 -9999 -9999 -9999 -9999 -9999 -9999 -9999 -9999 -9999 -9999 -9999 -9999 -9999 0.7259385 0.7391182 0.7543459 0.7535797 0.7696234 0.7709032 0.7561891 0.7418829 0.7628388 0.778052 0.8248367 0.825284 0.815478 0.8056701 0.8163626 0.8048082 0.7699809 0.7884579 0.7536266 0.7848111 0.8229644 0.7688549 0.7241746 0.7623222 0.8160498 0.8029375 0.7992545 0.7910593 0.798034 0.7143862 0.7517011 0.7906542 0.7857305 0.7525121 0.6659856 0.5990254 0.6117266 0.6617405 0.7416865 0.7064076 0.704751 0.6493769
-9999 -9999 -9999 -9999 -9999 -9999 -9999 -9999 -9999 -9999 -9999 -9999 -9999 -9999 -9999 -9999 -9999 -9999 -9999 -9999 -9999 -9999 -9999 -9999 -9999 -9999 0.7417689 0.7537206 0.7652603 0.7608057 0.7481484 0.7477902 0.7375887 0.734766 0.7204598 0.7840604 0.7955832 0.8075137 0.8260029 0.8043055 0.7903969 0.8211813 0.8116769 0.7977615 0.7981961 0.8002688 0.8101302 0.7970272 0.7654699 0.744162 0.7244921 0.8028219 0.8081612 0.8081612 0.764293 0.7101715 0.7491292 0.7503608 0.6658907 0.7671703 0.7683966 0.7282065 0.6186023 0.6411453 0.6821389 0.7272313 0.7186059 0.6878364 0.69602
-9999 -9999 -9999 -9999 -9999 -9999 -9999 -9999 -9999 -9999 -9999 -9999 -9999 -9999 -9999 -9999 -9999 -9999 -9999 -9999 -9999 -9999 -9999 -9999 -9999 0.6747023 0.7219226 0.7494586 0.7687913 0.7827913 0.761115 0.7714202 0.7686019 0.7542999 0.7682891 0.7215891 0.7810893 0.7971224 0.8074127 0.8267218 0.8267566 0.8132578 0.8230275 0.8201855 0.8177512 0.8149049 0.8231277 0.790754 0.7833911 0.7165692 0.7317548 0.7617003 0.8076358 0.8109241 0.6911963 0.6026303 0.6645501 0.7084258 0.6879225 0.7067817 0.7440913 0.6604352 0.6156172 0.6459502 0.6783318 0.7287539 0.6897839 0.7279015 0.7016401
-9999 -9999 -9999 -9999 -9999 -9999 -9999 -9999 -9999 -9999 -9999 -9999 -9999 -9999 -9999 -9999 -9999 -9999 -9999 -9999 -9999 -9999 -9999 -9999 -9999 0.6963332 0.7390432 0.7505875 0.7691004 0.7949917 0.7831568 0.7889516 0.793104 0.7841326 0.7977118 0.7686438 0.7982104 0.7978415 0.7724574 0.7884861 0.8274751 0.8275077 0.8163642 0.8241831 0.8233888 0.8234124 0.8226138 0.8086917 0.7869768 0.7808413 0.793566 0.81326 0.7915367 0.781703 0.5943166 0.6406558 0.6841224 0.7296377 0.7009324 0.7644861 0.7140448 0.6787735 0.5740868 0.563004 0.657712 0.7192044 0.6810537 0.7310613 0.6547732
-9999 -9999 -9999 -9999 -9999 -9999 -9999 -9999 -9999 -9999 -9999 -9999 -9999 -9999 -9999 -9999 -9999 -9999 -9999 -9999 -9999 -9999 -9999 -9999 0.6674607 0.7228846 0.7524735 0.7664779 0.7821208 0.8010415 0.8170899 0.8048427 0.8077649 0.7914127 0.8029415 0.8148782 0.8083607 0.8186527 0.8006493 0.7982256 0.8220428 0.8282257 0.8170818 0.8175195 0.7884315 0.8028063 0.8143086 0.8159679 0.8114743 0.8077989 0.8061714 0.8016715 0.7803579 0.7451006 0.5814963 0.6733497 0.7369083 0.7721714 0.7344443 0.7647834 0.7196716 0.6429846 0.663771 0.6071721 0.6657948 0.7289265 0.7309592 0.6575418 0.6452198
-9999 -9999 -9999 -9999 -9999 -9999 -9999 -9999 -9999 -9999 -9999 -9999 -9999 -9999 -9999 -9999 -9999 -9999 -9999 -9999 -9999 -9999 -9999 -9999 0.693602 0.7277036 0.7523721 0.7753978 0.7922708 0.805451 0.8157588 0.8223739 0.8113545 0.7962325 0.8077613 0.8073964 0.8070293 0.8115805 0.8214602 0.807555 0.8227609 0.8289434 0.8296904 0.8042946 0.7780766 0.8022922 0.8019027 0.8043815 0.8089085 0.7863702 0.8036044 0.7704005 0.7527767 0.7224392 0.6789781 0.7298263 0.752379 0.7679593 0.7265409 0.773281 0.7343191 0.7179081 0.6833365 0.6406781 0.6951995 0.7484888 0.7599516 0.6721813 0.7143947
-9999 -9999 -9999 -9999 -9999 -9999 -9999 -9999 -9999 -9999 -9999 -9999 -9999 -9999 -9999 -9999 -9999 -9999 -9999 -9999 -9999 -9999 -9999 -9999 0.6967806 0.7206313 0.7243873 0.7740664 0.8057014 0.8172414 0.8127875 0.8263733 0.8145338 0.8096631 0.8105306 0.8163164 0.8208697 0.8102489 0.8123375 0.8226248 0.8247089 0.8062884 0.8123654 0.8246936 0.806676 0.811209 0.7981074 0.8055063 0.8137231 0.8047157 0.7985766 0.7928454 0.759639 0.7551338 0.7198732 0.7387366 0.7879418 0.7247918 0.7202769 0.774397 0.7764391 0.7161521 0.6901898 0.7090375 0.7200926 0.7454976 0.7836128 0.7220842 0.7675768
-9999 -9999 -9999 -9999 -9999 -9999 -9999 -9999 -9999 -9999 -9999 -9999 -9999 -9999 -9999 -9999 -9999 -9999 -9999 -9999 -9999 -9999 -9999 -9999 -9999 0.7430824 0.7349473 0.7735553 0.7945288 0.8179605 0.8188372 0.8176612 0.8255041 0.8128423 0.8132997 0.8215455 0.8228185 0.8203986 0.8159262 0.825393 0.8045141 0.7975746 0.8237432 0.8311506 0.825434 0.8193051 0.8062032 0.8066306 0.8070561 0.8115796 0.8087203 0.7951976 0.7820827 0.7640452 0.7000803 0.7324746 0.7907001 0.7656837 0.7931517 0.7833033 0.7435196 0.7291571 0.6851507 0.759354 0.8052623 0.7818706 0.7478158 0.7379524 0.7317778
-9999 -9999 -9999 -9999 -9999 -9999 -9999 -9999 -9999 -9999 -9999 -9999 -9999 -9999 -9999 -9999 -9999 -9999 -9999 -9999 -9999 -9999 -9999 -9999 -9999 -9999 0.7647793 0.7746841 0.8013986 0.8112987 0.8175059 0.8196105 0.8282734 0.8275028 0.8201693 0.8173437 0.8235369 0.8243973 0.8256652 0.8248807 0.7966206 0.8028023 0.8051875 0.8318666 0.8318902 0.8265809 0.8106081 0.8175959 0.8089995 0.8254139 0.8049219 0.7672054 0.7991952 0.7836174 0.7409742 0.7606562 0.7655745 0.8041148 0.7672043 0.7421831 0.7475038 0.7212489 0.747359 0.7633345 0.7768477 0.806761 0.7714752 0.7800628 0.7824979
-9999 -9999 -9999 -9999 -9999 -9999 -9999 -9999 -9999 -9999 -9999 -9999 -9999 -9999 -9999 -9999 -9999 -9999 -9999 -9999 -9999 -9999 -9999 -9999 -9999 0.7957755 0.78313 0.792625 0.8045777 0.8111974 0.8108439 0.8186891 0.8179209 0.8282216 0.8249884 0.8283133 0.8254852 0.8218348 0.8239226 0.8128867 0.7891367 0.81213 0.7944221 0.8174105 0.8326054 0.8326262 0.8264942 0.8256902 0.8125829 0.8220258 0.803993 0.7777575 0.778993 0.753163 0.7515237 0.7162585 0.7699717 0.8093312 0.7203437 0.7732307 0.7580481 0.722361 0.7849636 0.7988876 0.7906673 0.8021274 0.790623 0.8106908 0.8094344
-9999 -9999 -9999 -9999 -9999 -9999 -9999 -9999 -9999 -9999 -9999 -9999 -9999 -9999 -9999 -9999 -9999 -9999 -9999 -9999 -9999 -9999 -9999 -9999 0.7824837 0.7997743 0.7945099 0.7871929 0.7913548 0.8143764 0.8222241 0.8185877 0.82274 0.8252497 0.8261167 0.780236 0.7790479 0.8069709 0.8024977 0.8090933 0.7951843 0.7968548 0.8066193 0.8168957 0.8169183 0.8333405 0.8333585 0.8292738 0.8186259 0.8059257 0.7813315 0.8063511 0.7542794 0.781755 0.7985672 0.8018456 0.8235741 0.7665714 0.7230983 0.7722939 0.7726919 0.772678 0.7832028 0.8020464 0.813507 0.8122545 0.8290424 0.807694 0.8261186
-9999 -9999 -9999 -9999 -9999 -9999 -9999 -9999 -9999 -9999 -9999 -9999 -9999 -9999 -9999 -9999 -9999 -9999 -9999 -9999 -9999 -9999 -9999 -9999 0.792633 0.7996726 0.8026094 0.8030834 0.8109359 0.8187857 0.8114615 0.8139758 0.8152577 0.8267882 0.8030523 0.7854646 0.7764854 0.8171197 0.8110059 0.8266223 0.8172235 0.8168433 0.7979038 0.8102297 0.829114 0.8311841 0.8340718 0.8283461 0.8291792 0.8172981 0.8218168 0.8099313 0.8107551 0.8099365 0.7910735 0.8279751 0.810338 0.7557946 0.7295426 0.7697161 0.7848748 0.7680479 0.7761105 0.7953628 0.8146133 0.8145897 0.828916 0.8333996 0.8337808
-9999 -9999 -9999 -9999 -9999 -9999 -9999 -9999 -9999 -9999 -9999 -9999 -9999 -9999 -9999 -9999 -9999 -9999 -9999 -9999 -9999 -9999 -9999 0.803121 0.7978618 0.8008011 0.8143991 0.8144633 0.8022231 0.8072029 0.81177 0.8175647 0.8143359 0.8295568 0.8086908 0.7976637 0.8227183 0.8272681 0.8186938 0.8207783 0.827781 0.8298605 0.8330629 0.8302166 0.8302382 0.8314875 0.8347847 0.8306987 0.8188193 0.82662 0.824167 0.8024396 0.8241751 0.8085939 0.7880898 0.8073583 0.812273 0.7564985 0.7544383 0.7728783 0.788446 0.7703879 0.7804988 0.7931892 0.8017772 0.8210247 0.8156675 0.8217899 0.831601
-9999 -9999 -9999 -9999 -9999 -9999 -9999 -9999 -9999 -9999 -9999 -9999 -9999 -9999 -9999 -9999 -9999 -9999 -9999 -9999 -9999 -9999 -9999 -9999 -9999 0.7933184 0.8052765 0.793449 0.7955608 0.8124318 0.8141286 0.8158227 0.8306359 0.8261743 0.8171996 0.8135532 0.8189254 0.8283952 0.8267914 0.8296955 0.8276768 0.8285259 0.8337775 0.832571 0.8354623 0.835481 0.835497 0.8227993 0.8232207 0.8064177 0.8248764 0.8232407 0.8306236 0.8236526 0.8232399 0.8281559 0.8084666 0.7842649 0.7842539 0.7809603 0.7969369 0.7760074 0.7779153 0.8061864 0.8049321 0.805316 0.8007777 0.8109992 0.8191689
-9999 -9999 -9999 -9999 -9999 -9999 -9999 -9999 -9999 -9999 -9999 -9999 -9999 -9999 -9999 -9999 -9999 -9999 -9999 -9999 -9999 -9999 -9999 -9999 -9999 0.7981371 0.8072248 0.8044186 0.8163716 0.8164307 0.8259181 0.8112103 0.823153 0.8035194 0.8170972 0.8159108 0.8225126 0.8307522 0.8324285 0.8291817 0.8300328 0.8308812 0.8312116 0.8361551 0.8312548 0.8206116 0.8128363 0.810799 0.8132699 0.8317303 0.8321462 0.8329698 0.8342012 0.827229 0.8341964 0.817379 0.7771865 0.7857873 0.7923362 0.7874014 0.7955858 0.7799858 0.7900926 0.7962198 0.7793825 0.8072385 0.8117199 0.8104587 0.8042754
-9999 -9999 -9999 -9999 -9999 -9999 -9999 -9999 -9999 -9999 -9999 -9999 -9999 -9999 -9999 -9999 -9999 -9999 -9999 -9999 -9999 -9999 -9999 -9999 -9999 0.8025457 0.8046625 0.799396 0.8117592 0.8228894 0.8249961 0.8061876 0.8148497 0.812028 0.8055131 0.8190883 0.82692 0.8175272 0.8208433 0.8286672 0.8286977 0.8266754 0.8368459 0.8307176 0.8135155 0.8053319 0.800016 0.8016685 0.81439 0.8168577 0.8336747 0.8275266 0.828347 0.8119428 0.8004571 0.8086516 0.8020819 0.7536852 0.7733544 0.7881008 0.7938241 0.7786326 0.7788963 0.7866625 0.7763845 0.8062897 0.8074893 0.8197585 0.8098833
-9999 -9999 -9999 -9999 -9999 -9999 -9999 -9999 -9999 -9999 -9999 -9999 -9999 -9999 -9999 -9999 -9999 -9999 -9999 -9999 -9999 -9999 -9999 -9999 -9999 0.7971129 0.7959496 0.8013443 0.8075566 0.8162265 0.7949601 0.8036249 0.8262286 0.8238167 0.8152514 0.8128343 0.8255862 0.8305447 0.8314 0.8314328 0.8273625 0.8310804 0.8375594 0.835941 0.8224285 0.8232654 0.8142585 0.8269815 0.8126389 0.8126457 0.8339723 0.8270032 0.8163413 0.8081375 0.7630268 0.787622 0.8277968 0.8093327 0.7715939 0.7867492 0.7797597 0.7850696 0.7853311 0.792686 0.8152108 0.8065698 0.8155591 0.8163455 0.8200006
-9999 -9999 -9999 -9999 -9999 -9999 -9999 -9999 -9999 -9999 -9999 -9999 -9999 -9999 -9999 -9999 -9999 -9999 -9999 -9999 -9999 -9999 -9999 -9999 -9999 -9999 0.7691941 0.7795094 0.7742403 0.8058729 0.7784558 0.8051625 0.8019328 0.8171527 0.8290898 0.8332331 0.8287626 0.8050175 0.8226845 0.8268172 0.8174157 0.8092417 0.8206403 0.8382936 0.8354418 0.8350477 0.8305506 0.8170298 0.7797237 0.7932613 0.8305789 0.8166381 0.8166366 0.8096617 0.7805422 0.7321478 0.8260378 0.8014216 0.7837741 0.7890872 0.7599539 0.7792042 0.7958654 0.8147005 0.8167214 0.8183304 0.8092761 0.8199024 0.8210958
-9999 -9999 -9999 -9999 -9999 -9999 -9999 -9999 -9999 -9999 -9999 -9999 -9999 -9999 -9999 -9999 -9999 -9999 -9999 -9999 -9999 -9999 -9999 -9999 -9999 -9999 0.7317774 0.7425027 0.7815187 0.7811673 0.7549803 0.7779964 0.7977293 0.7858859 0.8207852 0.8118067 0.799545 0.7844105 0.8180689 0.8189208 0.8234605 0.8218467 0.7819881 0.7733976 0.8390232 0.8390385 0.8378211 0.8337306 0.8087253 0.8165212 0.8329254 0.7919205 0.8300526 0.8120055 0.7787843 0.7791846 0.7959844 0.8177028 0.8094853 0.8098765 0.7663904 0.7831792 0.8088591 0.8100606 0.8211014 0.8317301 0.8292352 0.8185376 0.8168591
-9999 -9999 -9999 -9999 -9999 -9999 -9999 -9999 -9999 -9999 -9999 -9999 -9999 -9999 -9999 -9999 -9999 -9999 -9999 -9999 -9999 -9999 -9999 -9999 -9999 -9999 -9999 0.7415799 0.7502523 0.7355492 0.7536472 0.8156176 0.7631819 0.7755309 0.8079698 0.7965307 0.8060012 0.7970169 0.8167332 0.8188149 0.8065419 0.7959067 0.7958216 0.7950215 0.8167711 0.8376982 0.8397604 0.8397696 0.8397763 0.8397803 0.8397819 0.8397807 0.835677 0.8200891 0.7938377 0.7708641 0.76306 0.800359 0.8380657 0.8191834 0.8007091 0.7990445 0.8304628 0.8316629 0.8332711 0.8348774 0.8307409 0.8339834 0.8290232
-9999 -9999 -9999 -9999 -9999 -9999 -9999 -9999 -9999 -9999 -9999 -9999 -9999 -9999 -9999 -9999 -9999 -9999 -9999 -9999 -9999 -9999 -9999 -9999 -9999 -9999 -9999 0.715644 0.6857718 0.6952614 0.7678957 0.8171543 0.7741495 0.7807577 0.7799821 0.8033966 0.812867 0.8116731 0.8235982 0.8203485 0.7760915 0.8175317 0.8342574 0.8355069 0.8338832 0.833897 0.8359582 0.8392471 0.840483 0.8404863 0.833106 0.8347442 0.8404803 0.8404734 0.7789567 0.7609028 0.7658089 0.788345 0.8063681 0.8272593 0.8059133 0.7952263 0.8040897 0.8175899 0.8237072 0.824082 0.8388063 0.8358966 0.8309348
-9999 -9999 -9999 -9999 -9999 -9999 -9999 -9999 -9999 -9999 -9999 -9999 -9999 -9999 -9999 -9999 -9999 -9999 -9999 -9999 -9999 -9999 -9999 -9999 -9999 -9999 -9999 0.6610044 0.7168321 0.748464 0.8014159 0.7932677 0.7305804 0.75277 0.7925889 0.8160031 0.8197324 0.8259189 0.8288223 0.8255722 0.8210893 0.8321853 0.8345582 0.827606 0.8272118 0.837886 0.8374862 0.8325733 0.8325733 0.8239673 0.8346307 0.8075672 0.8022336 0.8145295 0.8411747 0.841164 0.8116276 0.7611762 0.7956021 0.8152644 0.8037605 0.746739 0.7908675 0.7838662 0.7949048 0.7764178 0.8095949 0.8288282 0.841089
-9999 -9999 -9999 -9999 -9999 -9999 -9999 -9999 -9999 -9999 -9999 -9999 -9999 -9999 -9999 -9999 -9999 -9999 -9999 -9999 -9999 -9999 -9999 -9999 -9999 -9999 -9999 0.6969213 0.7527516 0.772085 0.7438498 0.7053608 0.7250955 0.6775796 0.7801385 0.7953541 0.8003159 0.8257772 0.8167916 0.8356863 0.8369462 0.7926879 0.8237666 0.8159962 0.8254452 0.8381718 0.837774 0.8349131 0.8119571 0.7963793 0.8029414 0.794329 0.802526 0.7980089 0.8328538 0.8418632 0.8418489 0.8336313 0.8393529 0.8417917 0.8384874 0.8031973 0.8424029 0.8423709 0.8111732 0.7832537 0.7832153 0.8323807 0.8421795
-9999 -9999 -9999 -9999 -9999 -9999 -9999 -9999 -9999 -9999 -9999 -9999 -9999 -9999 -9999 -9999 -9999 -9999 -9999 -9999 -9999 -9999 -9999 -9999 -9999 -9999 -9999 0.7382325 0.7083628 0.6969423 0.7593276 0.7520018 0.725401 0.7365216 0.7546104 0.8001692 0.8223523 0.8162397 0.8035631 0.8314785 0.8265871 0.8204627 0.8043845 0.834748 0.8355853 0.8237082 0.8023971 0.8335693 0.8204536 0.7860128 0.7663307 0.7478763 0.7819052 0.811831 0.8278126 0.8126279 0.8404959 0.8425282 0.8384074 0.8039405 0.84246 0.8424325 0.8045465 0.8307562 0.8430219 0.8429844 0.8372038 0.8416725 0.8424487
-9999 -9999 -9999 -9999 -9999 -9999 -9999 -9999 -9999 -9999 -9999 -9999 -9999 -9999 -9999 -9999 -9999 -9999 -9999 -9999 -9999 -9999 -9999 -9999 -9999 -9999 -9999 -9999 -9999 0.6410714 0.7178082 0.785521 0.7630205 0.7917727 0.8024803 0.8135948 0.8320873 0.8103921 0.8264185 0.8375213 0.8076164 0.8178934 0.7776212 0.8194652 0.840804 0.8408176 0.8039238 0.7805589 0.8309996 0.8346923 0.8072184 0.7920431 0.7854763 0.8047398 0.7989877 0.8108651 0.8321709 0.8112393 0.7931756 0.7919214 0.7746729 0.8176991 0.8072839 0.7974078 0.8178732 0.8371061 0.8436255 0.8435821 0.8435367
-9999 -9999 -9999 -9999 -9999 -9999 -9999 -9999 -9999 -9999 -9999 -9999 -9999 -9999 -9999 -9999 -9999 -9999 -9999 -9999 -9999 -9999 -9999 -9999 -9999 -9999 -9999 -9999 0.6548478 0.7037041 0.7386157 0.7481015 0.7784969 0.8199604 0.8290272 0.8344007 0.8381311 0.8373479 0.8373817 0.7947677 0.7939758 0.8243443 0.7656187 0.8304248 0.8415117 0.8316832 0.8046298 0.7976657 0.7952095 0.8321149 0.8382639 0.8243178 0.7599332 0.7685341 0.7968149 0.8304237 0.7549568 0.7873303 0.7307209 0.7015819 0.758961 0.75278 0.7993586 0.736175 0.8156859 0.7873516 0.8291336 0.8397499 0.8339621
-9999 -9999 -9999 -9999 -9999 -9999 -9999 -9999 -9999 -9999 -9999 -9999 -9999 -9999 -9999 -9999 -9999 -9999 -9999 -9999 -9999 -9999 -9999 -9999 -9999 -9999 0.704639 0.7256179 0.7375726 0.7085195 0.725799 0.6860788 0.7345157 0.7772092 0.7784848 0.8351138 0.8380236 0.8196079 0.7823269 0.7688258 0.8004268 0.7688775 0.7917501 0.8278521 0.8413983 0.8410002 0.8250172 0.8229728 0.816825 0.822976 0.8352747 0.8414198 0.7741637 0.7757928 0.8069427 0.7970852 0.6892232 0.7724414 0.7084495 0.6059108 0.7063434 0.7444462 0.7906122 0.7315274 0.7696218 0.798693 0.8261216 0.8355063 0.8272565
-9999 -9999 -9999 -9999 -9999 -9999 -9999 -9999 -9999 -9999 -9999 -9999 -9999 -9999 -9999 -9999 -9999 -9999 -9999 -9999 -9999 -9999 -9999 -9999 -9999 -9999 -9999 0.7788188 0.7756016 0.7707412 0.7359444 0.6945837 0.7471208 0.7615206 0.815282 0.8333661 0.7796887 0.7801346 0.7342421 0.6899868 0.7359389 0.747034 0.8068093 0.8396302 0.8421044 0.829814 0.8175204 0.8302369 0.8076863 0.7826726 0.8089119 0.8453994 0.7818325 0.7768997 0.7785249 0.7678459 0.6792552 0.7259776 0.7554754 0.6791784 0.6426535 0.7398016 0.7548013 0.7609127 0.7440591 0.7899405 0.8054762 0.8128088 0.8049676
-9999 -9999 -9999 -9999 -9999 -9999 -9999 -9999 -9999 -9999 -9999 -9999 -9999 -9999 -9999 -9999 -9999 -9999 -9999 -9999 -9999 -9999 -9999 -9999 -9999 -9999 -9999 0.7819936 0.7849269 0.7788361 0.7629013 0.7539339 0.7863784 0.8106191 0.7762197 0.809065 0.7594877 0.7156479 0.7066591 0.6706042 0.6652997 0.7317506 0.8068093 0.8341857 0.7985246 0.8042753 0.7751688 0.8034664 0.7960865 0.7805026 0.8120716 0.8436374 0.7607971 0.7205989 0.7808596 0.7431164 0.6368921 0.6745922 0.7237709 0.6646944 0.6207871 0.7109631 0.7431819 0.767334 0.7066035 0.7040978 0.7622768 0.7540259 0.7572543
