02_Processed_Data/Guangdong-driving/Tem/txt/txt-20.txt
ncols         755
nrows         605
xllcorner     491130
yllcorner     2101946
cellsize      1000
NODATA_value  -9999
[rows 210 to 239 of 605, columns 276 to 344 of 755]
0.6372817 0.6094357 0.68163 0.6990467 0.6326309 0.5898837 0.5459009 0.4766091 0.5405613 0.6140692 0.646495 0.6548561 0.6665462 0.6682833 0.6513507 0.6132578 0.5975857 0.6313132 0.6098441 0.6406794 0.6076011 0.6210153 0.6215675 0.7408319 0.7525994 0.7477677 0.7093188 0.6791734 0.6141642 0.6400543 0.7124314 0.7582439 0.7928483 0.7983963 0.8022808 0.8061618 0.8092078 0.8130785 0.8140374 0.8162341 0.8171774 0.8181116 0.8186206 0.8195336 0.8200194 0.8196621 0.8197056 0.820149 0.8209913 0.8214011 0.8213771 0.8213334 0.8187784 0.8166162 0.8202413 0.8225966 0.8228505 0.822247 0.8191249 0.8221995 0.8235837 0.822862 0.8200341 0.8109492 0.7927017 0.8180045 0.8179577 0.8182951 0.819017
0.6513931 0.6272814 0.6654396 0.6890811 0.6575297 0.589878 0.5052188 0.5168635 0.582476 0.6323255 0.6506398 0.6411539 0.6511847 0.6562436 0.6144089 0.6099379 0.6382647 0.6558072 0.6496984 0.6560482 0.6794218 0.7073669 0.6884156 0.7080696 0.77463 0.7664829 0.711852 0.6829572 0.672742 0.6666784 0.7390619 0.7624675 0.7958333 0.8013881 0.8056948 0.8099979 0.8122209 0.8152687 0.8149897 0.817609 0.8185595 0.8190861 0.8191875 0.8192777 0.8201859 0.8198358 0.8198866 0.8215824 0.8220167 0.8220183 0.8220013 0.8227946 0.8194163 0.8168458 0.8208928 0.8240851 0.8235159 0.8220896 0.8210503 0.8245478 0.8238649 0.8223217 0.8120314 0.7963145 0.8133562 0.8158398 0.8000293 0.7933192 0.8114818
0.6933184 0.6164924 0.6002761 0.6326326 0.6612639 0.6546252 0.5811719 0.559611 0.6094508 0.6559798 0.6456547 0.6357544 0.6511819 0.6276025 0.5907499 0.5987326 0.61876 0.6400406 0.6667244 0.6813785 0.6748712 0.7430811 0.7560934 0.7587344 0.7904343 0.7951592 0.7612867 0.7373782 0.6981147 0.685001 0.7154695 0.7824631 0.7988182 0.8035496 0.8086933 0.8117584 0.8148187 0.8157986 0.816772 0.8181534 0.8182815 0.8192306 0.8193394 0.8198521 0.8203529 0.81918 0.8213134 0.8217713 0.8217976 0.8226366 0.8234569 0.8230121 0.8192258 0.8203979 0.8227919 0.8247463 0.8245996 0.8244261 0.8238098 0.82358 0.825396 0.8155603 0.8044491 0.7982876 0.8107729 0.8149258 0.8078408 0.80446 0.8093492
0.6725754 0.5612971 0.5616813 0.5952812 0.5732734 0.5985932 0.6434311 0.6642057 0.6596716 0.6850321 0.6904793 0.6809942 0.6802347 0.6649575 0.647614 0.5688503 0.5257903 0.5773726 0.6393393 0.6764097 0.685263 0.7219319 0.7370235 0.7732888 0.7925416 0.7748582 0.6969944 0.7714612 0.7845011 0.7776195 0.8056039 0.8103448 0.8113493 0.811937 0.8137674 0.8155942 0.8161716 0.8167437 0.8177246 0.8182834 0.818834 0.8189605 0.819907 0.8208423 0.8167848 0.8181099 0.8223261 0.8223764 0.8228251 0.8236715 0.8244991 0.8228165 0.8211128 0.8247828 0.8246939 0.8249956 0.8248567 0.8230311 0.8232532 0.8230318 0.8223663 0.8187656 0.8151346 0.8085675 0.7998943 0.8044716 0.8069423 0.8056461 0.8084687
0.6119925 0.5857994 0.6293477 0.6284953 0.6264085 0.6293131 0.6546415 0.6766601 0.6667292 0.6850328 0.685499 0.6776739 0.685216 0.6906924 0.6426354 0.6240568 0.5490389 0.5769647 0.6488953 0.7000808 0.6910895 0.7036884 0.7470083 0.7857683 0.7909136 0.7238426 0.6410035 0.6955529 0.7575759 0.7785096 0.8089907 0.8108327 0.8126741 0.8136837 0.8142759 0.8148649 0.8162797 0.8168591 0.8178477 0.8188291 0.8198023 0.8207664 0.8208905 0.8214185 0.8186137 0.8224367 0.8229252 0.822983 0.8234393 0.8247083 0.8247133 0.8242835 0.8254929 0.82502 0.8257691 0.8252486 0.8251178 0.8228854 0.8243613 0.8258091 0.8247375 0.8219764 0.8175247 0.8176082 0.8064542 0.80274 0.8072957 0.8105745 0.8059353
0.6161662 0.6107231 0.6812475 0.670846 0.670832 0.6467555 0.645518 0.6679499 0.6708846 0.688357 0.6979538 0.680997 0.6669559 0.6919405 0.7048982 0.6456448 0.6208507 0.5998014 0.6343787 0.6922077 0.7184999 0.7286119 0.7545031 0.7878715 0.770193 0.7168242 0.6717609 0.633342 0.7049174 0.7901918 0.8094725 0.8109061 0.8123391 0.8133558 0.8139551 0.8149664 0.8147283 0.8178056 0.8188016 0.8197907 0.8203565 0.8213286 0.8218753 0.8224109 0.8229346 0.8234448 0.8235258 0.8240065 0.8257158 0.8240872 0.82327 0.8174521 0.8240653 0.8269208 0.8264327 0.8271656 0.8266283 0.8268948 0.8092868 0.8244407 0.8175676 0.8110804 0.8166 0.8034115 0.8043041 0.7981095 0.8043352 0.8150948 0.8096349
0.6365344 0.6613872 0.6991183 0.7132023 0.6716793 0.6388837 0.6579821 0.6779215 0.6650822 0.6858736 0.6950543 0.6971897 0.6956001 0.6985866 0.740184 0.6742905 0.6669305 0.6483731 0.6742363 0.7025986 0.7185172 0.74399 0.7545277 0.765072 0.7328708 0.693204 0.7253473 0.7089323 0.7273855 0.7993842 0.8103701 0.8122253 0.8128351 0.8134438 0.8045039 0.6893052 0.8102726 0.8175081 0.8189269 0.8203387 0.8204972 0.8214769 0.8224467 0.8234053 0.8235217 0.8236248 0.8237138 0.822957 0.8259195 0.8247139 0.8234895 0.8205852 0.823471 0.8271648 0.8279303 0.8261814 0.826483 0.8213626 0.8162155 0.8230774 0.8166291 0.8001902 0.8160962 0.817445 0.8129519 0.8158987 0.8167387 0.8063402 0.8104364
0.6743425 0.6767778 0.7103546 0.7053421 0.6712869 0.6588262 0.6941092 0.6945383 0.6464166 0.6755076 0.6871773 0.6880665 0.649951 0.6695398 0.7451726 0.7021081 0.6565635 0.6450637 0.6854562 0.7129908 0.7260069 0.7382009 0.7122169 0.7343871 0.6938894 0.7044498 0.7390888 0.7641856 0.7747586 0.8019366 0.8112689 0.8123007 0.8125022 0.7894594 0.734455 0.6615999 0.7427289 0.8180422 0.8190536 0.8200581 0.8218849 0.8224575 0.8234351 0.8219112 0.8062633 0.8067896 0.7811527 0.8185897 0.8265411 0.8240983 0.8241274 0.818741 0.8237102 0.8282427 0.8290169 0.8272768 0.8280022 0.8204007 0.8198286 0.8213044 0.8115454 0.7947013 0.8068819 0.8202777 0.8211908 0.8175071 0.8146219 0.7938569 0.7788706
0.6926501 0.6714225 0.6900526 0.6954126 0.6899928 0.6750384 0.7107333 0.720291 0.6597151 0.6775973 0.6826243 0.6577785 0.6711295 0.6915481 0.7435223 0.7506809 0.7341915 0.6695653 0.6999982 0.7321008 0.7584016 0.7411296 0.7890303 0.794187 0.7702962 0.7588633 0.7648683 0.7771038 0.7993045 0.8061509 0.8113388 0.8098869 0.8009642 0.7177446 0.6822554 0.6546496 0.7125427 0.816503 0.8200126 0.8206099 0.8220294 0.8230251 0.8240108 0.8216649 0.7674243 0.7654683 0.8025139 0.8216965 0.8275807 0.8268066 0.8272589 0.8185605 0.8247835 0.824759 0.8276172 0.8279614 0.8278659 0.8169532 0.8217864 0.8203666 0.8114476 0.8074806 0.8092951 0.8081741 0.8227948 0.8207819 0.8183224 0.8058692 0.8025148
0.6989284 0.6602631 0.6672668 0.7249201 0.7298727 0.7248759 0.7294377 0.7277857 0.701657 0.6560326 0.6652081 0.6939036 0.6993674 0.7218605 0.7327436 0.7569198 0.7686555 0.6778816 0.7162023 0.7632493 0.7775161 0.7967728 0.8015107 0.8025209 0.7968973 0.7937706 0.7968753 0.7966647 0.7989483 0.792934 0.8101654 0.80623 0.7935786 0.7145169 0.7139003 0.7157713 0.7574848 0.8074948 0.8188984 0.8215789 0.8230066 0.8235953 0.8225138 0.812705 0.787527 0.8092378 0.8218029 0.8264667 0.8294539 0.8278581 0.8283189 0.82544 0.8212952 0.8229398 0.826637 0.8290656 0.8281493 0.8255473 0.8117126 0.8040766 0.7769051 0.7874755 0.8083932 0.8164142 0.8102926 0.7759157 0.7850887 0.7983801 0.7958664
0.7180811 0.6644681 0.686824 0.7295303 0.7407043 0.7228364 0.6900388 0.6921188 0.6394231 0.6436033 0.6859815 0.7366733 0.7184774 0.7218767 0.7692847 0.7747831 0.7653511 0.7152544 0.7432002 0.773647 0.799123 0.8009501 0.801126 0.8054607 0.8015019 0.8012854 0.7985848 0.7850978 0.7782561 0.758136 0.7990326 0.8054805 0.6961269 0.6664648 0.6837034 0.6723 0.7642437 0.810941 0.8194472 0.822966 0.8235716 0.8200178 0.7894752 0.7825801 0.7590706 0.8115042 0.8273984 0.8270898 0.8292553 0.8293282 0.8293828 0.8252674 0.8103399 0.8132385 0.8161148 0.8272688 0.8213812 0.8175438 0.7842109 0.7757549 0.7751575 0.7990202 0.8062516 0.8155285 0.8127382 0.7717313 0.7813302 0.7809356 0.7912997
0.73226 0.6898483 0.7304614 0.7478439 0.7345245 0.7237082 0.7129046 0.7012837 0.6465092 0.6726847 0.7204561 0.7416764 0.7446469 0.7534407 0.7838305 0.7640102 0.7271845 0.740178 0.759409 0.798574 0.7999791 0.8030545 0.804064 0.8059123 0.8032033 0.8025766 0.7961458 0.7743633 0.7463596 0.700097 0.7833365 0.7744341 0.6721437 0.6719583 0.6792428 0.6620364 0.7801368 0.813145 0.8191689 0.823941 0.8237247 0.8015015 0.7489688 0.7167634 0.7688034 0.8021526 0.8284318 0.8285468 0.830306 0.8291423 0.8292056 0.8275893 0.8155761 0.8114278 0.8305005 0.8229864 0.8108823 0.8107901 0.817313 0.8005659 0.8049594 0.8018538 0.8124163 0.815063 0.7948511 0.7758535 0.7393918 0.7688926 0.7846637
0.7265235 0.74678 0.756258 0.7599381 0.7412177 0.7308117 0.6872138 0.7204155 0.6672974 0.6776972 0.7200699 0.7500041 0.762519 0.7601049 0.7610243 0.7673525 0.7409036 0.7651045 0.7835066 0.7990151 0.8024979 0.803501 0.8040988 0.8084418 0.8073974 0.8042855 0.7924642 0.7694423 0.7190314 0.6702849 0.7497956 0.7927829 0.7672861 0.7276773 0.6918032 0.6895468 0.7864869 0.8174278 0.8226297 0.8245045 0.8105994 0.7572548 0.6848077 0.7327175 0.7731443 0.8185388 0.8290541 0.8291777 0.8297003 0.8297907 0.8302777 0.8311607 0.8320234 0.8316197 0.8278735 0.8216138 0.8045385 0.796985 0.8076684 0.8120995 0.7990709 0.8088426 0.8173404 0.8154324 0.8010424 0.7384745 0.7364742 0.7489688 0.7693167
0.6759675 0.6941427 0.7426306 0.7629075 0.7624446 0.7503732 0.7229578 0.7453635 0.6677529 0.6686025 0.7333854 0.7209806 0.7060992 0.7505854 0.7793128 0.755756 0.7488149 0.7738467 0.785609 0.8019494 0.800869 0.8039502 0.8070421 0.8093137 0.8057835 0.8051669 0.8020674 0.7612037 0.6921211 0.7400907 0.8021755 0.7970228 0.7848154 0.7547606 0.6952356 0.7623023 0.809443 0.8188089 0.8236038 0.8225815 0.7750647 0.691844 0.7393581 0.7652781 0.8052984 0.8274581 0.8288505 0.8318883 0.8295141 0.8291981 0.8280338 0.831831 0.8297974 0.8323084 0.8269112 0.8206608 0.8127265 0.8138989 0.815461 0.8161667 0.8077139 0.8096099 0.8152131 0.8120707 0.8035026 0.7662646 0.7256748 0.7319548 0.7498238
0.6449265 0.6377769 0.6899944 0.7700343 0.771226 0.757074 0.7595381 0.7358672 0.6935325 0.6860771 0.7147461 0.6890563 0.7293756 0.7356741 0.7776822 0.762426 0.7654462 0.7896482 0.8026569 0.805302 0.8021485 0.8031574 0.8083282 0.8101888 0.8074933 0.8052215 0.8050328 0.7824379 0.7772811 0.8053342 0.8055819 0.8016816 0.7936321 0.7814326 0.7381026 0.8035172 0.818706 0.8230994 0.8254122 0.8219078 0.7976428 0.6990734 0.734144 0.77626 0.8262501 0.8284955 0.8307268 0.8308678 0.8285023 0.8223841 0.8253794 0.8308458 0.8304814 0.8334165 0.8284436 0.8230328 0.8225791 0.8191956 0.8199374 0.8177477 0.815531 0.8074759 0.808109 0.8016568 0.7914394 0.783267 0.7771384 0.7560359 0.7465223
0.6765673 0.6727319 0.7340745 0.7726023 0.7509598 0.7592155 0.7683155 0.7375835 0.7031303 0.6823887 0.7122992 0.7036238 0.74145 0.7672542 0.7760559 0.7848722 0.7874771 0.8062837 0.8068415 0.808243 0.8063369 0.8044434 0.8071273 0.8110672 0.8079613 0.8061098 0.8046817 0.8003553 0.8080718 0.8087376 0.8023512 0.8001185 0.801208 0.7939968 0.759391 0.8181725 0.8225779 0.8253192 0.8255649 0.8208237 0.734723 0.6859694 0.7405564 0.7980381 0.8301892 0.8307828 0.8309475 0.830682 0.8316458 0.8213859 0.8202392 0.8315255 0.8332453 0.8336991 0.8295655 0.8274846 0.8220596 0.8224212 0.8244179 0.8189176 0.8171261 0.8045157 0.8159506 0.8178105 0.8134147 0.8056682 0.8074371 0.7680832 0.8141993
0.725648 0.7280322 0.7565787 0.7054471 0.7688863 0.7696651 0.7617419 0.7413813 0.6832649 0.7098358 0.7422326 0.7356291 0.7365118 0.7452961 0.768208 0.7836641 0.7900041 0.8071507 0.8085395 0.8082823 0.8092842 0.8049031 0.8075904 0.8119496 0.8063581 0.806587 0.8076549 0.812466 0.8081524 0.8100701 0.8041059 0.7998052 0.8058829 0.8007548 0.7877402 0.8232862 0.8243793 0.8258836 0.8261377 0.8243104 0.7598012 0.6965289 0.7751979 0.8235567 0.8308128 0.831415 0.8311732 0.8317465 0.8314738 0.8141664 0.8188394 0.8322099 0.8339387 0.8335713 0.8335974 0.8298654 0.825695 0.8260661 0.8230915 0.8217515 0.8183098 0.8202365 0.8154944 0.82027 0.8204505 0.8218461 0.8186454 0.823299 0.8287506
0.7319852 0.7663226 0.6969083 0.752026 0.773953 0.7452564 0.7219703 0.7123959 0.6829135 0.7103099 0.7368917 0.7551879 0.7631235 0.7619437 0.75995 0.7920072 0.801667 0.8055317 0.8094116 0.8104013 0.810575 0.8099325 0.809303 0.8103459 0.8093249 0.808729 0.8098027 0.8092241 0.810728 0.8093321 0.8104312 0.8090433 0.8097329 0.7975566 0.7824746 0.8217643 0.825771 0.8268686 0.8254707 0.8265571 0.759151 0.7303371 0.8002983 0.8316482 0.8297814 0.8312222 0.8318191 0.831986 0.8246658 0.8156684 0.8236706 0.8328991 0.8350518 0.8330331 0.8326532 0.8293453 0.8243538 0.8251492 0.8246744 0.823344 0.8240624 0.8230937 0.8208519 0.8185814 0.8212626 0.8268194 0.8306853 0.8320295 0.8329263
0.7561777 0.7867733 0.7322945 0.767483 0.7703108 0.7345521 0.7054491 0.6942089 0.6564201 0.7178465 0.739028 0.7465286 0.7490648 0.7686353 0.7533574 0.7762817 0.8042034 0.808068 0.8090433 0.8108645 0.8122858 0.8124763 0.8097751 0.8128975 0.8127114 0.8100457 0.8044842 0.803497 0.8050075 0.8019584 0.8026498 0.8079104 0.8110982 0.8059857 0.806269 0.8239836 0.8246781 0.8253688 0.8210738 0.8271493 0.769713 0.7616607 0.822499 0.8301989 0.8300007 0.83145 0.8324705 0.8314007 0.8269944 0.8238165 0.8289219 0.8340085 0.8357546 0.8362352 0.8346188 0.83298 0.8226017 0.8283868 0.8258459 0.8253549 0.8260828 0.8213878 0.8191556 0.8264413 0.8303778 0.8326241 0.8335949 0.8337042 0.8333666
0.7886797 0.7561793 0.7502563 0.7709112 0.7778831 0.7354771 0.7279513 0.7175354 0.6934381 0.6685265 0.70257 0.7162923 0.7267111 0.7180541 0.7633726 0.7829747 0.8042546 0.8039684 0.8045293 0.8063518 0.8106809 0.8133647 0.8139877 0.8129641 0.8090473 0.8113679 0.8107932 0.8089823 0.8075941 0.8070425 0.8035907 0.8051234 0.8116392 0.8015541 0.8076563 0.8257942 0.8227612 0.8205548 0.8237392 0.8281627 0.8014494 0.8199694 0.8310088 0.832491 0.8310562 0.8333439 0.8339577 0.8328963 0.8305737 0.8311399 0.8300278 0.8334625 0.8364626 0.8344612 0.8374192 0.835789 0.8283249 0.8283079 0.8295113 0.8286142 0.8264456 0.8259104 0.8286681 0.8289073 0.8349284 0.834694 0.8352593 0.8366238 0.8371266
0.7747031 0.7890981 0.7723771 0.7863843 0.7609749 0.7567483 0.7072951 0.6445752 0.6374897 0.5976305 0.7155114 0.7329647 0.7367384 0.7442656 0.7505656 0.764355 0.801406 0.8073454 0.8054165 0.8051652 0.8094965 0.8134286 0.8148856 0.8146964 0.8070493 0.8073002 0.8083919 0.8103231 0.8114323 0.8104729 0.8091037 0.8060784 0.8084517 0.795469 0.8140311 0.8205553 0.827077 0.8269541 0.8259961 0.8254472 0.8186651 0.8309675 0.8312235 0.832299 0.8321176 0.8335837 0.8342056 0.8327376 0.8304233 0.8305826 0.8332144 0.833752 0.8313645 0.8264662 0.8373186 0.8386024 0.8332219 0.8298931 0.8302749 0.8306315 0.8342823 0.8354161 0.8361073 0.8239034 0.8344991 0.8371792 0.8377536 0.8382973 0.8367341
0.7719422 0.7572763 0.7795643 0.786924 0.7693942 0.7136935 0.6484615 0.609809 0.573248 0.619301 0.6794831 0.7508896 0.7725067 0.751806 0.7248982 0.7752109 0.8043745 0.8094834 0.8096302 0.8060598 0.8099783 0.8143286 0.8157895 0.8131145 0.8079632 0.8065596 0.8064124 0.8046148 0.8044859 0.8101748 0.8038325 0.8078708 0.8048561 0.7702981 0.8033955 0.8248699 0.8255891 0.8271345 0.8149781 0.7928541 0.8201154 0.8311807 0.8310298 0.8321136 0.8327705 0.8342446 0.8352898 0.8342449 0.8306936 0.8308612 0.8335011 0.8369522 0.828347 0.8309278 0.8384679 0.8401749 0.8377081 0.8385379 0.838928 0.8401229 0.8388013 0.838698 0.8323414 0.8251266 0.838636 0.8342683 0.8340212 0.8320829 0.821812
0.7268541 0.7437264 0.7610271 0.7862277 0.7495984 0.705928 0.6697438 0.6788169 0.6659084 0.7036541 0.7094577 0.706148 0.7622108 0.7668248 0.7561014 0.795205 0.8065194 0.8087223 0.8126052 0.8102814 0.8117117 0.8156502 0.8154549 0.8102946 0.8105443 0.8083166 0.8094211 0.8034797 0.7992073 0.807809 0.8077002 0.8038602 0.7664032 0.770454 0.8201618 0.8271171 0.8274291 0.8269075 0.8214 0.7357798 0.8004046 0.830986 0.8325034 0.8331801 0.83426 0.8344971 0.8359654 0.8357584 0.8342906 0.834466 0.8371137 0.8372525 0.8232593 0.8270932 0.8383767 0.8409216 0.8409531 0.8409606 0.8405284 0.8421462 0.8400022 0.8382465 0.8248416 0.8358972 0.8357172 0.8209808 0.8348532 0.8146599 0.7956803
0.7261871 0.7061125 0.7719689 0.8013135 0.7663378 0.7143593 0.7283909 0.7270812 0.7589929 0.7427746 0.7568736 0.7319754 0.7548284 0.7839269 0.7615783 0.8010944 0.8061812 0.8079684 0.8101913 0.814095 0.8155277 0.8165643 0.8138828 0.8128778 0.8127183 0.8150625 0.8107777 0.8069185 0.8014081 0.7983956 0.80203 0.8048387 0.7997645 0.7984272 0.8228241 0.8252218 0.8267871 0.8254431 0.8137178 0.7505188 0.8002094 0.8291383 0.8331541 0.8342537 0.8345114 0.8347564 0.8345723 0.8364486 0.8358185 0.8364166 0.8386571 0.835898 0.8405904 0.8199434 0.8399507 0.8412579 0.842127 0.8425571 0.8429624 0.8416822 0.843281 0.8357217 0.8368512 0.8267457 0.8290633 0.8068626 0.7970836 0.8221386 0.8288994
0.7267753 0.7365787 0.7883165 0.8014671 0.8038404 0.7929465 0.784143 0.7674692 0.7773763 0.7466246 0.7432849 0.7735843 0.7545109 0.7819448 0.7861564 0.8045014 0.8083411 0.8068072 0.8073702 0.8083698 0.8152009 0.8166561 0.8164693 0.8146395 0.8144856 0.8101951 0.8084075 0.8049706 0.7924116 0.7964625 0.7971991 0.7954498 0.7688001 0.8085619 0.8109683 0.8204299 0.8249082 0.8231572 0.8060439 0.7490786 0.7871551 0.8252232 0.8338124 0.8345046 0.8351852 0.8350226 0.834431 0.8363149 0.8381828 0.8383735 0.8389612 0.8395302 0.8409093 0.8198546 0.8415295 0.842429 0.8433053 0.8437424 0.8429097 0.8412212 0.8336957 0.8365196 0.8380708 0.8337828 0.8257301 0.8081015 0.7721797 0.8283703 0.8417778
0.748542 0.7803375 0.7893176 0.7929154 0.8052435 0.8059646 0.7751562 0.7667772 0.7389069 0.7604464 0.7550254 0.7836586 0.7757865 0.7870283 0.8053477 0.8045968 0.8067744 0.8039942 0.8136889 0.8105394 0.8173732 0.8171716 0.8153293 0.8168254 0.8146023 0.814884 0.8110281 0.7976367 0.7971218 0.8057459 0.8010944 0.7864859 0.7237334 0.7502208 0.8161395 0.8127416 0.8163976 0.8059378 0.774305 0.7978692 0.8089743 0.8321078 0.8340635 0.8347632 0.8358662 0.8361261 0.8363721 0.8370182 0.8388935 0.8399215 0.8405165 0.8410927 0.842064 0.8405242 0.8426983 0.8261722 0.8436577 0.8445168 0.8449359 0.8436689 0.8382251 0.8398103 0.8343115 0.8387458 0.8211525 0.759948 0.7966672 0.784378 0.8451072
0.7806961 0.7722246 0.7562949 0.7607165 0.8066581 0.803222 0.7898396 0.7648515 0.7643686 0.7506214 0.7705126 0.7746511 0.7700937 0.7618224 0.8058714 0.7997214 0.785709 0.811152 0.8162813 0.8135484 0.8170645 0.8168669 0.8146144 0.814871 0.8143144 0.8112822 0.8140742 0.8143873 0.8084838 0.8096444 0.8045851 0.781683 0.7098066 0.7549793 0.7993222 0.8204205 0.8207633 0.8045001 0.7927975 0.8184445 0.8204256 0.8248885 0.8343226 0.83752 0.8369699 0.8368222 0.8379054 0.8393887 0.8400259 0.840231 0.840833 0.8418311 0.8428094 0.8433517 0.8438724 0.8273528 0.8402792 0.84405 0.8448905 0.8452901 0.8444179 0.8455938 0.8409309 0.8354091 0.7825409 0.7578667 0.8145137 0.8180011 0.8430393
0.788788 0.7811407 0.7560738 0.7663001 0.7993686 0.8071327 0.8049505 0.7770502 0.7898427 0.7810697 0.7918231 0.7594297 0.7577718 0.7665127 0.7873134 0.771613 0.7986893 0.8116791 0.8163936 0.8169829 0.8188416 0.8178182 0.8176462 0.8179086 0.8186036 0.8139182 0.8104913 0.8124717 0.8074057 0.8056682 0.7993711 0.7237633 0.6958909 0.742316 0.7708937 0.8260343 0.8259692 0.8200896 0.8092242 0.8108047 0.8235844 0.8309599 0.8354202 0.8382095 0.8380815 0.8375257 0.8390309 0.8401062 0.8407502 0.8413771 0.841986 0.8421608 0.8431455 0.8382986 0.8409009 0.8077853 0.8302644 0.8440028 0.8353027 0.8444244 0.8481235 0.8468144 0.8446471 0.8221128 0.8066049 0.8404589 0.8331906 0.8483037 0.8476115
0.780704 0.7933894 0.7836739 0.7731413 0.7920917 0.8089812 0.8084528 0.8100154 0.8037087 0.795344 0.7479821 0.7446367 0.7429726 0.7633293 0.7733333 0.7472522 0.8046251 0.8113875 0.8115364 0.8121275 0.8181403 0.8200268 0.8177848 0.8155631 0.8187551 0.8178122 0.8156375 0.8163798 0.8150566 0.8041947 0.7730011 0.7057016 0.7151916 0.7246832 0.7399858 0.8067549 0.8232992 0.821577 0.8202649 0.8239274 0.8292427 0.8324743 0.8332059 0.8389074 0.838371 0.8382369 0.8397489 0.8387555 0.838576 0.8412849 0.8423154 0.8433267 0.8418275 0.8440428 0.8395954 0.8409358 0.8368569 0.8319234 0.8157578 0.8439777 0.8485122 0.8472081 0.8479511 0.8337227 0.8472733 0.8462662 0.848133 0.8507977 0.8430526
0.784254 0.7919534 0.7971749 0.8003338 0.79479 0.8033722 0.8103089 0.7915275 0.8014016 0.7797486 0.7618496 0.7584977 0.7510163 0.7875541 0.7846858 0.7511289 0.806008 0.8119385 0.8129178 0.8143409 0.8186972 0.8210036 0.8200127 0.8148919 0.8168455 0.8130041 0.8124965 0.8103404 0.8086089 0.7994143 0.7640767 0.7079905 0.7357498 0.7448329 0.7489355 0.822767 0.828111 0.797756 0.8167884 0.8229477 0.8232887 0.8327527 0.836396 0.8375384 0.8386688 0.8389561 0.8404745 0.8382424 0.8376542 0.8420297 0.8430664 0.8428388 0.8446661 0.8448123 0.8457665 0.8421321 0.8318328 0.8140378 0.8107445 0.842705 0.844339 0.8413795 0.8446171 0.8494859 0.8505887 0.8504153 0.8506254 0.8491426 0.8443059
