02_Processed_Data/Guangdong-driving/Tem/txt/txt-00.txt
ncols         755
nrows         605
xllcorner     491130
yllcorner     2101946
cellsize      1000
NODATA_value  -9999
[rows 124 to 154 of 605, columns 207 to 275 of 755]
-9999 -9999 -9999 -9999 -9999 -9999 -9999 -9999 -9999 -9999 0.4504482 0.4593391 0.4837818 0.4982571 0.423016 0.457032 0.4360223 0.520681 0.597765 0.6270006 0.5824694 0.6017384 0.5560132 0.4751997 0.407147 0.4020972 0.3906686 0.3788425 0.2673312 0.2889187 0.188176 0.1380751 0.2390998 0.3341444 0.4890019 0.5784665 0.65278 0.6369782 0.4648697 0.4666149 0.5564843 0.6316012 0.6154067 0.5669152 0.6236935 0.5815843 0.6455423 0.6740135 0.6642063 0.6252121 0.6050403 0.5529702 0.5036925 0.3954018 0.319012 0.363842 0.4381804 0.493779 0.499536 0.5674984 0.5963852 0.597361 0.5943509 0.5921397 0.5727836 0.5665875 0.5791339 0.5645669 0.5196967
-9999 -9999 -9999 -9999 -9999 -9999 -9999 -9999 -9999 -9999 0.4236435 0.4401109 0.4908712 0.5093344 0.4129601 0.438204 0.4530817 0.5158099 0.5905014 0.6229272 0.5644402 0.6016533 0.5981953 0.5425029 0.5238948 0.5144591 0.4643525 0.3480554 0.2720326 0.3558245 0.2510945 0.2767555 0.3315258 0.4520904 0.4626026 0.5692132 0.6582805 0.5396027 0.4811365 0.5052118 0.6010624 0.650261 0.553919 0.5086175 0.5709783 0.6193845 0.6358922 0.6428311 0.5508827 0.6410818 0.6241002 0.5927649 0.5398986 0.3865498 0.3332874 0.4072258 0.4883431 0.5200173 0.5038434 0.5945343 0.5632108 0.5821303 0.5803165 0.592859 0.5507747 0.5493636 0.5423716 0.5473433 0.4697763
-9999 -9999 -9999 -9999 -9999 -9999 -9999 -9999 -9999 -9999 0.3681294 0.3794133 0.4752322 0.5076517 0.4475636 0.4871626 0.5379276 0.547623 0.584833 0.6152653 0.5974506 0.5393637 0.601699 0.5838877 0.5792359 0.5586355 0.4638697 0.3738901 0.3106273 0.4271164 0.3451151 0.320933 0.4064071 0.5213894 0.5434651 0.5890682 0.6498246 0.449803 0.4324078 0.5362322 0.6408554 0.5572721 0.4876462 0.4818204 0.5653151 0.5630807 0.558455 0.6583018 0.6341401 0.6206653 0.5566318 0.5655698 0.5438058 0.3757036 0.3224415 0.4067474 0.4152932 0.4633159 0.4722632 0.5832903 0.539207 0.5820513 0.5834277 0.5788243 0.5403287 0.5237657 0.5402997 0.5325118 0.4397925
-9999 -9999 -9999 -9999 -9999 -9999 -9999 -9999 -9999 -9999 -9999 0.3358619 0.4312823 0.4912156 0.45904 0.4495938 0.4864029 0.5698665 0.5987031 0.6211608 0.5921815 0.5556271 0.5920442 0.5981576 0.5687841 0.4951508 0.5299774 0.428833 0.4229897 0.428229 0.3227021 0.2387084 0.3090303 0.5097429 0.6071817 0.6308539 0.5979053 0.4245998 0.4295346 0.6155005 0.6140577 0.4822265 0.4313416 0.5467346 0.5568602 0.4250338 0.4901888 0.5549461 0.623692 0.6277617 0.5541586 0.4969051 0.5544913 0.415099 0.2996327 0.2910312 0.3322741 0.3922594 0.4797594 0.5772295 0.5008479 0.5596423 0.5921209 0.5931 0.5207112 0.5360479 0.5350372 0.4977423 0.417783
-9999 -9999 -9999 -9999 -9999 -9999 -9999 -9999 -9999 -9999 -9999 -9999 0.4965886 0.4648109 0.4039259 0.5176922 0.4883101 0.5203357 0.5842621 0.6178849 0.5693673 0.5906314 0.540521 0.5613883 0.5950166 0.5680368 0.5342795 0.5132831 0.4978702 0.4221642 0.3309922 0.1979531 0.37793 0.5375719 0.6194599 0.6395435 0.5830692 0.4915066 0.5530632 0.5978738 0.6040071 0.5120504 0.4212913 0.559413 0.5105243 0.3507859 0.4358782 0.5472888 0.5829391 0.6125281 0.5516847 0.4920389 0.5308846 0.4245881 0.3629523 0.274602 0.358112 0.4368385 0.4633307 0.5623958 0.4776407 0.5137066 0.5992185 0.5515507 0.5732659 0.5379621 0.5210018 0.4701497 0.4220901
-9999 -9999 -9999 -9999 -9999 -9999 -9999 -9999 -9999 -9999 -9999 -9999 -9999 -9999 0.460859 0.5343524 0.5492315 0.5457691 0.6021195 0.6110206 0.6115487 0.5857611 0.526081 0.5202327 0.5953307 0.5619711 0.4476674 0.5016353 0.4256133 0.403738 0.379954 0.2851947 0.4827164 0.5733758 0.6074144 0.6314856 0.5490932 0.4435746 0.4441231 0.5108648 0.5696327 0.5251267 0.415228 0.5413874 0.4873153 0.3746289 0.4294166 0.5228838 0.5501606 0.5849332 0.4890003 0.500331 0.5391767 0.4300891 0.3214015 0.2533873 0.3596259 0.4128328 0.4014443 0.5431751 0.452439 0.5052523 0.5899667 0.6068958 0.6074778 0.5287108 0.4934084 0.5737433 0.5340574
-9999 -9999 -9999 -9999 -9999 -9999 -9999 -9999 -9999 -9999 -9999 -9999 -9999 -9999 -9999 0.5362591 0.5567207 0.579576 0.5952546 0.6057507 0.6178429 0.5796943 0.5355656 0.4926341 0.5852771 0.5383605 0.4296395 0.4297769 0.3868509 0.3175248 0.308096 0.2819209 0.4443534 0.45327 0.5072461 0.6098701 0.5350538 0.3406152 0.3176382 0.396741 0.4870098 0.4763974 0.4446527 0.5309376 0.4617133 0.433561 0.4819688 0.5395492 0.5217678 0.5661097 0.4582146 0.4775206 0.5036063 0.444362 0.3225159 0.3225159 0.2489192 0.3308345 0.3513444 0.3838179 0.5052129 0.4316229 0.4828415 0.5651634 0.5569716 0.5902508 0.5884417 0.5527405 0.6083536
-9999 -9999 -9999 -9999 -9999 -9999 -9999 -9999 -9999 -9999 -9999 -9999 -9999 -9999 -9999 -9999 0.529792 0.5526463 0.5770968 0.5919783 0.6092533 0.6105797 0.6115081 0.5805384 0.5084987 0.5090318 0.5653903 0.5220637 0.5138277 0.3021481 0.2775659 0.1879895 0.1825492 0.3306269 0.3387463 0.5219159 0.5826718 0.4747598 0.2695552 0.265718 0.3308649 0.3776706 0.4232813 0.4106765 0.5204875 0.4464784 0.4219148 0.4304483 0.4824463 0.4271 0.5405072 0.4373972 0.4319809 0.509505 0.4773751 0.3551305 0.2368746 0.2821054 0.328135 0.3941031 0.4740287 0.4004388 0.4735883 0.5499293 0.5481176 0.5455096 0.6593365 0.6136671 0.6302031
-9999 -9999 -9999 -9999 -9999 -9999 -9999 -9999 -9999 -9999 -9999 -9999 -9999 -9999 -9999 -9999 0.5233248 0.568908 0.5885736 0.5974741 0.5964072 0.600126 0.6126185 0.6007886 0.5821811 0.5340675 0.4987149 0.5267637 0.4264177 0.3766286 0.288646 0.1715563 0.239884 0.220489 0.3749478 0.5138569 0.5602582 0.4667011 0.3021687 0.3429908 0.3658709 0.3325289 0.3314866 0.3707187 0.5136256 0.4376228 0.3907295 0.3589898 0.423349 0.3648123 0.5252716 0.421364 0.4123592 0.4779208 0.4302402 0.3598323 0.237589 0.2600915 0.3073173 0.3421834 0.381437 0.4948586 0.4778919 0.5741701 0.5978781 0.6323535 0.6728114 0.6578454 0.6604254
-9999 -9999 -9999 -9999 -9999 -9999 -9999 -9999 -9999 -9999 -9999 -9999 -9999 -9999 -9999 -9999 0.5188511 0.5664282 0.5553908 0.5710703 0.5991119 0.601236 0.6153237 0.6106714 0.5681393 0.4937088 0.4798884 0.5246848 0.4638146 0.4108355 0.2777948 0.2492265 0.3833474 0.2706462 0.380047 0.4475807 0.5386416 0.4618319 0.3539212 0.366034 0.3869203 0.3141028 0.3310039 0.3427227 0.4780535 0.4491027 0.4038045 0.3206269 0.3566751 0.2678333 0.4869081 0.4152989 0.3369125 0.4108479 0.4680372 0.3721097 0.3284191 0.3804287 0.3355445 0.3895504 0.438374 0.5486056 0.5368227 0.5776753 0.6005859 0.605953 0.6165052 0.675307 0.6850644
-9999 -9999 -9999 -9999 -9999 -9999 -9999 -9999 -9999 -9999 -9999 -9999 -9999 -9999 -9999 -9999 -9999 0.5240738 0.4643897 0.5454636 0.5806828 0.5808136 0.5964963 0.5954329 0.6035417 0.5737706 0.5507793 0.5022696 0.4565519 0.294715 0.3399136 0.3759421 0.46341 0.384602 0.3608222 0.3745254 0.4859223 0.4115053 0.3454628 0.3914691 0.4031843 0.3427278 0.3528506 0.4012539 0.4313161 0.4270874 0.4132901 0.349651 0.2385625 0.3004456 0.4333915 0.4522975 0.3986333 0.3565339 0.4264831 0.4230645 0.3805702 0.4289911 0.4259751 0.3683325 0.423536 0.5194129 0.5526881 0.5197729 0.529525 0.5751653 0.5972812 0.6193985 0.6797967
-9999 -9999 -9999 -9999 -9999 -9999 -9999 -9999 -9999 -9999 -9999 -9999 -9999 -9999 -9999 -9999 -9999 -9999 0.4722772 0.5146729 0.5554749 0.5679669 0.5884349 0.574213 0.5938855 0.5860456 0.5730232 0.5117536 0.3779135 0.2240512 0.3326504 0.4579979 0.5051924 0.4519044 0.4117761 0.3955735 0.4483549 0.3751341 0.2843697 0.3806178 0.4074854 0.3785298 0.3727027 0.4015675 0.4667195 0.4062679 0.4056292 0.3782759 0.2939032 0.2281874 0.2738082 0.3537222 0.3869843 0.3361125 0.405663 0.4369353 0.4761836 0.4651916 0.5227849 0.4731172 0.4529579 0.4635033 0.5183107 0.5479987 0.5768904 0.6017963 0.633482 0.6595865 0.6880852
-9999 -9999 -9999 -9999 -9999 -9999 -9999 -9999 -9999 -9999 -9999 -9999 -9999 -9999 -9999 -9999 -9999 -9999 0.4789682 0.5265478 0.5557864 0.5710697 0.6031014 0.5509989 0.5299996 0.5309323 0.5829054 0.5280159 0.3339654 0.2240512 0.3899833 0.4802413 0.5210561 0.5156176 0.4639257 0.3851201 0.4024134 0.3056667 0.2519855 0.3677722 0.3886587 0.4031664 0.3662372 0.4226155 0.4865712 0.4205373 0.401955 0.3765954 0.3237236 0.2213226 0.2785069 0.3221352 0.3334663 0.3037281 0.396007 0.4360516 0.5319219 0.5404682 0.5721433 0.5615524 0.4903537 0.4446761 0.5110471 0.5786158 0.6238562 0.620451 0.6130597 0.6906026 0.6995627
-9999 -9999 -9999 -9999 -9999 -9999 -9999 -9999 -9999 -9999 -9999 -9999 -9999 -9999 -9999 -9999 -9999 -9999 -9999 0.5272576 0.5600849 0.5434688 0.5942417 0.5241959 0.4346126 0.5113069 0.568464 0.5482653 0.4128304 0.3778804 0.443727 0.5347828 0.5644325 0.5386581 0.4207747 0.3020948 0.361655 0.2708895 0.2439243 0.3246214 0.3670401 0.4082639 0.3350489 0.395016 0.4968524 0.4527493 0.4210086 0.3773067 0.268212 0.2718763 0.3505928 0.2789838 0.3018785 0.2789189 0.4078823 0.4327746 0.5493796 0.5531409 0.5792334 0.6129035 0.5751993 0.471305 0.5476446 0.6128209 0.6429088 0.653061 0.6253337 0.6968954 0.7070517
-9999 -9999 -9999 -9999 -9999 -9999 -9999 -9999 -9999 -9999 -9999 -9999 -9999 -9999 -9999 -9999 -9999 -9999 -9999 0.4880925 0.5392623 0.5258363 0.5530834 0.4914113 0.3675361 0.4553954 0.5416607 0.446897 0.5088409 0.4762835 0.5241861 0.5753675 0.5623518 0.4492522 0.2631834 0.3067926 0.4046324 0.3074871 0.214729 0.2958249 0.345421 0.4049871 0.3194109 0.3793781 0.5167027 0.4638273 0.4480365 0.3692449 0.290056 0.2662061 0.3971581 0.2729148 0.2268265 0.2844134 0.399022 0.4003884 0.5213795 0.5227484 0.4854403 0.511534 0.624157 0.5896441 0.6065707 0.635461 0.6539854 0.6860686 0.6455814 0.6732811 0.7021784
-9999 -9999 -9999 -9999 -9999 -9999 -9999 -9999 -9999 -9999 -9999 -9999 -9999 -9999 -9999 -9999 -9999 -9999 0.3702445 0.4345721 0.5184391 0.4986334 0.5354506 0.418353 0.3646569 0.509537 0.5180472 0.4284672 0.5558055 0.5503626 0.6050436 0.5792671 0.5172057 0.4463731 0.270273 0.3146799 0.4420268 0.3400964 0.2393635 0.2702176 0.4406334 0.4639136 0.3675715 0.4438871 0.5281786 0.489658 0.4304039 0.3871008 0.2863796 0.2461802 0.4038482 0.2935607 0.2454788 0.3058567 0.3825846 0.3632162 0.4638712 0.4744111 0.4367043 0.4663869 0.5977505 0.6501641 0.6722744 0.6497267 0.6865932 0.6967452 0.6829741 0.7114711 0.7148489
-9999 -9999 -9999 -9999 -9999 -9999 -9999 -9999 -9999 -9999 -9999 -9999 -9999 -9999 -9999 -9999 -9999 -9999 0.3869028 0.4691741 0.4449812 0.4311568 0.48193 0.3440981 0.4586724 0.5736467 0.5394913 0.4251892 0.5668822 0.5949343 0.6089426 0.5739951 0.5031614 0.4040178 0.3981817 0.5027992 0.5352449 0.4680052 0.3473352 0.2430146 0.4564949 0.4845599 0.4380609 0.505604 0.5635784 0.4823921 0.4147643 0.3499289 0.2121243 0.2867626 0.4284807 0.3516878 0.2713076 0.3173306 0.3509939 0.3116881 0.4597937 0.4914674 0.5251357 0.5428557 0.6080277 0.6680173 0.6434745 0.6843269 0.6761354 0.6994459 0.7028208 0.7077918 0.7151569
-9999 -9999 -9999 -9999 -9999 -9999 -9999 -9999 -9999 -9999 -9999 -9999 -9999 -9999 -9999 -9999 -9999 0.2642696 0.3553123 0.3849494 0.3810928 0.372851 0.3881361 0.4759937 0.5287628 0.6118374 0.5852582 0.5144193 0.5612114 0.563345 0.624006 0.5774946 0.5202183 0.4326384 0.5368561 0.5609269 0.537947 0.4719037 0.3627971 0.2572803 0.4292911 0.4800846 0.5029672 0.5310345 0.563888 0.4823028 0.4513595 0.3861253 0.2483207 0.340104 0.4563023 0.3671483 0.3354148 0.3479432 0.3349532 0.2525829 0.3408767 0.418007 0.4297445 0.4618191 0.5796254 0.6296465 0.5959322 0.655127 0.6541128 0.6861957 0.6991402 0.6112037 0.6540568
-9999 -9999 -9999 -9999 -9999 -9999 -9999 -9999 -9999 -9999 -9999 -9999 -9999 -9999 -9999 -9999 -9999 0.3212 0.3600073 0.3609348 0.4180863 0.448523 0.352957 0.5584445 0.5912763 0.6308879 0.6162713 0.5777308 0.5906294 0.5883768 0.6701705 0.6049185 0.5193312 0.5107028 0.5961792 0.5628309 0.5163249 0.4598516 0.3762645 0.2575891 0.3506483 0.4457026 0.4434641 0.5445017 0.5677852 0.4782252 0.3978375 0.3696864 0.2785349 0.340104 0.4909016 0.4029437 0.413477 0.4028781 0.3575898 0.242921 0.3100813 0.3210197 0.3211934 0.4421884 0.5556083 0.5486085 0.5559651 0.6171535 0.5539349 0.5648843 0.5666639 0.5883821 0.6950343
-9999 -9999 -9999 -9999 -9999 -9999 -9999 -9999 -9999 -9999 -9999 -9999 -9999 -9999 -9999 -9999 0.3221774 0.3888961 0.423716 0.3620409 0.4909665 0.5305743 0.4848515 0.5376197 0.60913 0.6296019 0.6413023 0.6143255 0.6036981 0.6676372 0.6629028 0.623569 0.5666913 0.5592591 0.6176211 0.5786902 0.5473365 0.4749133 0.3554391 0.2100477 0.250074 0.3299757 0.3648204 0.4618705 0.5621117 0.5770227 0.4065185 0.3205495 0.319913 0.4325213 0.507955 0.4782137 0.4815694 0.4462484 0.3435407 0.2408341 0.2445938 0.2806532 0.2728519 0.4010239 0.4781578 0.4779367 0.4482099 0.4894609 0.5418783 0.6066582 0.6168114 0.6648466 0.7061047
-9999 -9999 -9999 -9999 -9999 -9999 -9999 -9999 -9999 -9999 -9999 -9999 -9999 -9999 -9999 -9999 0.3603656 0.4414394 0.4284101 0.3535762 0.4936668 0.550022 0.5318127 0.528358 0.6361541 0.6646008 0.6631428 0.6592932 0.6235451 0.6791105 0.6815526 0.6561749 0.6036835 0.6149922 0.6410557 0.5837824 0.5556187 0.4696381 0.3346128 0.2454445 0.3484723 0.3888983 0.3814759 0.4697536 0.575976 0.5358599 0.4829854 0.4069848 0.3712587 0.4567522 0.531786 0.4681513 0.4798806 0.4489456 0.4136255 0.3085264 0.3146784 0.3463514 0.2827258 0.3841818 0.496804 0.5484196 0.5565733 0.5870581 0.6374815 0.674748 0.6896859 0.6966504 0.7064074
-9999 -9999 -9999 -9999 -9999 -9999 -9999 -9999 -9999 -9999 -9999 -9999 -9999 -9999 -9999 0.3928434 0.410117 0.4824183 0.4654018 0.3961505 0.5019493 0.5423546 0.5747859 0.6211743 0.6512153 0.6585286 0.6606591 0.6584047 0.6294351 0.6734369 0.6870432 0.6776151 0.655827 0.6523822 0.6445524 0.5932603 0.5503429 0.4767234 0.3257482 0.3023726 0.4281287 0.4805169 0.4595373 0.5199025 0.5862502 0.5588941 0.4729235 0.4328099 0.4134322 0.4789883 0.5249125 0.4927786 0.4630382 0.5050733 0.4645694 0.4184845 0.4306175 0.4136435 0.3113393 0.3625534 0.5154487 0.5929826 0.6218709 0.6483681 0.6453596 0.5709773 0.6349605 0.6817995 0.7079049
-9999 -9999 -9999 -9999 -9999 -9999 -9999 -9999 -9999 -9999 -9999 -9999 -9999 -9999 0.4779555 0.4441892 0.4383357 0.5397456 0.4338089 0.3577791 0.4105447 0.5279079 0.5774853 0.5820056 0.6359711 0.667608 0.6685423 0.6782501 0.6476856 0.6422429 0.6897417 0.6827061 0.640582 0.5789204 0.5643116 0.5772175 0.553041 0.4714464 0.3180786 0.2424674 0.379787 0.4469287 0.5268313 0.5529045 0.5901437 0.5859147 0.4353473 0.3824737 0.4392562 0.5267432 0.5136516 0.4424406 0.498829 0.5659848 0.4848087 0.4275588 0.4129758 0.4613957 0.3347679 0.3265688 0.4754766 0.5506177 0.5763159 0.606003 0.5511576 0.5744674 0.6356594 0.6693395 0.7082047
-9999 -9999 -9999 -9999 -9999 -9999 -9999 -9999 -9999 -9999 -9999 -9999 0.4401289 0.518807 0.5344844 0.5158703 0.5534801 0.5803248 0.441691 0.3493128 0.4024771 0.5118654 0.5777916 0.5994579 0.6195301 0.6635278 0.6820071 0.6701825 0.6436055 0.6218142 0.6908445 0.6686566 0.6265323 0.534566 0.5418882 0.5878896 0.5593269 0.4753397 0.3128008 0.2132646 0.2756201 0.3826362 0.4888557 0.5595883 0.5872575 0.5798383 0.5026398 0.4106891 0.4901998 0.5525656 0.5259157 0.4989649 0.5202636 0.5730646 0.4799259 0.4246694 0.4411882 0.4971842 0.3526128 0.2598795 0.3641276 0.4520285 0.4773277 0.6039097 0.6005021 0.6317866 0.6267869 0.6732266 0.7136866
-9999 -9999 -9999 -9999 -9999 -9999 -9999 -9999 -9999 -9999 -9999 -9999 0.3977682 0.5234984 0.5491442 0.557645 0.571729 0.6021625 0.4511677 0.3771316 0.3800541 0.4814677 0.5023355 0.5794274 0.605082 0.6702132 0.6827112 0.6716842 0.6570695 0.6316895 0.6947376 0.6597896 0.5977282 0.5253 0.5150775 0.5216031 0.5289273 0.4939856 0.3709222 0.2809559 0.3261653 0.380148 0.4620441 0.5371626 0.5911487 0.5693745 0.4511051 0.4305297 0.507249 0.5676211 0.5557229 0.5299684 0.5393045 0.5913077 0.4766367 0.4365323 0.4682033 0.5106416 0.3513166 0.2725391 0.4134715 0.4850237 0.5274687 0.5515729 0.6004008 0.6376665 0.676927 0.680701 0.6840774
-9999 -9999 -9999 -9999 -9999 -9999 -9999 -9999 -9999 0.3228313 -9999 -9999 0.40206 0.5253977 0.5418727 0.5535635 0.6158957 0.6132333 0.4901507 0.460774 0.3819539 0.4865574 0.4986529 0.5270978 0.5938233 0.6282511 0.6758386 0.6695964 0.6143096 0.5773659 0.657559 0.6417508 0.5661318 0.5100521 0.4774997 0.4912026 0.4865644 0.4253053 0.4122956 0.3757608 0.3392272 0.4067671 0.4575608 0.5247045 0.5930452 0.5473461 0.4864959 0.5341055 0.4923973 0.5571555 0.5719718 0.5262797 0.5782815 0.5832325 0.5052457 0.4930533 0.553035 0.5005718 0.3898933 0.3067294 0.453244 0.5275871 0.5708294 0.5319318 0.5695945 0.6439431 0.6453229 0.6678376 0.6460929
-9999 -9999 -9999 -9999 -9999 -9999 -9999 -9999 -9999 0.3634085 0.4196596 0.4684306 0.4741379 0.5113467 0.5668988 0.5937419 0.623377 0.6147335 0.5486715 0.5280672 0.462007 0.5079949 0.5292616 0.5246106 0.5901398 0.6181878 0.6697626 0.6834576 0.630563 0.6147528 0.6777989 0.6288947 0.5736114 0.5091582 0.5124927 0.5365628 0.4844736 0.4415568 0.4337304 0.4071642 0.3714278 0.4413601 0.4961411 0.536967 0.5969341 0.5623997 0.5521899 0.5623173 0.4895069 0.5243587 0.5095045 0.5742632 0.5441219 0.5993133 0.5974854 0.5517969 0.5511678 0.5872245 0.5511097 0.4715329 0.441402 0.4802552 0.5613767 0.5942515 0.603203 0.600991 0.6219075 0.5578928 0.5405326
-9999 -9999 -9999 -9999 -9999 -9999 -9999 0.348714 0.3871153 0.3772694 0.4191651 0.4191651 0.4759111 0.5402339 0.5439482 0.5528473 0.5912539 0.6264715 0.6138406 0.5469812 0.5826 0.5424582 0.5840598 0.5829965 0.5137489 0.5732968 0.6149021 0.6509256 0.6893427 0.6607717 0.6225346 0.6912593 0.6347786 0.6141861 0.5489351 0.5498769 0.5607883 0.5330224 0.4757504 0.5285332 0.484422 0.4191783 0.4695719 0.4816871 0.4989869 0.5944419 0.5906107 0.5823944 0.5757743 0.5185146 0.5325294 0.5833319 0.5276706 0.5613296 0.6025659 0.5520921 0.583761 0.611444 0.5717403 0.4989418 0.5050964 0.5547155 0.5812087 0.5841773 0.6286168 0.5968974 0.5639831 0.5350577 0.5376346
-9999 -9999 -9999 -9999 -9999 -9999 -9999 -9999 0.3466241 0.4105453 0.4181476 0.4382084 0.4562763 0.5233905 0.5873154 0.5866443 0.5999302 0.6299641 0.6336817 0.617463 0.5976562 0.5738628 0.6322117 0.6104138 0.5547233 0.5712066 0.6064319 0.661994 0.6920373 0.6798147 0.6467602 0.6819898 0.6677762 0.6332273 0.5667801 0.6056024 0.6276784 0.6278245 0.5721474 0.5774793 0.5118356 0.4222682 0.3813491 0.4552694 0.5275958 0.5759988 0.5542236 0.5974453 0.5888311 0.5574896 0.5563505 0.6047603 0.6168854 0.5759787 0.6068473 0.5914629 0.5896371 0.638453 0.6079201 0.5291404 0.5428708 0.596477 0.596254 0.6343119 0.638079 0.5904096 0.5148293 0.49029 0.5211774
-9999 -9999 -9999 -9999 -9999 0.3828498 0.4738837 0.4133951 0.3297801 0.4718554 0.5436552 0.4979232 0.4398306 0.50216 0.5313942 0.5083936 0.5452053 0.6254812 0.5988942 0.6365057 0.6286613 0.6012791 0.644077 0.6330451 0.5741646 0.6030089 0.5875934 0.6395667 0.6751923 0.6952678 0.6957068 0.6519848 0.5967003 0.5916584 0.5754528 0.6370034 0.6407369 0.650054 0.5931802 0.6036956 0.5615777 0.4572566 0.3800513 0.4376228 0.5203165 0.5958338 0.5597037 0.6284446 0.5803545 0.533063 0.5602331 0.5727554 0.6434958 0.6456532 0.6087349 0.6180723 0.6389747 0.6235924 0.5687356 0.5417925 0.5818397 0.6310594 0.63283 0.6405828 0.6280012 0.6182122 0.5884873 0.5436115 0.5485804
-9999 0.3120986 0.3947564 0.4534903 0.4635776 0.4636973 0.5324015 0.5022178 0.3791271 0.5020629 0.5702733 0.5548459 0.447708 0.4609917 0.4702886 0.5274356 0.561855 0.6229908 0.5840428 0.5961348 0.6425195 0.6386634 0.6439791 0.6333458 0.6203209 0.6364052 0.6177996 0.6374745 0.6531627 0.6947704 0.686037 0.6347386 0.6436517 0.6489772 0.6570946 0.6895366 0.6829027 0.6543386 0.6010534 0.6307085 0.5634693 0.4392106 0.46847 0.4738055 0.5245994 0.5773879 0.620209 0.6594426 0.5730725 0.5178061 0.5497591 0.5335717 0.613084 0.6543183 0.6489005 0.6538514 0.6711645 0.6163062 0.5582592 0.5173597 0.6235981 0.6445068 0.6394982 0.5798631 0.5246153 0.5650678 0.5321527 0.5674244 0.6230333
