02_Processed_Data/Guangdong-driving/Tem/txt/txt-20.txt
ncols         755
nrows         605
xllcorner     491130
yllcorner     2101946
cellsize      1000
NODATA_value  -9999
[rows 450 to 479 of 605, columns 69 to 137 of 755]
0.8975613 0.8954408 0.9024517 0.8995011 0.9002855 0.8998238 0.9022661 0.9018013 0.9034094 0.9058451 0.8949954 0.87003 0.8994332 0.9055882 0.9067569 0.9083346 0.9065849 0.9081482 0.9076278 0.9075133 0.911124 0.9122331 0.9116693 0.9119216 0.9158941 0.9136235 0.9125796 0.9140067 0.9154137 0.9172167 0.9194167 0.9203553 0.9216942 0.9221896 0.9222584 0.9210715 0.9215356 0.9224062 0.9228545 0.9228811 0.9229017 0.9225023 0.9200231 0.9183701 0.9179589 0.9175447 0.9200336 0.9192 0.9171193 0.9245839 0.924161 0.9241526 0.9216529 0.9199829 0.9178973 0.9195473 0.9191216 0.9232618 0.9228361 0.9232409 0.9224008 0.9219763 0.9215523 0.9169785 0.9157265 0.9161361 0.9165474 0.9153005 0.9169609
0.8991827 0.8999631 0.904479 0.9040142 0.9039637 0.901422 0.9038593 0.9054648 0.9074829 0.908668 0.9052841 0.8973307 0.9038997 0.9067283 0.9091362 0.9090473 0.9072912 0.9051122 0.9066601 0.9073686 0.9097267 0.9108281 0.9106717 0.9121616 0.9148812 0.9126037 0.9111386 0.9133908 0.9106436 0.9124438 0.9196228 0.9197298 0.9227276 0.9228069 0.9224592 0.9225161 0.9221485 0.9226024 0.9230487 0.9239035 0.9210167 0.9222755 0.9231147 0.9193842 0.9202161 0.9168945 0.9189664 0.9210364 0.9235198 0.9243417 0.9243325 0.9239076 0.9201615 0.9176603 0.916819 0.9180531 0.9205323 0.9238416 0.9234157 0.9229898 0.9225643 0.9208943 0.9196398 0.9179713 0.9171339 0.9175436 0.9167098 0.9162937 0.917955
0.8974783 0.8953487 0.8998601 0.9022959 0.9030708 0.9042597 0.9037867 0.9041419 0.9057397 0.9098249 0.910171 0.9063624 0.9066997 0.9115976 0.9102636 0.908093 0.9067453 0.9053895 0.9090058 0.9072164 0.9083219 0.9114911 0.9125722 0.9136395 0.9138618 0.9115776 0.9146723 0.9181647 0.9120932 0.9167962 0.9198224 0.9215881 0.9229243 0.9230024 0.9230686 0.9231242 0.9223399 0.9227924 0.9228222 0.9232602 0.9207869 0.923289 0.9228812 0.9199792 0.9203942 0.9187312 0.9212165 0.9224548 0.9253519 0.9253424 0.9253322 0.923246 0.9194992 0.9182425 0.919061 0.9227849 0.9240186 0.9240073 0.923166 0.9227402 0.9231449 0.9223049 0.9214655 0.9222873 0.9210349 0.9201993 0.9193658 0.9185354 0.9189529
0.8974294 0.8977855 0.8985569 0.9059687 0.9042484 0.9037721 0.9066144 0.9082096 0.9077268 0.9101463 0.9088265 0.9070873 0.9111543 0.9102351 0.9080647 0.9100381 0.9078534 0.9073208 0.9100997 0.9083032 0.9098164 0.9117329 0.9140519 0.9163572 0.9157425 0.913452 0.9165412 0.9187837 0.9181041 0.9203136 0.9233375 0.922196 0.9235308 0.9231926 0.9236726 0.923727 0.9229416 0.9221476 0.923006 0.9242728 0.9238732 0.9238834 0.9238891 0.9218157 0.9184938 0.9184895 0.9197283 0.9226257 0.9234464 0.9250963 0.9242552 0.9192628 0.918421 0.9196545 0.922548 0.9241967 0.9241853 0.9241741 0.9233332 0.9229077 0.9208224 0.9212281 0.9224643 0.9212112 0.9207892 0.9199538 0.9199508 0.919121 0.9203703
0.8969612 0.9018785 0.9038903 0.9079768 0.9074969 0.9036949 0.9052871 0.9085373 0.9092942 0.910463 0.9116278 0.9115431 0.9126986 0.910943 0.9120865 0.911978 0.9114468 0.908832 0.9107738 0.9127055 0.911721 0.9140455 0.9138669 0.9157501 0.9172041 0.916568 0.9171615 0.9198143 0.9220364 0.9229977 0.9231137 0.9236303 0.9237183 0.9229636 0.9238576 0.9239109 0.9239544 0.9239893 0.9240164 0.9244516 0.9240508 0.9240597 0.923234 0.9211593 0.9215716 0.9186609 0.9203137 0.9244553 0.9256902 0.9227738 0.9190268 0.9206753 0.9214934 0.9231421 0.9243757 0.9243643 0.9243534 0.9243429 0.9247478 0.9226628 0.9193332 0.9201546 0.9201468 0.922215 0.9201336 0.9192989 0.9188813 0.9188827 0.9193037
0.90064 0.9047225 0.9071445 0.909566 0.9090812 0.9065195 0.9081066 0.9105213 0.912518 0.9145113 0.913595 0.9130893 0.9138237 0.913722 0.9127838 0.9105934 0.9100554 0.909924 0.9106137 0.9129533 0.9148672 0.9146941 0.9153389 0.9155554 0.916173 0.9192665 0.921515 0.9225032 0.9230612 0.9231892 0.9224724 0.9234021 0.9239035 0.9243924 0.9236248 0.9240918 0.9245493 0.924583 0.9246089 0.9246281 0.924226 0.9238186 0.9238219 0.9238213 0.9209121 0.9200757 0.923388 0.9262838 0.925443 0.9229412 0.9216843 0.9237478 0.9245664 0.9249701 0.9245442 0.9249485 0.9249386 0.924929 0.9232598 0.9236663 0.921168 0.9195004 0.9186637 0.9211485 0.9207287 0.921556 0.9207251 0.9207279 0.9174139
0.9034854 0.9038277 0.9066601 0.910322 0.9110775 0.9060204 0.9088475 0.9112569 0.912418 0.9144056 0.9130687 0.9133871 0.9141153 0.9119321 0.9101574 0.9108657 0.9128115 0.9130884 0.9133559 0.9140285 0.9151053 0.9165857 0.9176389 0.9161887 0.9180456 0.9190583 0.9204717 0.9206254 0.9207645 0.9213043 0.921415 0.9227574 0.9245022 0.9241593 0.9246355 0.9242712 0.9247276 0.9247602 0.924785 0.9243878 0.9248149 0.9235764 0.9227484 0.9252372 0.921497 0.9185846 0.9260468 0.9243764 0.9247804 0.9226937 0.9230971 0.925161 0.92515 0.9251393 0.9251294 0.9255349 0.9255261 0.9234426 0.9226049 0.9225981 0.9234219 0.9196808 0.918846 0.9200873 0.92133 0.9238195 0.9229907 0.9217499 0.9196817
0.9067432 0.9066659 0.9090785 0.9106603 0.9109958 0.9084241 0.9091707 0.9115748 0.9135607 0.9159577 0.915445 0.9165877 0.9160646 0.9130449 0.9108489 0.9111358 0.9122447 0.9145902 0.9160962 0.915517 0.9132667 0.9188911 0.9174476 0.9168215 0.9165972 0.9188498 0.9185982 0.9187475 0.919713 0.9214947 0.9207726 0.9216977 0.9238554 0.9247562 0.9244007 0.9244501 0.9249051 0.9257668 0.9253755 0.9249773 0.9245731 0.9249938 0.9245799 0.9254075 0.9245721 0.9245643 0.9262152 0.9224691 0.9224581 0.9216167 0.9240959 0.9257454 0.9257351 0.9257255 0.9253017 0.9257088 0.9244564 0.92528 0.9231991 0.9211189 0.9215296 0.9219412 0.9190332 0.9194466 0.9219368 0.9223534 0.9252623 0.9227777 0.9215405
0.9058486 0.9082569 0.911495 0.913072 0.9117424 0.9124861 0.9123974 0.9143813 0.9151164 0.9170928 0.9140841 0.9139757 0.9138615 0.912081 0.9127841 0.9126495 0.914167 0.916506 0.9180056 0.9161745 0.915993 0.9182907 0.9197464 0.9182843 0.9151492 0.9157364 0.9163103 0.9160404 0.9182473 0.9216861 0.9193009 0.9206386 0.9236245 0.9241084 0.9245816 0.9246295 0.9250835 0.9255286 0.9255514 0.9255671 0.9251618 0.9259966 0.9255819 0.9251636 0.922667 0.9268094 0.9263845 0.9218083 0.9242876 0.9238616 0.9242662 0.9263315 0.9259074 0.9258991 0.9263071 0.9254708 0.9233902 0.9225557 0.9233822 0.920059 0.9192269 0.9208861 0.9188107 0.9192266 0.9196439 0.9213079 0.9217285 0.9258864 0.9242353
0.9074429 0.9090165 0.9101747 0.9138222 0.914978 0.9136415 0.9127176 0.9155262 0.9179162 0.9157366 0.9147974 0.9150982 0.9145631 0.9123614 0.9138883 0.9154077 0.9156739 0.9180064 0.9186694 0.9172471 0.9187197 0.9210113 0.9166503 0.9176729 0.9137024 0.9146998 0.9160992 0.9158253 0.9180287 0.920219 0.9207364 0.9229019 0.9242254 0.9247075 0.925179 0.9252256 0.925263 0.9236318 0.9257285 0.9253283 0.925337 0.9261708 0.9265853 0.9249209 0.9232538 0.9265655 0.9253104 0.9240545 0.9252888 0.9248635 0.9265139 0.9265051 0.9260824 0.9260759 0.9264857 0.9264815 0.9244031 0.9214957 0.9214945 0.9210793 0.9177595 0.9198363 0.9169332 0.9169368 0.9194317 0.9223434 0.9231809 0.9244351 0.9252756
0.9065461 0.9097754 0.9109288 0.9129115 0.9153076 0.913551 0.9126222 0.9162557 0.9182253 0.9160401 0.9155103 0.91373 0.9131892 0.9118116 0.9137475 0.916506 0.9180111 0.9178471 0.9193341 0.919566 0.9206174 0.9216581 0.9206119 0.9187237 0.9164084 0.9182312 0.9167207 0.9156127 0.9194728 0.9216599 0.9188542 0.9222624 0.925244 0.9253091 0.924949 0.9233337 0.9208794 0.9238127 0.9267384 0.9259219 0.9250994 0.9263474 0.9263458 0.9250956 0.923843 0.9275693 0.9271439 0.9263031 0.9267078 0.9271131 0.9266892 0.9266818 0.9262607 0.9258412 0.9250078 0.9250062 0.9237604 0.9225157 0.9196119 0.9175391 0.9167123 0.9163015 0.9150615 0.9163127 0.9196404 0.9192336 0.9217336 0.9254797 -9999
0.9081395 0.9084588 0.911268 0.914076 0.9172975 0.9147059 0.9129418 0.9174003 0.9185345 0.9167589 0.9153935 0.9148529 0.9143062 0.914583 0.9148527 0.9167751 0.9186893 0.9201795 0.9216605 0.9214715 0.9225171 0.9223069 0.9195952 0.9168717 0.9187021 0.91886 0.9169304 0.9154035 0.9200902 0.9231045 0.9190508 0.9183058 0.9250209 0.9250841 0.9230619 0.9177097 0.9223102 0.925242 0.9240159 0.9248585 0.9256954 0.9265271 0.9269397 0.9244436 0.9290011 0.9277461 0.9273204 0.9273098 0.9272999 0.9272907 0.9276983 0.9268622 0.925613 0.9239504 0.9231197 0.9239506 0.9227074 0.9198055 0.9181497 0.9140044 0.9131805 0.9140177 0.9161009 0.9169398 0.9173644 0.9194502 0.9223672 0.926115 0.9257131
0.9097334 0.9112935 0.9111927 0.9135811 0.9172128 0.9162766 0.9153377 0.9156405 0.9188447 0.9174789 0.9181833 0.9176371 0.9166695 0.9152805 0.9159595 0.9166309 0.917709 0.9196085 0.9219139 0.9225491 0.9231744 0.9212986 0.9206569 0.9170983 0.9185089 0.9207379 0.9200494 0.920179 0.922372 0.9224778 0.9200817 0.9197494 0.924387 0.9232032 0.9203492 0.9195611 0.9224998 0.9229401 0.9217129 0.9250445 0.9262953 0.9262961 0.9271227 0.9254557 0.9291824 0.9279269 0.9270859 0.9270753 0.9270658 0.9274728 0.9266363 0.9266322 0.92497 0.9199893 0.9191611 0.9208251 0.9212452 0.9166859 0.9166934 0.9142113 0.9154656 0.9150605 0.9159012 0.9196481 0.9192451 0.9209181 0.9217615 0.9230208 0.922205
0.9109133 0.9137143 0.9127789 0.9135024 0.9167145 0.919094 0.9148296 0.9155424 0.9204018 0.9190307 0.9180694 0.9171026 0.9148845 0.9155651 0.9166534 0.9152438 0.9163162 0.9190403 0.9213401 0.9236301 0.9238349 0.9236141 0.9217222 0.9214795 0.9158297 0.9192996 0.9219278 0.9212236 0.9217532 0.9235162 0.9223626 0.9195377 0.922513 0.9213274 0.9230374 0.9226628 0.9247699 0.9252091 0.9239805 0.9210852 0.9219198 0.9264851 0.9268957 0.9277183 0.9293687 0.9281126 0.9272713 0.9268457 0.9272516 0.9251691 0.9239192 0.9235019 0.9226722 0.9197695 0.9197743 0.919781 0.9193742 0.915648 0.9139982 0.9152548 0.9185874 0.9198454 0.9198587 0.9202877 0.9169815 0.921977 0.9253128 0.923253 0.9224387
0.9120952 0.9119864 0.9160273 0.9159163 0.9178784 0.9198381 0.9163989 0.9179369 0.9207159 0.9189244 0.9175429 0.9161557 0.9160075 0.9166825 0.9173502 0.9184256 0.9182473 0.9205508 0.9207699 0.9230547 0.9244995 0.9246888 0.9232073 0.9212998 0.9177209 0.9207717 0.9225661 0.9231037 0.9248752 0.9253904 0.9238192 0.9243125 0.9239652 0.9227778 0.9224108 0.9236951 0.926631 0.9266539 0.9258393 0.9237729 0.9262667 0.9258502 0.9270899 0.9279115 0.9295611 0.9283042 0.9270474 0.9274519 0.9274431 0.9241164 0.922868 0.923283 0.9207956 0.9187258 0.9187338 0.9191588 0.9195852 0.9142021 0.9129705 0.9175506 0.9188108 0.9213166 0.9229927 0.9217638 0.9172148 0.9222123 0.9276251 0.9280573 0.925584
0.9128645 0.9144116 0.9159578 0.9179175 0.9207054 0.9193398 0.9179711 0.9186741 0.9210328 0.9192363 0.9195099 0.9189475 0.9175487 0.9182183 0.9188809 0.9195356 0.918522 0.9220653 0.9235244 0.9237288 0.9239236 0.9249382 0.9230369 0.9223703 0.9208627 0.9201742 0.9215497 0.9233294 0.9230226 0.9272706 0.925697 0.9257731 0.9233485 0.9225744 0.922206 0.9247341 0.9251785 0.9272753 0.9268748 0.9281279 0.9268851 0.9256373 0.9277062 0.9281117 0.9281002 0.929748 0.9268304 0.9255742 0.9255658 0.9218251 0.9238989 0.9197505 0.9193411 0.9210102 0.9181159 0.9177139 0.9164835 0.9160842 0.9156858 0.9190236 0.9202867 0.9244553 0.9244738 0.9211719 0.9203604 0.9203791 0.9274539 0.9295477 0.929151
0.9136369 0.9147648 0.9171368 0.9203373 0.9218753 0.9175997 0.9187166 0.9206598 0.9213535 0.9224574 0.918575 0.9167624 0.9182637 0.9193433 0.9183401 0.9194048 0.917971 0.9210942 0.9225482 0.9235779 0.9258431 0.9260231 0.9249476 0.9242768 0.9244254 0.9233182 0.9230301 0.9243917 0.9261573 0.925837 0.9279967 0.9243351 0.9231539 0.9227933 0.9224235 0.9261954 0.9270537 0.9279044 0.9283329 0.92834 0.9279264 0.9270929 0.9275005 0.9274901 0.9299679 0.9299545 0.9270362 0.9261947 0.9232811 0.923692 0.922447 0.9207916 0.9183099 0.9199821 0.9195815 0.920013 0.9158804 0.9158992 0.9188243 0.9205046 0.9238456 0.9271868 0.924302 0.9226625 0.922268 0.9214584 0.9252141 0.9260641 0.9161221
0.9148282 0.9155368 0.9183196 0.9206856 0.9201438 0.9208444 0.9211264 0.9226497 0.9229233 0.9215319 0.9197199 0.9199773 0.9189833 0.9196426 0.9211248 0.9205241 0.9186701 0.9184678 0.9190869 0.9213571 0.925693 0.9275289 0.9268643 0.9249443 0.9255043 0.9248086 0.9220271 0.9233854 0.9259786 0.9260709 0.9278133 0.9229046 0.9250423 0.9242651 0.9255542 0.9280798 0.9289371 0.9293718 0.9293845 0.9285607 0.9285614 0.927312 0.9268888 0.930198 0.9227136 0.9235294 0.9301565 0.9268243 0.9243256 0.9263976 0.9226643 0.9214267 0.9201934 0.9193786 0.9198115 0.9214914 0.9181918 0.9190437 0.9215565 0.9253148 0.9249226 0.9278509 0.9257985 0.925821 0.9221078 0.9212997 -9999 -9999 -9999
0.9143638 0.9163135 0.9199221 0.9247741 0.9217374 0.9220182 0.9231257 0.9229839 0.9220074 0.9210262 0.918379 0.9211218 0.9205378 0.9207771 0.9218392 0.9187431 0.9181295 0.9199979 0.9206122 0.9224628 0.9243039 0.9273807 0.9275423 0.9247884 0.9274201 0.9258909 0.9247665 0.9257071 0.9249772 0.9271427 0.9284679 0.9248026 0.9261087 0.9269903 0.9257878 0.9295578 0.929169 0.929188 0.9292001 0.9283757 0.9283758 0.9283713 0.9283625 0.9304259 0.9229408 0.9200203 0.9212508 0.9241434 0.9253802 0.9270378 0.9233067 0.9212421 0.9212574 0.9221062 0.9225422 0.9221497 0.9213434 0.923858 0.924298 0.9268133 0.9268385 0.9305988 0.9306235 0.9285724 0.9248607 -9999 -9999 -9999 -9999
0.9172252 0.9200007 0.9198695 0.9251321 0.922506 0.9207069 0.9193193 0.921248 0.9177765 0.9188654 0.9178736 0.9210266 0.922513 0.9239925 0.9221444 0.9207036 0.9192552 0.9211189 0.9229738 0.925235 0.9258268 0.9276544 0.926982 0.9267147 0.9272678 0.9253204 0.9270986 0.9255462 0.9268892 0.9257319 0.9291307 0.9271241 0.9288436 0.9284791 0.9260305 0.9293845 0.9294103 0.9294288 0.9286103 0.9290308 0.9290308 0.9286109 0.9286019 0.9265146 0.9215194 0.922334 0.9243941 0.9247956 0.9276918 0.9243694 0.9218859 0.9235601 0.9227486 0.9244304 0.9248692 0.9219889 0.92243 0.9245319 0.9266342 0.9266611 -9999 -9999 -9999 -9999 -9999 -9999 -9999 -9999 -9999
0.9246581 0.924939 0.9252185 0.9234206 0.9212049 0.9189861 0.9175938 0.9186877 0.9201919 0.9204461 0.9202796 0.9213523 0.9228337 0.9214029 0.9216253 0.9214252 0.9203871 0.9197559 0.9195312 0.9230334 0.9248664 0.9258599 0.9293344 0.9286488 0.9283683 0.9272482 0.9286085 0.9270536 0.9267341 0.9239147 0.9281418 0.9298693 0.9295124 0.9266563 0.9266973 0.9300508 0.9300761 0.9300944 0.9292758 0.9292814 0.9309418 0.9309371 0.9309284 0.9259359 0.9221862 0.9238311 0.9254761 0.9308582 0.9254525 0.9229603 0.9225553 0.9234022 0.9238384 0.9255224 0.9255483 0.9235001 0.9222828 0.9243864 0.9260752 -9999 -9999 -9999 -9999 -9999 -9999 -9999 -9999 -9999 -9999
0.9200606 0.918262 0.9214424 0.9258658 0.9207402 0.920177 0.9221004 0.9206991 0.9230287 0.9220327 0.9206161 0.9229293 0.9210855 0.9101036 0.9194528 0.9188329 0.9194505 0.9167396 0.9152656 0.915028 0.9214228 0.9261482 0.929204 0.9297602 0.9294768 0.9291839 0.9263911 0.925664 0.9249274 0.9258417 0.927577 0.9301333 0.9301903 0.9298239 0.9302794 0.9303119 0.9307521 0.9295252 0.9295369 0.9291278 0.9312037 0.9311997 0.9274563 0.9257849 0.9282622 0.9270028 0.9274037 -9999 0.9265526 0.9257221 0.9261481 0.9240907 0.9270183 0.9257982 0.9274853 0.9262685 0.9258824 0.9242517 -9999 -9999 -9999 -9999 -9999 -9999 -9999 -9999 -9999 -9999 -9999
0.9179605 0.9203081 0.9205785 -9999 0.9219424 0.9217893 0.9216327 0.9210567 0.9225515 0.9232109 0.9222046 0.9245129 0.9284753 0.9187339 0.9147965 0.9183229 0.9156156 0.9203715 0.9172331 0.9153314 0.9213073 0.925199 0.9274214 0.9279745 0.9297635 0.9286377 0.9275027 0.9284337 0.9289404 0.9277777 0.9303416 0.9308215 0.9304628 0.9305107 0.9309657 0.9305831 0.9306083 0.9314569 0.9298089 0.9264949 0.923591 0.9244182 0.9269018 0.9289676 0.9289561 -9999 -9999 -9999 -9999 -9999 -9999 0.9252104 -9999 -9999 0.9286053 -9999 0.9286636 -9999 -9999 -9999 -9999 -9999 -9999 -9999 -9999 -9999 -9999 -9999 -9999
0.9183583 0.9202861 0.9226273 0.9199852 -9999 0.9213334 0.9186816 0.9214212 0.9224961 0.9243959 0.9283656 0.928594 0.9288161 0.9228057 0.9196939 0.9211404 0.9205042 0.9219356 0.9204534 0.9218684 0.9257654 0.9275783 0.9285523 0.9291024 0.9300585 0.9301754 0.9294531 0.929967 0.930472 0.9305531 0.9306254 0.9306893 0.9307447 0.9312073 0.9304169 0.9304494 0.9300598 0.9300788 0.9280165 0.9271939 0.9284416 0.9284401 -9999 0.931748 -9999 -9999 -9999 -9999 -9999 -9999 -9999 -9999 -9999 -9999 -9999 -9999 -9999 -9999 -9999 -9999 -9999 -9999 -9999 -9999 -9999 -9999 -9999 -9999 -9999
0.9112928 0.9157062 0.9172124 0.9195464 -9999 0.9242051 0.9215485 0.9197176 0.9216177 0.9284936 0.9287229 0.9227207 0.9241833 0.9256396 0.9204479 0.9223053 0.9224951 0.9226772 0.9220214 0.9238477 0.9240056 0.9266454 0.9288615 0.9294086 0.929947 0.9304767 0.9305825 0.9302643 0.9303527 0.9304323 0.9309186 0.9309816 0.9310367 0.9319139 0.9319537 0.9307412 0.9307671 0.9307868 0.9295555 0.9295644 0.9295685 0.9299836 -9999 -9999 -9999 -9999 -9999 -9999 -9999 -9999 -9999 -9999 -9999 -9999 -9999 -9999 -9999 -9999 -9999 -9999 -9999 -9999 -9999 -9999 -9999 -9999 -9999 -9999 -9999
0.9162723 0.9198505 0.9201065 0.9203601 0.9239315 -9999 0.9231777 0.921757 0.9240673 -9999 0.924522 0.9210055 0.9241239 0.9239154 0.922455 0.9234779 0.9249088 0.9234267 0.9235972 0.9233447 0.9234992 0.9253057 0.9262736 0.9280634 0.9298444 0.9307868 0.9308906 0.9309859 0.9310727 0.9311511 0.9316365 0.9321139 0.9321684 0.9322155 0.9318403 0.9314584 0.9314849 0.9315054 0.9302754 0.9298704 0.9294612 -9999 -9999 -9999 -9999 -9999 -9999 -9999 -9999 -9999 -9999 -9999 -9999 -9999 -9999 -9999 -9999 -9999 -9999 -9999 -9999 -9999 -9999 -9999 -9999 -9999 -9999 -9999 -9999
0.9187695 0.9202673 0.9213483 0.921597 0.9230879 -9999 -9999 -9999 0.9261094 -9999 0.9240643 0.9213731 0.9228268 0.923444 0.9219794 0.9242435 0.9252552 0.9237694 0.9218609 0.9199446 0.9184356 0.9210692 0.9224493 0.9258966 0.9264302 0.9290307 0.9307928 0.9313016 0.931387 0.9314644 0.9311189 0.9324259 0.931235 0.9321121 0.9321522 0.9317707 0.931798 0.9314047 0.9297608 0.9301876 -9999 -9999 -9999 -9999 -9999 -9999 -9999 -9999 -9999 -9999 -9999 -9999 -9999 -9999 -9999 -9999 -9999 -9999 -9999 -9999 -9999 -9999 -9999 -9999 -9999 -9999 -9999 -9999 -9999
0.9216902 0.9202773 0.9230133 0.9211814 0.9226671 0.9287155 -9999 -9999 -9999 -9999 0.9269347 0.9217488 0.923613 0.9238107 0.922757 0.9258471 0.9235345 0.92246 0.9217932 0.9182132 0.9187763 0.9197466 0.9227843 0.9237388 0.9255154 0.9289439 0.9307043 0.9307965 0.9304656 0.9313722 0.9326861 0.9319173 0.9323865 0.9320186 0.9320592 0.9320934 0.9321216 0.929654 0.9300869 -9999 -9999 -9999 -9999 -9999 -9999 -9999 -9999 -9999 -9999 -9999 -9999 -9999 -9999 -9999 -9999 -9999 -9999 -9999 -9999 -9999 -9999 -9999 -9999 -9999 -9999 -9999 -9999 -9999 -9999
0.9229589 0.9207104 0.9234411 0.9216039 0.9243297 0.9262223 0.9293565 -9999 -9999 0.9279421 0.9248323 0.9233774 0.923992 0.9250156 0.9285234 0.9262136 0.9234822 0.9228191 0.9229788 0.9189807 0.921616 0.9221684 0.9243734 0.9228351 0.9237794 0.9255458 0.9281347 0.9294706 0.9303839 0.9312896 0.9330178 0.9322488 0.9327179 0.9319351 0.9323911 0.9315959 0.9303799 0.9299889 0.9304232 -9999 -9999 -9999 -9999 -9999 -9999 -9999 -9999 -9999 -9999 -9999 -9999 -9999 -9999 -9999 -9999 -9999 -9999 -9999 -9999 -9999 -9999 -9999 -9999 -9999 -9999 -9999 -9999 -9999 -9999
0.9242356 0.9244721 0.924292 0.9245247 0.9255852 0.9266424 0.9247908 -9999 -9999 0.9275125 0.9252281 0.9254289 0.9252091 0.9312093 0.9276568 0.9249282 0.9267587 0.9244317 0.9220978 0.9201717 0.9228041 0.9245991 0.9255562 0.9248457 0.9253728 0.9263074 0.9276495 0.928154 0.9311414 0.9316314 0.9333593 0.9325899 0.932644 0.9335217 0.9323179 0.9302784 0.9307236 0.9307488 -9999 -9999 -9999 -9999 -9999 -9999 -9999 -9999 -9999 -9999 -9999 -9999 -9999 -9999 -9999 -9999 -9999 -9999 -9999 -9999 -9999 -9999 -9999 -9999 -9999 -9999 -9999 -9999 -9999 -9999 -9999
