02_Processed_Data/Guangdong-driving/Tem/txt/txt-95.txt
ncols         755
nrows         605
xllcorner     491130
yllcorner     2101946
cellsize      1000
NODATA_value  -9999
[rows 279 to 309 of 605, columns 207 to 275 of 755]
0.8308579 0.8357207 0.7868652 0.7457988 0.8142135 0.8416215 0.7960393 0.7586566 0.6851881 0.6502624 0.6862735 0.6898896 0.758702 0.7744406 0.7468873 0.8017525 0.7770673 0.7905155 0.7871509 0.8059278 0.7964106 0.7934534 0.8315002 0.8387927 0.8337833 0.8431247 0.8377039 0.8417137 0.8453131 0.8452217 0.8451299 0.8450378 0.7854885 0.8368455 0.8187089 0.7829402 0.8140091 0.8245755 0.8384225 0.8452988 0.8390535 0.8332185 0.8425556 0.8424618 0.789882 0.7766672 0.6998954 0.7235857 0.7747498 0.7283229 0.7360228 0.7880085 0.7547048 0.8064365 0.8391502 0.8411108 0.8397919 0.839704 0.8404369 0.844041 0.8439556 0.8434609 0.8433775 0.8437048 0.8440334 0.8341118 0.8147599 0.8421547 0.8412576
0.8417765 0.8359764 0.819513 0.7850056 0.841527 0.8234179 0.7852148 0.7060051 0.6739495 0.7161111 0.713986 0.7151399 0.7847705 0.7180858 0.7319455 0.7556452 0.7690924 0.7833588 0.8140262 0.8172196 0.7617751 0.8121222 0.8427861 0.8385955 0.8274331 0.8416934 0.846112 0.8275672 0.8221436 0.8232804 0.7994038 0.7337022 0.8074166 0.8222755 0.7934758 0.7917389 0.8043538 0.817789 0.8308138 0.8454791 0.8347214 0.8329852 0.8357596 0.8393542 0.789643 0.7255806 0.7168748 0.7180108 0.6900337 0.6805093 0.7115802 0.7750455 0.7663428 0.8242214 0.8347906 0.824448 0.8161565 0.8361591 0.8364802 0.843773 0.8440957 0.8435995 0.8431042 0.8430198 0.8396562 0.8444945 0.8444134 0.8443333 0.824572
0.8436726 0.8362305 0.8275561 0.8426627 0.8425956 0.808903 0.8383559 0.7751363 0.6700902 0.7389032 0.7728603 0.7038942 0.7542506 0.6949428 0.6944488 0.7037949 0.7598854 0.77497 0.801945 0.8198981 0.7988957 0.8373495 0.8434087 0.8449568 0.8436337 0.8402601 0.8356556 0.7961964 0.7522265 0.7361394 0.6983193 0.7343075 0.7625048 0.8257453 0.8063748 0.7976654 0.8131486 0.8310922 0.8346843 0.8448371 0.8402285 0.8380802 0.8396225 0.8317341 0.8172853 0.7663424 0.7600951 0.7017723 0.6401695 0.628183 0.6703233 0.7473183 0.78987 0.8124802 0.8394494 0.8364862 0.8396741 0.8240008 0.8280107 0.8340715 0.8331624 0.8433257 0.8436487 0.8361817 0.7594178 0.7773759 0.8092769 0.8350281 0.8398681
0.8402364 0.8319724 0.804024 0.8101076 0.7903564 0.7562519 0.787753 0.8200727 0.7908837 0.7801453 0.7542337 0.6750146 0.6761633 0.663597 0.6827835 0.7179605 0.7506763 0.7833911 0.7976527 0.8119133 0.8388848 0.8400221 0.841979 0.8463954 0.8442505 0.7900288 0.7714807 0.8259207 0.7598062 0.6694985 0.6493087 0.6734037 0.7089799 0.8341334 0.8287027 0.8294225 0.8321924 0.8341422 0.8401927 0.8446031 0.8424528 0.8435829 0.8344622 0.7728556 0.8051504 0.800131 0.7606682 0.7052138 0.6538603 0.6422821 0.6852407 0.7577235 0.7584483 0.8204191 0.8416458 0.8296596 0.8295656 0.8294722 0.8330702 0.8223173 0.8074652 0.7917935 0.8040062 0.8121194 0.7730781 0.7967752 0.8372855 0.8429426 0.8432703
0.8413091 0.8072103 0.8096034 0.7804211 0.7528772 0.6994984 0.7859442 0.7403529 0.798092 0.7734102 0.7233038 0.7256821 0.6640915 0.6507012 0.7691173 0.7690284 0.7722188 0.7807387 0.8015592 0.825659 0.8354065 0.8435129 0.8458777 0.8215889 0.8079606 0.8275455 0.811456 0.7789639 0.7189982 0.6524713 0.6568823 0.7170599 0.7801073 0.8404692 0.8260154 0.8201724 0.8225305 0.8302192 0.838728 0.8398561 0.8422143 0.8371921 0.8301198 0.7787626 0.7593894 0.7814314 0.7407365 0.7189041 0.6650888 0.7154258 0.7124572 0.7550046 0.7483469 0.8029327 0.8196473 0.8043787 0.8092035 0.8168993 0.8180352 0.8302435 0.8346614 0.8271892 0.8102867 0.8241388 0.8351217 0.8165822 0.8152657 0.8430638 0.810176
0.8108064 0.7652242 0.7520337 0.7454023 0.7223668 0.6989198 0.7706018 0.7122971 0.775775 0.7912759 0.7665905 0.7455941 0.7245964 0.6644567 0.7344851 0.7889307 0.7843282 0.7953064 0.8124345 0.8234109 0.8302859 0.8453612 0.8432136 0.8324543 0.8303055 0.8306164 0.7813108 0.8021231 0.7196028 0.6579946 0.7021784 0.7648141 0.8106377 0.832451 0.8286564 0.826912 0.8276281 0.836545 0.8450519 0.8404375 0.8423838 0.8353093 0.7901009 0.7440723 0.7361786 0.6975318 0.7064508 0.6932277 0.688206 0.7204991 0.7634543 0.7654051 0.8026206 0.7509997 0.8074871 0.8291214 0.8294336 0.8313872 0.830471 0.8303759 0.8306919 0.825268 0.8161548 0.8271347 0.8450869 0.8326964 0.8174366 0.8415425 0.8090629
0.7999842 0.7396382 0.7268561 0.6804479 0.6697122 0.7016193 0.716713 0.7195034 0.7653474 0.752553 0.7381169 0.6851348 0.6879179 0.7298761 0.7334748 0.7969394 0.8148875 0.7967504 0.8110063 0.7936872 0.8227029 0.8381863 0.8442377 0.8338866 0.8317357 0.8234336 0.798319 0.7531115 0.7665406 0.7213324 0.7060574 0.724816 0.8042616 0.8273007 0.829655 0.8262686 0.8273928 0.839178 0.8456329 0.8463471 0.8405007 0.8305541 0.7873938 0.7753976 0.7781633 0.7239327 0.7566327 0.7352068 0.7592965 0.7210599 0.7541718 0.7585811 0.7970251 0.8167485 0.8289489 0.84115 0.8418708 0.8409521 0.8453648 0.8452681 0.844352 0.843027 0.8384224 0.8366892 0.8443882 0.8451176 0.8450278 0.8432992 0.8448519
0.8203237 0.7845788 0.6910152 0.6564965 0.6104946 0.6444502 0.6591319 0.6738117 0.7114526 0.7351505 0.733834 0.6578873 0.7061837 0.7337862 0.7751073 0.7885439 0.7847577 0.7633381 0.7833326 0.818498 0.8409509 0.8355197 0.8464897 0.8324461 0.8233226 0.776064 0.8005632 0.6913863 0.6863612 0.7670358 0.7993244 0.7897878 0.8192056 0.8110768 0.8027681 0.8157818 0.8242847 0.8360682 0.8351403 0.8272417 0.8349249 0.8151353 0.8219989 0.8116409 0.7791407 0.7642729 0.7826192 0.7939954 0.797581 0.7437606 0.8068042 0.8280238 0.7955275 0.8283684 0.831956 0.8359546 0.8383136 0.8312425 0.8249922 0.8441657 0.8465284 0.8468416 0.845926 0.8454213 0.8457376 0.8464652 0.8439135 0.8450534 0.8466044
0.7824346 0.7622697 0.7872078 0.7346451 0.6574777 0.6910212 0.682738 0.6662523 0.7223436 0.699294 0.7254486 0.6638517 0.6756518 0.6761868 0.7457994 0.715359 0.7128008 0.7159821 0.705631 0.781389 0.8075305 0.8184992 0.8114253 0.8252629 0.8091666 0.769697 0.7806625 0.7604643 0.7009008 0.7385182 0.8056591 0.8207234 0.8001135 0.8165834 0.7730085 0.7745387 0.7928812 0.8022024 0.7729791 0.7683591 0.8264765 0.8304676 0.8328189 0.8142582 0.7932374 0.7865686 0.8168045 0.8166975 0.8313527 0.8349372 0.8368818 0.8404675 0.8243713 0.8350653 0.8308601 0.8344468 0.8167119 0.8256308 0.8407013 0.8434713 0.845012 0.8424532 0.8468663 0.8480001 0.8458545 0.8461704 0.8456672 0.8463953 0.8467147
0.7576651 0.7235565 0.7878574 0.7172506 0.7208605 0.7215983 0.7649792 0.700516 0.731182 0.7634868 0.7055798 0.6784248 0.6881728 0.7165868 0.7439623 0.7217211 0.7060391 0.6977373 0.7058364 0.7118842 0.758936 0.7707229 0.7431446 0.7397581 0.7909078 0.8240147 0.8161161 0.7733631 0.7281494 0.7735559 0.782468 0.7290524 0.7601065 0.792564 0.8022935 0.8009517 0.8098609 0.7818659 0.755511 0.7562197 0.8163854 0.8002824 0.8239542 0.7848892 0.7601761 0.7809787 0.7939909 0.793472 0.8122256 0.8194987 0.8120105 0.8221551 0.8372208 0.8438102 0.8391932 0.8325267 0.8250413 0.8351886 0.8469768 0.8444144 0.8373425 0.8401126 0.8478043 0.8481163 0.8480193 0.8471031 0.8429077 0.8465046 0.8476424
0.8017815 0.7853031 0.7187968 0.8048262 0.8096642 0.8087599 0.7775099 0.7138647 0.7478094 0.7657605 0.7017004 0.6913556 0.7330852 0.7165868 0.7622154 0.7719557 0.7349494 0.6917916 0.6851268 0.6796913 0.6447317 0.7110528 0.7183266 0.756353 0.733282 0.7540854 0.8208137 0.8084022 0.7533454 0.7712769 0.789618 0.8030383 0.7975963 0.8169279 0.8287056 0.8191609 0.8022353 0.8029417 0.784376 0.7530989 0.7607765 0.7774756 0.7781829 0.7793006 0.7730378 0.7897379 0.7941375 0.7788548 0.7553719 0.7433708 0.8047689 0.7862083 0.7862083 0.8444604 0.8459918 0.8462937 0.8441361 0.8444396 0.8443338 0.845049 0.8465855 0.8440223 0.8459705 0.8470997 0.8465899 0.8477212 0.8447533 0.8413764 0.842101
0.8344148 0.8027626 0.7210823 0.8071098 0.8111257 0.8114492 0.7875785 0.7481241 0.7517229 0.7409688 0.7302131 0.7842435 0.773075 0.773075 0.7879488 0.7898974 0.7475597 0.7650877 0.7206974 0.6824571 0.6593876 0.6059737 0.6239073 0.691456 0.7303007 0.7092778 0.7226985 0.8045965 0.8106352 0.7100613 0.7784264 0.7943053 0.8224854 0.825413 0.8269379 0.8342031 0.8295768 0.8114192 0.7899812 0.7705935 0.7376742 0.7486305 0.7554864 0.782845 0.7769901 0.7514532 0.7615908 0.7778797 0.7531642 0.7833957 0.8087071 0.8372994 0.8281681 0.8376204 0.8358697 0.8439605 0.8467218 0.8478435 0.8473261 0.8480397 0.8475239 0.8482394 0.8477255 0.8468028 0.8458812 0.8437305 0.8452712 0.8435328 0.8434357
0.8515425 0.8399828 0.8157091 0.7438681 0.8036507 0.7777311 0.8145467 0.783703 0.7458867 0.7876182 0.7210954 0.7710247 0.8098812 0.8048615 0.8041494 0.808556 0.7666262 0.7677503 0.7213079 0.6519018 0.591926 0.573364 0.5199474 0.7051778 0.6825134 0.6844512 0.7667578 0.8138 0.7948239 0.7627257 0.8171474 0.7854589 0.8087164 0.8354224 0.8377652 0.8388779 0.8363001 0.8349525 0.8286842 0.8265166 0.8247594 0.8000394 0.8068934 0.8256391 0.7939494 0.7507784 0.7514831 0.7825319 0.8176816 0.8253585 0.8281157 0.837434 0.8459328 0.8365187 0.8441971 0.8469557 0.831263 0.8368935 0.8351442 0.8407764 0.8377988 0.8426128 0.8351266 0.8481438 0.8427097 0.8458881 0.8482472 0.8489673 0.843948
0.8509597 0.8414481 0.7987204 0.7637816 0.8178211 0.79641 0.8180522 0.8216501 0.7867022 0.8079292 0.7840494 0.820855 0.7875413 0.7853896 0.8109161 0.7944084 0.7930713 0.7601594 0.7198656 0.6607088 0.5818687 0.5235302 0.4959446 0.6368878 0.6121711 0.6879156 0.7874421 0.8016784 0.8130438 0.8272792 0.8160912 0.8192549 0.8285688 0.7806417 0.7952842 0.806646 0.8171878 0.8264995 0.8349912 0.8336418 0.8396735 0.8420147 0.840256 0.8434181 0.8039353 0.7660932 0.7930392 0.8039938 0.8268402 0.8336952 0.8348101 0.8453569 0.8345816 0.8460758 0.8307897 0.8335465 0.7985798 0.7996981 0.8278804 0.8449923 0.8128994 0.828783 0.8315463 0.8445617 0.847737 0.8480432 0.8426097 0.8285663 0.8305162
0.8528347 0.8236387 0.7956707 0.7545793 0.8266589 0.8183672 0.8305761 0.8153101 0.7959417 0.8106058 0.8256786 0.7993348 0.7791405 0.80569 0.804149 0.7864091 0.7662075 0.7505157 0.7217013 0.6916559 0.6353664 0.5639042 0.5330362 0.5858172 0.650489 0.697938 0.77327 0.8141572 0.8210103 0.829093 0.8228239 0.8391069 0.8254561 0.7730142 0.7782235 0.7448884 0.7734703 0.7942614 0.8080817 0.7833577 0.7943081 0.8294514 0.8445026 0.8472528 0.8286806 0.7978076 0.8042492 0.8258631 0.833536 0.8457197 0.8443727 0.8434362 0.8363497 0.8306175 0.8058985 0.812344 0.8167401 0.7764416 0.8325056 0.8467454 0.8490948 0.8370935 0.8369845 0.8151442 0.8466111 0.8387145 0.8258985 0.8204646 0.791249
0.8050919 0.7968063 0.7995898 0.8015512 0.8285235 0.839912 0.8348969 0.8311099 0.8338822 0.8436238 0.8439326 0.8261977 0.8150223 0.8095863 0.7703162 0.7706163 0.7918277 0.7675229 0.718614 0.6463316 0.6023415 0.5013541 0.6340932 0.702864 0.7909065 0.8092402 0.8214226 0.8249937 0.8293844 0.8341847 0.8340641 0.8187715 0.7883071 0.7730142 0.7751021 0.7466854 0.7527129 0.7886739 0.7721489 0.7650549 0.7690326 0.7926927 0.8339851 0.8289424 0.840712 0.8311596 0.8257081 0.837479 0.84597 0.8438004 0.821949 0.8394629 0.8135123 0.8254079 0.7678835 0.7489043 0.7487879 0.7474424 0.8026842 0.8448055 0.8487933 0.8154679 0.8256084 0.8410806 0.8438426 0.8466055 0.8341979 0.8185109 0.7577202
0.8237746 0.7892438 0.8354903 0.8386797 0.816034 0.8384919 0.8215831 0.8276354 0.8082629 0.8208727 0.8162587 0.8194344 0.83573 0.8339823 0.7865068 0.7974662 0.7887421 0.7615648 0.7122439 0.661692 0.6984792 0.6581769 0.6822512 0.7005841 0.7845241 0.8110568 0.8224174 0.8280365 0.8320152 0.8183615 0.8198793 0.7947436 0.7798589 0.7457017 0.7289231 0.7062453 0.7504052 0.7363385 0.7292426 0.7770934 0.8089523 0.8252295 0.7988623 0.8167805 0.8420799 0.8239145 0.8455241 0.837611 0.8305183 0.8258865 0.8319166 0.8194954 0.7869821 0.828397 0.782762 0.8277484 0.8341911 0.8283333 0.8405184 0.8457338 0.8517702 0.8122921 0.8445734 0.8280603 0.844352 0.8454731 0.8338839 0.7899019 0.7237787
0.8440949 0.8550774 0.8197222 0.7892856 0.826915 0.801395 0.8033465 0.8151371 0.8105243 0.7989392 0.8041644 0.8163588 0.8330625 0.8251622 0.8207371 0.8120122 0.7848338 0.7412524 0.747286 0.7192847 0.6904624 0.6390866 0.6078025 0.7479176 0.7941312 0.8136913 0.8295602 0.8351774 0.8358737 0.8283688 0.7765782 0.8117176 0.7722283 0.7110062 0.6593689 0.6793342 0.7038099 0.7610894 0.7798247 0.8219329 0.8234465 0.8183995 0.8051518 0.8242983 0.8467255 0.8240477 0.8280236 0.8266692 0.8277758 0.7993594 0.8295806 0.7995253 0.8051447 0.8285133 0.846844 0.8467233 0.8334818 0.8337731 0.8480066 0.8524 0.8506438 0.8374072 0.8442638 0.8211881 0.8341976 0.8283463 0.8343875 0.7822029 0.7132078
0.8147971 0.8282378 0.8256842 0.8145177 0.8086798 0.7802874 0.7908478 0.8112475 0.801712 0.7966855 0.7941176 0.8190216 0.8074299 0.8179797 0.8217508 0.7851405 0.7554998 0.7914658 0.7790452 0.7371002 0.7058156 0.647877 0.651445 0.7292309 0.8127568 0.8257539 0.8313698 0.8349348 0.8102062 0.7850673 0.7730495 0.7872746 0.7514737 0.7177227 0.6525495 0.6269975 0.7379915 0.7891185 0.8041614 0.8015724 0.8063644 0.820998 0.8331714 0.8457551 0.8480881 0.8327895 0.8252821 0.8280265 0.8172397 0.8318766 0.8346226 0.8394195 0.8470876 0.8499495 0.8531067 0.8369923 0.8348207 0.8478214 0.8518022 0.850453 0.847875 0.8350466 0.8209892 0.8011921 0.8244511 0.7862044 0.8361188 0.7433378 0.7223166
0.7830365 0.8210777 0.7996601 0.7925919 0.7879819 0.7829602 0.7931083 0.7950537 0.7953573 0.7784374 0.7943196 0.8019995 0.800657 0.8021834 0.814971 0.7914802 0.7601973 0.751466 0.7423238 0.719239 0.6895925 0.6447736 0.6717123 0.7335042 0.8112875 0.826333 0.8298965 0.8289493 0.7746952 0.7762073 0.768288 0.7476571 0.7069337 0.7125454 0.6473677 0.7030033 0.7791414 0.7736799 0.7637078 0.7881803 0.7929705 0.8211335 0.8275645 0.8303054 0.8490384 0.8452192 0.8331994 0.8154396 0.8202329 0.8303574 0.8294113 0.8268254 0.8390023 0.8512911 0.8495259 0.8473513 0.8492782 0.8520262 0.8506744 0.8370224 0.8442836 0.8380142 0.8223148 0.7914448 0.7884592 0.7645622 0.8124248 0.7975514 0.8085121
0.8353331 0.7962832 0.7900351 0.8169989 0.7988552 0.8069529 0.7900356 0.7948494 0.795971 0.7913503 0.7994395 0.7964562 0.7922411 0.7954057 0.8118792 0.7830557 0.7628421 0.7389368 0.7199514 0.7132664 0.6856682 0.6289559 0.6694241 0.7488463 0.8212969 0.8080472 0.8107886 0.8028684 0.7514829 0.7009169 0.7130882 0.6641619 0.6459893 0.6634904 0.7348543 0.7749062 0.7579613 0.7828416 0.8052616 0.8084094 0.8107376 0.8290576 0.8416373 0.8337151 0.8442453 0.8289429 0.8079005 0.808181 0.8031312 0.8362165 0.8405992 0.840882 0.8452661 0.8362281 0.8291306 0.8392559 0.842411 0.8258848 0.8142803 0.7985761 0.8058357 0.820067 0.8289688 0.8083482 0.8127418 0.8159062 0.8260427 0.8210086 0.816796
0.8519529 0.8235621 0.8394544 0.8266414 0.8351486 0.8141307 0.8136135 0.8048935 0.8060129 0.8001601 0.7938956 0.7929603 0.7928438 0.7865751 0.8112448 0.7852895 0.7777854 0.7497777 0.6901955 0.6548052 0.6472974 0.7070365 0.7593942 0.7969896 0.7902991 0.784428 0.790038 0.7833459 0.7651722 0.7154247 0.7554771 0.7094194 0.6760728 0.700953 0.7989656 0.8029311 0.7769634 0.7805193 0.8226198 0.801163 0.8248115 0.8254978 0.8384857 0.8338419 0.8189476 0.8036432 0.7977707 0.8181415 0.8016088 0.7957377 0.8189809 0.8077805 0.8248743 0.8362281 0.8341558 0.8221366 0.8347211 0.8345953 0.8254492 0.8257351 0.7923983 0.7820249 0.8167581 0.8301698 0.8165194 0.8143517 0.8335077 0.8284719 0.802935
0.8431469 0.8479679 0.838435 0.8383313 0.8308448 0.8200759 0.8105354 0.8206754 0.8119517 0.8040466 0.8031107 0.8029933 0.7901634 0.7945539 0.7896952 0.8043326 0.7627925 0.7409336 0.7104628 0.6980331 0.6897032 0.7428797 0.7657119 0.750409 0.7461768 0.8026312 0.8037285 0.7342973 0.7300635 0.6860545 0.7925328 0.770256 0.7471587 0.764246 0.8118182 0.7932293 0.7910426 0.8093582 0.8432558 0.8345087 0.8323224 0.8227555 0.8176996 0.8360166 0.8477735 0.8234463 0.8142915 0.8276898 0.8086948 0.8056926 0.7875189 0.7882084 0.8028399 0.849456 0.843689 0.8111656 0.8204681 0.8367425 0.8234942 0.8229582 0.8380052 0.8190193 0.8188968 0.834357 0.7993824 0.7906523 0.8171872 0.8191208 0.8218756
0.8482797 0.8453078 0.8456139 0.8397675 0.8228476 0.8157671 0.8300073 0.8204629 0.812147 0.8071101 0.8176535 0.7953916 0.7821493 0.8000696 0.7730635 0.7844186 0.7674792 0.7439781 0.7241666 0.7301871 0.6841307 0.6384837 0.6723853 0.6661016 0.7889822 0.8052499 0.7374574 0.6795056 0.6756797 0.7518128 0.7996525 0.8097673 0.7915888 0.8008833 0.8238481 0.8003368 0.8112696 0.8271232 0.8429768 0.8334078 0.8230188 0.8179606 0.8252042 0.8369585 0.8347719 0.8502176 0.8541825 0.8528174 0.853093 0.8447581 0.8167416 0.8490029 0.8521513 0.8503799 0.8089346 0.8161842 0.8053926 0.8224851 0.8211266 0.8148483 0.8147219 0.8010649 0.8038108 0.7758043 0.7555898 0.7772015 0.7943039 0.7917251 0.8276922
0.8464391 0.8377241 0.8359779 0.8227484 0.810747 0.8372885 0.8326641 0.8325488 0.8152099 0.8241124 0.7997996 0.7652344 0.7888944 0.7666279 0.7351065 0.7616314 0.7754437 0.7580912 0.7460687 0.7155929 0.6773255 0.6505386 0.7024803 0.7273582 0.8059518 0.7557898 0.7216193 0.7346039 0.7697306 0.7741034 0.7403415 0.7873591 0.8216646 0.8260368 0.8371055 0.8156428 0.8429755 0.8436556 0.8447456 0.8429655 0.8497968 0.8488372 0.8425474 0.8469191 0.8217679 0.8519736 0.8534765 0.8443184 0.8269602 0.8530676 0.8504722 0.851158 0.8436434 0.8312093 0.8262538 0.7888066 0.7530001 0.7664007 0.7810322 0.7784427 0.808248 0.7945893 0.7928231 0.7959784 0.7835532 0.7838407 0.7894601 0.7860597 0.8261254
0.8429552 0.8473597 0.8312597 0.8331998 0.8457993 0.8288733 0.8135858 0.8257699 0.8313915 0.805848 0.7409384 0.6961197 0.7587324 0.7737781 0.7434821 0.771235 0.7747941 0.7562096 0.7372142 0.7161676 0.6897897 0.6921143 0.7231416 0.7521179 0.7880647 0.7526625 0.734892 0.760996 0.7903802 0.8021321 0.8196242 0.8149737 0.78449 0.8093628 0.8138662 0.8034726 0.8213726 0.8052387 0.8075571 0.8365288 0.8249061 0.8321457 0.834875 0.8244834 0.8444356 0.8246136 0.8232443 0.8288462 0.7987748 0.8359516 0.846476 0.8463399 0.8302128 0.8419695 0.8009257 0.8057116 0.7526815 0.7541889 0.7766096 0.764177 0.7948009 0.7762198 0.7908539 0.7976981 0.7979828 0.7982685 0.7952752 0.8074548 0.8323474
0.8333173 0.8373098 0.8433503 0.8370873 0.8181108 0.827016 0.8059856 0.8062763 0.8254275 0.7879906 0.723079 0.7118821 0.7519403 0.7538624 0.7485743 0.7595134 0.7647106 0.7559655 0.7176958 0.6765549 0.6961003 0.7435282 0.7688131 0.7981975 0.7705848 0.762244 0.7821959 0.8050177 0.8163579 0.8162163 0.7996728 0.8315145 0.784217 0.8111379 0.8012854 0.7949906 0.8190393 0.7504175 0.7728264 0.8210685 0.7914017 0.8101209 0.8280203 0.8291081 0.8359371 0.8357955 0.8258135 0.8301834 0.8275834 0.8540973 0.830586 0.8247074 0.8208798 0.8133625 0.8317716 0.8250743 0.8138675 0.78913 0.7807953 0.7909139 0.7854519 0.8029534 0.8003637 0.8047459 0.8025686 0.8057231 0.8064185 0.8198267 0.8361065
0.8425389 0.8338178 0.822634 0.8307206 0.8260939 0.8345867 0.8156046 0.8122028 0.8252013 0.8201561 0.7695941 0.7850484 0.7549862 0.7597768 0.7077385 0.731797 0.7378125 0.7302954 0.7194969 0.6906556 0.7233206 0.7818179 0.7632256 0.7376618 0.7264493 0.8054466 0.7999736 0.7826088 0.8128094 0.7851928 0.8174431 0.8160691 0.7753303 0.7932285 0.7907522 0.8180795 0.8449969 0.7603812 0.7393232 0.7818229 0.7300116 0.7848132 0.8146024 0.8107678 0.8315365 0.8322131 0.836171 0.8429996 0.852289 0.8558385 0.8417565 0.8383366 0.8390178 0.8392897 0.8310413 0.7833377 0.7672085 0.7883948 0.7800584 0.7827944 0.7777407 0.7899097 0.7877284 0.7974397 0.79075 0.7889823 0.7773748 0.7788899 0.8013186
0.8451965 0.8381133 0.8293879 0.8333719 0.8496556 0.8446147 0.803078 0.7791717 0.8274323 0.8010626 0.7833026 0.791784 0.7830423 0.7345247 0.7333272 0.748773 0.7289535 0.7148736 0.7409776 0.726896 0.7144538 0.7290742 0.7424637 0.7082869 0.727416 0.783859 0.8021668 0.7741389 0.7862956 0.8193641 0.7667326 0.8010309 0.7861234 0.7814668 0.8191708 0.8419858 0.8471688 0.83636 0.8177605 0.7889099 0.7608799 0.7230086 0.7142515 0.7678217 0.8357443 0.8409299 0.8469359 0.8517126 0.8573099 0.8596275 0.8266816 0.8277703 0.8235292 0.8024769 0.8307187 0.8031056 0.7295681 0.7171286 0.6956692 0.7250565 0.7335325 0.7666127 0.7955934 0.7872607 0.7826198 0.7472265 0.7183952 0.7264695 0.7488967
0.8449807 0.8448661 0.8381888 0.8503718 0.8465611 0.8283968 0.7442129 0.7887827 0.792346 0.737271 0.7953677 0.7935961 0.7971538 0.7248514 0.7814659 0.7698466 0.7492048 0.7326629 0.7616354 0.739761 0.7359278 0.7275836 0.7278496 0.6797295 0.7361709 0.7606283 0.7723736 0.764026 0.8044741 0.7936657 0.7660452 0.7740985 0.7805117 0.7955358 0.8299548 0.8388265 0.8386771 0.8122845 0.7223347 0.748839 0.6949741 0.6218371 0.6458818 0.7281537 0.8461004 0.8455435 0.843347 0.8550925 0.8545374 0.8556231 0.7693691 0.7975194 0.7776948 0.827579 0.8279332 0.8191807 0.7813157 0.6688228 0.7002577 0.7649077 0.7594405 0.7793972 0.7944345 0.7774894 0.7543947 0.6939868 0.6356304 0.6391925 0.6546473
0.8574727 0.8594064 0.8584679 0.8505563 0.8311619 0.8109453 0.8017985 0.7975703 0.7691479 0.7665572 0.8029193 0.8150874 0.7772282 0.7713516 0.7615335 0.7671341 0.7325491 0.7397879 0.7687585 0.7518029 0.747968 0.7355213 0.7202037 0.6884835 0.7129393 0.7808598 0.7425774 0.7809737 0.8050177 0.8040487 0.7932383 0.758235 0.7925296 0.8124724 0.8202338 0.8299237 0.7563739 0.7307998 0.6314172 0.696874 0.6635096 0.6715604 0.6984737 0.7745932 0.8519431 0.853845 0.8483661 0.8483661 0.8494489 0.8595533 0.8491557 0.8399893 0.8140113 0.8040262 0.8392311 0.786601 0.7647251 0.7428502 0.7710022 0.7942345 0.7797434 0.7742746 0.7765977 0.7489884 0.7299913 0.7220667 0.6928207 0.6385634 0.6097301
