02_Processed_Data/Guangdong-driving/Tem/txt/txt-20.txt
ncols         755
nrows         605
xllcorner     491130
yllcorner     2101946
cellsize      1000
NODATA_value  -9999
[rows 150 to 179 of 605, columns 552 to 620 of 755]
0.6852983 0.6561577 0.6087655 0.5891932 0.5908005 0.6571681 0.6882665 0.6944719 0.6903111 0.6753687 0.6795291 0.6940753 0.6957635 0.614448 0.5804577 0.554361 0.5656275 0.6101056 0.6533449 0.6413872 0.6364911 0.6336755 0.6209031 0.6396798 0.6908354 0.71211 0.7387835 0.7442916 0.7481417 0.7499184 0.7525266 0.7567961 0.7594059 0.7553749 0.7530037 0.7535374 0.7540697 0.7558455 0.7555441 0.7593908 0.7632346 0.7608489 0.7626104 0.7705935 0.7619695 0.7624719 0.7517622 0.7622149 0.7606246 0.7648384 0.762819 0.774904 0.7853204 0.7849364 0.7853737 0.7874626 0.7878829 0.785805 0.78621 0.7758162 0.7791127 0.7836477 0.7861009 0.7806618 0.7673301 0.7382199 0.7514401 0.7405806 0.7363561
0.6756812 0.6494375 0.572567 0.5890962 0.6571036 0.6811252 0.6877249 0.6852036 0.6760514 0.6872472 0.6955472 0.6992905 0.6876857 0.6175654 0.5648859 0.5935661 0.6230838 0.6397412 0.6393878 0.6386253 0.6133798 0.584404 0.6870075 0.7003773 0.7216373 0.7225628 0.7434146 0.7460063 0.7477704 0.7499515 0.7533793 0.7592986 0.7519368 0.7541216 0.7525707 0.7539247 0.7552776 0.7574594 0.7554886 0.7506103 0.7523703 0.7537121 0.7666723 0.7680067 0.7585455 0.7490796 0.735873 0.7421691 0.7422332 0.729009 0.7560391 0.7793262 0.7781163 0.786859 0.783971 0.7873003 0.7848106 0.7802381 0.7835445 0.7806182 0.7801758 0.7842928 0.7776119 0.7684346 0.7663074 0.7380255 0.7387921 0.7009522 0.7095933
0.6768487 0.6331639 0.5903196 0.6595523 0.6760826 0.670625 0.653141 0.6323465 0.6734062 0.6555369 0.6717119 0.6970274 0.6928824 0.691236 0.6539024 0.6584975 0.6547987 0.6195621 0.611311 0.6225738 0.6093537 0.7073753 0.726125 0.7232961 0.7349985 0.7429689 0.7227184 0.7331854 0.7478055 0.7545416 0.7542232 0.7588869 0.7569104 0.7507838 0.7521284 0.7551328 0.7552311 0.7561581 0.7537633 0.7322735 0.7431563 0.7544512 0.7644978 0.7641645 0.7439042 0.7406572 0.734085 0.7495059 0.7425082 0.7355045 0.7616993 0.7779255 0.7762961 0.7837892 0.7854619 0.7858808 0.7862918 0.7821301 0.781282 0.776692 0.7799819 0.7811905 0.7699414 0.7769492 0.7478409 0.7515169 0.7290385 0.7003286 0.6936115
0.6925359 0.6600492 0.6080645 0.657365 0.6506423 0.6534762 0.6202096 0.6101965 0.6184556 0.6416666 0.686885 0.6877007 0.6922606 0.6935084 0.6868779 0.6595019 0.6271523 0.5902439 0.5931877 0.630588 0.6613529 0.7108008 0.7208229 0.7200579 0.7134861 0.7160495 0.6995234 0.7141301 0.7241735 0.7391999 0.7471721 0.7472594 0.7519137 0.7461918 0.7483563 0.7472003 0.7526846 0.7465463 0.7412366 0.7201529 0.7335173 0.7315218 0.7502766 0.7507655 0.7425343 0.738865 0.7376816 0.7431347 0.7473373 0.7552701 0.765272 0.7785879 0.7757088 0.7831973 0.786525 0.7848637 0.7840251 0.7823496 0.7810829 0.7789798 0.7781161 0.7793219 0.7477322 0.7057606 0.6849517 0.721831 0.752064 0.7432759 0.7108241
0.6297687 0.6221768 0.6349327 0.6605655 0.6567386 0.649186 0.6379077 0.6241485 0.6560557 0.6775957 0.688353 0.6638389 0.6895557 0.6953577 0.6592464 0.6401601 0.6181756 0.5800105 0.6007904 0.6489706 0.6407082 0.6901446 0.678987 0.6491563 0.6284611 0.6459553 0.6808857 0.680954 0.708419 0.7051718 0.7293205 0.7368685 0.7440023 0.7349498 0.7304631 0.7197506 0.7347715 0.7294537 0.7332661 0.7163239 0.7064359 0.7073373 0.7410258 0.7410917 0.7590016 0.7507591 0.7479084 0.7404875 0.7488343 0.7492896 0.7738129 0.7775767 0.7734472 0.783421 0.7838387 0.7871538 0.7813305 0.7763309 0.7675897 0.7671437 0.7687675 0.7699708 0.7574716 0.7283648 0.6888763 0.670966 0.7124043 0.7322545 0.7384026
0.5894065 0.6013138 0.6086649 0.6454949 0.6557706 0.6374165 0.5987339 0.6165093 0.6579522 0.6346547 0.6499669 0.6686081 0.6930684 0.6818417 0.6083633 0.6100186 0.6461312 0.5676934 0.6029891 0.5934641 0.6320919 0.6578583 0.6396332 0.6537875 0.5978006 0.6584499 0.6427315 0.6573158 0.6772985 0.6960385 0.7330434 0.7289588 0.7406479 0.7340751 0.721277 0.7155352 0.7322065 0.7173324 0.7215505 0.7104099 0.7254165 0.7346104 0.7413115 0.7496702 0.759271 0.759322 0.7589544 0.7473758 0.7469993 0.7379016 0.7740402 0.7765526 0.7740774 0.7836308 0.7844595 0.7844505 0.781944 0.7736205 0.7628007 0.7561259 0.763973 0.7577026 0.749352 0.7397511 0.7185237 0.6906506 0.6602821 0.663944 0.6717517
0.6005034 0.6696804 0.6745319 0.6528289 0.6386064 0.6517871 0.5981523 0.6125968 0.6440677 0.6132885 0.6493427 0.6808397 0.6895167 0.668317 0.6218063 0.5956411 0.6001974 0.5923086 0.6251023 0.6151506 0.647126 0.6106215 0.5874039 0.6048672 0.6426728 0.6398064 0.6597719 0.6776653 0.6984671 0.6993486 0.7292864 0.7065132 0.7314736 0.7360969 0.7282692 0.7204419 0.715935 0.6944103 0.6948831 0.6961851 0.7074469 0.7278386 0.7262298 0.7279391 0.7562096 0.7462914 0.760028 0.7521777 0.7551146 0.7352184 0.7605586 0.7767617 0.7805063 0.7846587 0.7817475 0.7829798 0.7763196 0.7684078 0.7625658 0.7625292 0.7662232 0.7528945 0.7408063 0.7490513 0.7232567 0.6957973 0.6455048 0.6113954 0.6287489
0.6792464 0.7089837 0.6901676 0.6746811 0.6152073 0.6354343 0.6357474 0.6115808 0.5807821 0.6350797 0.6686327 0.6797807 0.6676934 0.6734616 0.6476926 0.6273268 0.5970064 0.5679379 0.5978145 0.5973977 0.5874403 0.5994864 0.6082171 0.6277441 0.6543314 0.6526988 0.6655969 0.6535946 0.7146462 0.7304587 0.7109933 0.6973407 0.7397227 0.7406 0.7385728 0.72949 0.6461115 0.6486505 0.6648859 0.6831959 0.7039951 0.7023794 0.6978564 0.7028777 0.7415165 0.7577389 0.7652418 0.7669303 0.7669545 0.7653139 0.7740449 0.7819402 0.7819433 0.7819399 0.7786092 0.7794226 0.774419 0.7694097 0.758584 0.7685062 0.7572556 0.7547163 0.7405508 0.7363424 0.7317144 0.6361837 0.6107941 0.577099 0.5873961
0.7114933 0.7146577 0.7136803 0.688638 0.6104768 0.5501721 0.5890758 0.5765207 0.5764261 0.6406746 0.6505582 0.6753923 0.6495969 0.6375061 0.6503266 0.634515 0.6203706 0.587555 0.6203255 0.6070302 0.6211347 0.6315089 0.6103437 0.6497822 0.6763581 0.6983724 0.663527 0.7009058 0.7212702 0.7001311 0.6906161 0.7192887 0.7396619 0.7380382 0.7297746 0.7015886 0.6646869 0.620729 0.6610283 0.6631414 0.6797806 0.6773256 0.6869058 0.701465 0.7550374 0.7571396 0.7588238 0.7584292 0.7538802 0.7646843 0.7817097 0.7833726 0.7837849 0.7783804 0.7758753 0.7754396 0.7762433 0.779532 0.7770047 0.7723971 0.7623892 0.7490563 0.7402847 0.724868 0.7135978 0.6844758 0.6159191 0.6365964 0.6917199
0.7329391 0.7265483 0.7172604 0.6917938 0.6459978 0.6147375 0.5340937 0.5206982 0.6110766 0.6375439 0.6660946 0.6672593 0.6783932 0.6256153 0.6292931 0.6267522 0.5947487 0.5814295 0.6170939 0.6436329 0.645274 0.6651831 0.6697401 0.6697361 0.6772077 0.6946449 0.6830317 0.7324359 0.6955106 0.6191571 0.6299691 0.6897605 0.7304609 0.7292417 0.7276085 0.7089586 0.668311 0.6612837 0.6509356 0.6675662 0.6696689 0.6871276 0.7033399 0.7245311 0.7610776 0.7494745 0.7420193 0.7528236 0.7524176 0.7702706 0.7806481 0.7827199 0.7764851 0.7839422 0.7818475 0.7801625 0.7805474 0.7805124 0.7796423 0.7779377 0.7604563 0.7591582 0.7541203 0.7490787 0.7494289 0.7377385 0.7252142 0.7218176 0.7483016
0.7307167 0.7338633 0.714605 0.6679608 0.6416632 0.609148 0.6081859 0.6088924 0.5631203 0.5895771 0.623928 0.6433445 0.6606935 0.625337 0.6543224 0.6011326 0.5346676 0.5860866 0.598496 0.6300043 0.6544622 0.6394948 0.6880366 0.707114 0.7208 0.6738914 0.6817746 0.7170554 0.6925705 0.6311483 0.6452697 0.6888627 0.7166855 0.7142102 0.6872478 0.6569659 0.6424569 0.6756804 0.6931316 0.6773778 0.720147 0.7446526 0.7546298 0.7388717 0.7123202 0.7222919 0.7359967 0.738492 0.767548 0.7762624 0.7775016 0.7816423 0.7820427 0.779533 0.7712075 0.7774044 0.7757103 0.7744267 0.7768742 0.7768271 0.7522873 0.729404 0.7123275 0.7537712 0.7354424 0.7274867 0.7419407 0.7509956 0.7484251
0.7210131 0.7067183 0.7252215 0.6897747 0.6630526 0.6272072 0.6266503 0.5916513 0.5774136 0.5714851 0.6008446 0.6069685 0.6189106 0.5997306 0.6307802 0.6099539 0.6007561 0.5840936 0.5844549 0.6263282 0.6611512 0.6777168 0.6913822 0.7258053 0.7220474 0.6713915 0.6879797 0.7195137 0.7020738 0.665544 0.6883706 0.7033136 0.7165983 0.6800773 0.6286157 0.6253023 0.6626658 0.661014 0.7054344 0.7332522 0.7444672 0.7490405 0.73369 0.6963398 0.6652139 0.6951002 0.7096269 0.7170951 0.7287109 0.7739436 0.7772515 0.7830458 0.7834404 0.7796801 0.7746702 0.7746369 0.779995 0.7708217 0.7703607 0.7694808 0.7345622 0.7386555 0.7286335 0.7310598 0.693637 0.6694928 0.7071898 0.7033772 0.7265406
0.736618 0.7214842 0.6910012 0.7153141 0.692318 0.6128815 0.6231064 0.6383198 0.6004134 0.5791173 0.5516028 0.6066931 0.5762883 0.5446454 0.6014177 0.4900969 0.5240542 0.6397851 0.6061 0.6267937 0.6400221 0.6744239 0.70302 0.7245647 0.7066833 0.6722036 0.7070431 0.6987199 0.7049273 0.7024214 0.6799953 0.6696085 0.6687703 0.648011 0.6214425 0.6260048 0.6550568 0.7040325 0.7247845 0.7397256 0.74429 0.7339118 0.7173069 0.6799478 0.6886591 0.6882374 0.6903042 0.7122917 0.7226549 0.7350904 0.7774072 0.7831953 0.7810935 0.778988 0.7777089 0.7726903 0.7792896 0.7755085 0.7688184 0.7567292 0.7222231 0.7063915 0.7258369 0.7295069 0.7103456 0.6774843 0.6662033 0.6341662 0.6938549
0.7277238 0.7059405 0.6667321 0.6931111 0.7062159 0.6794827 0.6564928 0.6467928 0.6308743 0.576363 0.5397068 0.5453941 0.5158086 0.4704578 0.3948144 0.3731359 0.4211942 0.6585268 0.6671667 0.6928298 0.6803131 0.6893846 0.7171392 0.7145991 0.6942159 0.6862888 0.7049297 0.7061416 0.6949052 0.6965388 0.6641402 0.6122363 0.6225939 0.6300483 0.6507862 0.6279441 0.6266863 0.6980652 0.7279385 0.7353987 0.7295771 0.6938707 0.6643897 0.6203807 0.6950781 0.7129108 0.7207801 0.7220067 0.7319473 0.7501865 0.7655175 0.7812607 0.7820585 0.7787024 0.7753428 0.7732252 0.7740095 0.7743755 0.7631166 0.7356669 0.726062 0.6844945 0.7055984 0.710097 0.6925948 0.6912772 0.6198116 0.5906797 0.6648955
0.7159137 0.7078186 0.6590549 0.6708977 0.6906343 0.6746831 0.6674559 0.6212204 0.6281204 0.6346129 0.6186993 0.5272517 0.4665259 0.3887896 0.3874313 0.4001919 0.4901603 0.6108495 0.685473 0.692447 0.6990117 0.7093173 0.7088363 0.7079451 0.6921162 0.6953845 0.706543 0.7118944 0.695251 0.6628385 0.6221277 0.5897209 0.6374233 0.618718 0.6768009 0.6261393 0.616985 0.6659405 0.6933135 0.7115555 0.7210816 0.6152204 0.6276515 0.6434023 0.6458704 0.6985598 0.7234386 0.736279 0.7433065 0.750747 0.7756177 0.7822231 0.7796944 0.7717672 0.7684026 0.7687706 0.7728714 0.7699132 0.7499346 0.7324435 0.7174402 0.686662 0.7023682 0.7097707 0.6823056 0.6710258 0.6215578 0.5903502 0.6251352
0.7082435 0.7063656 0.677931 0.6652761 0.6808528 0.656176 0.6385626 0.5997885 0.5909061 0.6127456 0.5872754 0.573849 0.4587396 0.4254042 0.4891997 0.5359844 0.57987 0.625837 0.6029099 0.6891496 0.6695543 0.682339 0.6681498 0.6568707 0.6841971 0.6849638 0.6587555 0.6840187 0.6906077 0.6876535 0.6436113 0.6489642 0.6617906 0.6600922 0.6924308 0.6608516 0.6583281 0.6898408 0.7122232 0.7105325 0.6710717 0.6863992 0.6971608 0.6630954 0.6643096 0.7057837 0.7074111 0.7302051 0.7534125 0.7583554 0.7786536 0.780687 0.7740017 0.7648236 0.7668498 0.7638927 0.7704796 0.764197 0.7604024 0.7292113 0.7341284 0.7236859 0.7012044 0.6774757 0.6852896 0.6262766 0.6095979 0.5995581 0.5903466
0.7279563 0.6924498 0.6984566 0.6812271 0.713397 0.6907862 0.6756537 0.6430958 0.6425048 0.5825672 0.5375788 0.4950878 0.4675458 0.3985046 0.4191231 0.5098935 0.5985949 0.5275036 0.5767861 0.6750515 0.6400878 0.6619925 0.6905435 0.7000064 0.7065685 0.6919668 0.6591064 0.6445127 0.646525 0.638164 0.6194296 0.6376386 0.6853196 0.6948171 0.7001662 0.7026117 0.6950973 0.7099975 0.7278042 0.7128219 0.7252343 0.7098377 0.6711978 0.6068241 0.6590821 0.7038684 0.7299761 0.7452913 0.7394369 0.753089 0.7750406 0.7787279 0.7770173 0.7611926 0.7590631 0.7635723 0.7660043 0.7622081 0.7505238 0.7504593 0.7105469 0.7084032 0.694221 0.6746413 0.6421928 0.6309109 0.6221178 0.6012862 0.5912444
0.7173586 0.6967859 0.6965581 0.7328626 0.7367994 0.7324419 0.717715 0.6917886 0.6779057 0.6295799 0.5463958 0.4785758 0.4750972 0.3948387 0.4445009 0.5165828 0.534713 0.4943254 0.5867634 0.6563785 0.6595894 0.706802 0.702967 0.7049477 0.6911607 0.6736426 0.6507327 0.6863502 0.6829559 0.6862057 0.6915341 0.7047516 0.7183869 0.7199877 0.7211756 0.7161397 0.7256325 0.7334667 0.7309255 0.7441577 0.7432784 0.7008936 0.6506229 0.6198601 0.6733547 0.6857579 0.7106124 0.7450124 0.7391505 0.7714733 0.7747405 0.7734405 0.7654979 0.7571388 0.7583245 0.7536976 0.7582003 0.7668523 0.739392 0.7476254 0.747141 0.718016 0.6644009 0.6527056 0.6937217 0.691155 0.6790406 0.6092312 0.5875679
0.7519916 0.7405418 0.7353245 0.7064556 0.6966864 0.7300904 0.7257307 0.7056056 0.6929585 0.6790728 0.6423656 0.5820067 0.4755824 0.4862121 0.5333735 0.4211574 0.4608602 0.4590625 0.5577156 0.6260747 0.638406 0.6955692 0.7054203 0.7111256 0.7002329 0.6760628 0.6568775 0.7074264 0.6944746 0.6885824 0.7262748 0.7336707 0.7356736 0.7310381 0.7301404 0.7296599 0.7312564 0.7353449 0.747321 0.7485067 0.7455428 0.7405041 0.6860737 0.6569623 0.7042223 0.6842423 0.6962218 0.730614 0.7637606 0.7773983 0.7785832 0.7772769 0.7714037 0.7613786 0.7501072 0.7575122 0.7624255 0.7665076 0.7585515 0.761386 0.7646343 0.7475435 0.7055479 0.7112833 0.7215835 0.7293923 0.6919584 0.650373 0.5867882
0.7351455 0.7436104 0.7035195 0.6783775 0.6951634 0.7206722 0.7179636 0.7264683 0.697209 0.6152437 0.5552832 0.5189878 0.5312611 0.5647088 0.5305078 0.4315633 0.4218631 0.4574103 0.5772209 0.6555308 0.6848687 0.7067407 0.7132606 0.7156345 0.7009954 0.6514956 0.7003695 0.7218533 0.7097208 0.7278913 0.7236519 0.7368481 0.7363501 0.7387602 0.7357768 0.7332107 0.7410231 0.7446866 0.7491818 0.7466223 0.7507049 0.7460721 0.7381195 0.7015282 0.6998025 0.7163394 0.7378572 0.7485831 0.7497624 0.7741846 0.7811736 0.781936 0.7752267 0.7635357 0.7655409 0.7687904 0.7678884 0.7624199 0.7640065 0.74982 0.7472545 0.7550647 0.7450266 0.7416289 0.7290992 0.6821187 0.624346 0.6458493 0.6154695
0.7232689 0.7180286 0.6737788 0.6448926 0.663745 0.7066776 0.7081103 0.7228317 0.7192969 0.5999665 0.5287897 0.6377558 0.5881749 0.4879627 0.4549966 0.498823 0.5505414 0.5893987 0.6539955 0.6550933 0.7026832 0.6983957 0.6974335 0.721795 0.7054849 0.7003858 0.7210248 0.729631 0.7170727 0.6621818 0.6703836 0.7109633 0.7328681 0.7460595 0.7447261 0.7442252 0.7408209 0.7527757 0.7510353 0.7522016 0.7562749 0.7549533 0.7498971 0.739861 0.714053 0.7417884 0.7388094 0.7594891 0.7635664 0.7705488 0.7800213 0.7741364 0.7703262 0.7710814 0.7776469 0.7775709 0.7741739 0.7691162 0.7457954 0.7033812 0.7261314 0.7497113 0.720993 0.7424971 0.7083827 0.6447985 0.5783086 0.6085279 0.6366715
0.7188521 0.689115 0.651498 0.5416664 0.6182037 0.6935023 0.6949261 0.6793389 0.6870014 0.7087824 0.6363507 0.5879989 0.498147 0.4581089 0.5156161 0.5648281 0.614876 0.6520626 0.6577101 0.6903421 0.6764924 0.6750997 0.6803527 0.7030433 0.7037401 0.7272696 0.7296353 0.7191379 0.6634026 0.586918 0.5357555 0.7116348 0.7297937 0.7334282 0.7457818 0.7498364 0.7514029 0.7529714 0.7574472 0.758604 0.7597625 0.7592618 0.7583473 0.7379258 0.7332775 0.7352708 0.7493013 0.7409189 0.7715526 0.7772827 0.7767869 0.768405 0.7575327 0.7628478 0.7748036 0.7772129 0.7667552 0.7596179 0.7196907 0.6967809 0.73281 0.7381243 0.7401183 0.7172087 0.6984499 0.6701447 0.6306329 0.6371931 0.6499794
0.6123187 0.6041569 0.6453935 0.6119248 0.6178932 0.6674492 0.6514317 0.5980648 0.6011525 0.52746 0.5484077 0.4498238 0.4828205 0.5178986 0.556303 0.6237676 0.6277334 0.6059712 0.676773 0.6770198 0.6652349 0.6704727 0.6711497 0.6846982 0.6882899 0.7213553 0.7187297 0.634756 0.6213465 0.5249283 0.5609184 0.660416 0.7113546 0.7295061 0.7414343 0.7483844 0.7470355 0.7386329 0.7460045 0.7454916 0.7507913 0.7473761 0.7613948 0.7579821 0.7599663 0.7395379 0.7373731 0.7592825 0.7733061 0.7707279 0.7606789 0.7601767 0.7584296 0.7666442 0.7736138 0.7731125 0.7601598 0.7513578 0.6931639 0.6706656 0.7228787 0.7518489 0.7463692 0.7359095 0.7304309 0.6714097 0.6734031 0.6774724 0.6516576
0.6111996 0.5685798 0.5649817 0.612857 0.5627837 0.63765 0.549403 0.5371183 0.5443475 0.4532132 0.5306 0.4760033 0.5587977 0.5963563 0.5799628 0.5598395 0.5704363 0.6358268 0.6671876 0.6632736 0.6572893 0.6313871 0.6204319 0.6646847 0.716413 0.715433 0.6845727 0.6151157 0.5830181 0.5459434 0.608487 0.6656381 0.6978887 0.728067 0.7333441 0.7427747 0.7289642 0.7176463 0.7254235 0.7390134 0.7401531 0.7392194 0.7420226 0.7419215 0.7542738 0.7491944 0.7520024 0.760622 0.7767136 0.7737131 0.7723736 0.7681292 0.7576596 0.7650381 0.7632859 0.7661 0.7518972 0.7414306 0.725569 0.6910301 0.7386744 0.7423227 0.739746 0.7052104 0.6466021 0.684289 0.6945827 0.670012 0.6491777
0.5312072 0.5383872 0.5588549 0.5444628 0.5271713 0.6007838 0.5241501 0.4645395 0.4331592 0.4590633 0.4467875 0.4930413 0.4944742 0.5008938 0.5176954 0.5440492 0.6231213 0.662353 0.6650646 0.6611403 0.6476747 0.6524769 0.6415114 0.7006962 0.7109082 0.6933153 0.56283 0.5431701 0.5260043 0.5711017 0.612882 0.6720982 0.6636627 0.7108485 0.7327182 0.7209708 0.7328845 0.7298581 0.7177027 0.7263026 0.7241127 0.7285657 0.7288696 0.7233644 0.7676678 0.760505 0.7599844 0.7636157 0.7784547 0.7737867 0.7674596 0.7640387 0.7531477 0.7617657 0.7595928 0.7433089 0.7340819 0.7256861 0.6791057 0.6690517 0.7249937 0.7352802 0.7194188 0.6782399 0.6100835 0.6759928 0.6850404 0.6301694 0.5860912
0.4337709 0.4579609 0.4576677 0.4598702 0.4790959 0.5663974 0.5985013 0.4338716 0.4854948 0.4997683 0.4725412 0.520031 0.5293409 0.5461274 0.6023504 0.637826 0.6650056 0.6486092 0.6575368 0.656508 0.6712567 0.683935 0.683751 0.7072302 0.7008295 0.6749254 0.6054438 0.5189489 0.5739939 0.5680285 0.6322119 0.6644392 0.6891986 0.706075 0.7221241 0.7307049 0.737213 0.7424785 0.7440109 0.7355838 0.7342151 0.7382439 0.7414445 0.7463071 0.7569824 0.7639233 0.7575841 0.7761498 0.7785295 0.7692887 0.7575588 0.7607723 0.7565162 0.7601473 0.745932 0.7333784 0.7017331 0.7157459 0.6670861 0.6636693 0.6610841 0.7033271 0.6729359 0.6085113 0.6395524 0.6585585 0.6439462 0.6305806 0.5229976
0.4882358 0.5153239 0.5299652 0.5338203 0.498665 0.5332454 0.5433428 0.5144298 0.5390655 0.5060131 0.4542885 0.5187869 0.5720841 0.6100295 0.6791099 0.693823 0.667035 0.6340265 0.6371335 0.6518673 0.6628704 0.6672376 0.689457 0.6614586 0.6650094 0.6237379 0.6036386 0.5843736 0.6165802 0.6450549 0.6469692 0.635605 0.6740516 0.7137465 0.7061275 0.7362819 0.7402902 0.7463763 0.7433336 0.7332372 0.7360099 0.7342192 0.7403165 0.7468308 0.7645537 0.7723168 0.7746857 0.7762262 0.7785985 0.7664452 0.7576137 0.775763 0.7723304 0.7539573 0.7443021 0.7371388 0.7092241 0.6921027 0.6554753 0.7035221 0.6822556 0.6929507 0.5857703 0.5503976 0.5830969 0.6257598 0.615712 0.6181179 0.5470598
0.4654877 0.5818068 0.6064022 0.5724792 0.5672005 0.5839254 0.5753368 0.5277378 0.5967765 0.5599799 0.5364709 0.4930443 0.5517284 0.6531691 0.6994119 0.6908721 0.6703008 0.6547153 0.6391349 0.6534439 0.6598718 0.6526074 0.6827032 0.6439033 0.6304267 0.6111436 0.5819032 0.57425 0.5491681 0.6760025 0.6783222 0.6748344 0.6680295 0.6836412 0.7121229 0.7215148 0.7400406 0.7477778 0.7476313 0.7337902 0.7402895 0.7443007 0.7416732 0.7469338 0.7604977 0.7649322 0.7747644 0.7792026 0.7774168 0.7714822 0.7738506 0.7729003 0.7565946 0.7299141 0.7405912 0.7425539 0.7013521 0.704564 0.7115135 0.7242761 0.7017607 0.6647205 0.6222867 0.5068046 0.4681114 0.5663908 0.5314377 0.4902613 0.5067807
0.5240806 0.5835291 0.6126829 0.5949398 0.5556185 0.5515824 0.5417408 0.5348095 0.570635 0.6554432 0.6173983 0.6312416 0.6812004 0.7091662 0.7234404 0.7219474 0.6901601 0.6936582 0.6581453 0.6496165 0.6502239 0.6462703 0.6580939 0.6765629 0.6643217 0.6408783 0.6132883 0.5910982 0.6129085 0.6052533 0.6963865 0.6874932 0.6420781 0.670547 0.7147916 0.7216836 0.7381249 0.7508336 0.7498478 0.7467893 0.747884 0.7610177 0.7587967 0.7445409 0.7746992 0.7699941 0.7727625 0.7776082 0.7749848 0.7657225 0.7714045 0.7546752 0.7582861 0.7457116 0.7493266 0.745473 0.7133974 0.7369425 0.7314358 0.7101592 0.6996768 0.6817259 0.5940476 0.499731 0.4502438 0.499129 0.4691555 0.4591076 0.4860029
0.609226 0.6346327 0.5977847 0.511134 0.5631188 0.5868841 0.5816002 0.5929238 0.5897254 0.5649489 0.6829588 0.7001139 0.7164442 0.7211578 0.7296122 0.719809 0.7195572 0.7147448 0.6866939 0.6565725 0.6252109 0.6324546 0.6625313 0.67601 0.6878329 0.6548333 0.6239133 0.6349185 0.6480031 0.6407533 0.6571657 0.7117674 0.6584566 0.6499758 0.6854947 0.7035841 0.7225065 0.7385265 0.7445877 0.7564625 0.7587935 0.7590519 0.7601426 0.7604057 0.7673122 0.7621843 0.773246 0.7764238 0.7696424 0.7674288 0.7660479 0.7493119 0.757897 0.7569381 0.7539064 0.7504622 0.734984 0.7406765 0.7389006 0.7404482 0.7125294 0.6659359 0.609384 0.5084237 0.4265593 0.444313 0.4550139 0.4661331 0.4569174
