02_Processed_Data/Guangdong-driving/Tem/txt/txt-00.txt
ncols         755
nrows         605
xllcorner     491130
yllcorner     2101946
cellsize      1000
NODATA_value  -9999
[rows 93 to 123 of 605, columns 621 to 689 of 755]
0.6721263 0.6810552 0.7099239 0.6793824 0.6396724 0.6557888 0.6846676 0.6960038 0.6957784 0.6823965 0.6901498 0.7094687 0.7314318 0.7276251 0.7070725 0.6362795 0.6272931 0.7231779 0.7245611 0.7331226 0.6930381 0.694025 0.7352858 0.7542173 0.7456359 0.7406435 0.7352525 0.7362414 0.731648 0.7772963 0.7503726 0.7417911 0.7689151 0.7910342 0.764107 0.7682812 0.7437451 0.7359549 0.7313538 0.7032254 0.6356202 0.5927356 0.5701857 0.5651788 0.5003585 0.392073 0.4600311 0.6464145 0.6748926 0.6846274 0.7075185 0.7421588 0.7435113 0.7584185 0.7537845 0.7379828 0.7126084 0.7462452 0.7284407 0.7497102 0.7909135 0.7256484 0.7118182 0.6533245 0.6853427 0.7217432 0.74219 0.7646264 0.7890527
0.6428877 0.6813222 0.7046068 0.6421643 0.6223899 0.6492711 0.6402674 0.6934702 0.7024145 0.6974048 0.6880106 0.7045366 0.6934015 0.7386389 0.7172874 0.6612463 0.6159725 0.7242169 0.7487257 0.7134237 0.6872937 0.6671456 0.6573655 0.7388984 0.7259292 0.7081753 0.7199287 0.7324798 0.7426383 0.7547905 0.7789046 0.7802901 0.7882721 0.7689201 0.7184654 0.7505502 0.7459496 0.7070557 0.7124217 0.7078177 0.6075138 0.5837674 0.593913 0.5633848 0.5161079 0.4277583 0.5272156 0.6474057 0.6986108 0.713129 0.7276451 0.7040665 0.7321335 0.7765465 0.7675249 0.7692665 0.7522643 0.7364554 0.7345994 0.7837796 0.7559988 0.7046887 0.6725147 0.6646607 0.6954812 0.6712714 0.7188316 0.7572169 0.7951993
0.6842263 0.7007283 0.6917132 0.6404338 0.633019 0.6710635 0.6325513 0.6745876 0.7082524 0.7132097 0.7157763 0.7075788 0.6713205 0.7348986 0.7350776 0.6913961 0.7075276 0.7352238 0.7437814 0.7172503 0.7018848 0.698881 0.6930867 0.7339461 0.7233678 0.7287396 0.7373014 0.745066 0.752033 0.7753482 0.7863023 0.7888824 0.790881 0.7240769 0.6784055 0.7563444 0.7505459 0.7168342 0.6994702 0.7140046 0.7173727 0.6350092 0.5873352 0.5962812 0.6239667 0.5966235 0.4855421 0.5714387 0.6146673 0.6706535 0.6983268 0.7034559 0.7426863 0.7918827 0.7984109 0.7909799 0.7875338 0.8048194 0.8021644 0.7137764 0.741021 0.7299827 0.6950164 0.621767 0.6246743 0.6542937 0.6934794 0.70435 0.7331603
0.7048299 0.7089691 0.7003511 0.67459 0.6667747 0.6892666 0.6734813 0.6692618 0.6778042 0.7166532 0.7291868 0.7221838 0.7174245 0.7156067 0.7432976 0.7319129 0.741264 0.7510153 0.745615 0.7318422 0.7328237 0.7250334 0.6917243 0.7269996 0.7259896 0.7018526 0.7104129 0.7189732 0.7422871 0.7731772 0.786522 0.7902967 0.7807298 0.7422349 0.7444113 0.7760942 0.7523506 0.7581133 0.712038 0.6747338 0.6980377 0.6754845 0.6521322 0.6634693 0.6656335 0.6438711 0.6005749 0.5257757 0.5490656 0.6517036 0.6765843 0.7034559 0.7333015 0.7813002 0.7965994 0.8039207 0.8108404 0.810181 0.7720367 0.732693 0.7703036 0.7237757 0.6716622 0.6638057 0.61009 0.6149861 0.6481892 0.6770024 0.6798932
0.6803745 0.6908921 0.6962287 0.7115368 0.7100999 0.6863358 0.701651 0.6822776 0.6995909 0.7212922 0.7226596 0.7320034 0.7368119 0.7026944 0.7004778 0.7217886 0.7494806 0.7560401 0.7394736 0.6973882 0.6533098 0.6909751 0.7142859 0.6869567 0.7473519 0.7555115 0.7568929 0.7578756 0.7616493 0.7837653 0.7875388 0.7897168 0.7665907 0.7791336 0.7737322 0.7575641 0.7342178 0.7471561 0.6791484 0.6561975 0.6483974 0.6609324 0.6595097 0.6078433 0.6235634 0.6512442 0.6350608 0.5845836 0.6002959 0.6554818 0.6775695 0.7148073 0.7219227 0.774705 0.798775 0.7997151 0.8074309 0.8123527 0.8069041 0.7978635 0.7776549 0.7155749 0.6897771 0.7166103 0.6840269 0.6203376 0.6192476 0.6835481 0.740667
0.6794447 0.6855747 0.641864 0.6751141 0.7043791 0.7172979 0.6987182 0.7248003 0.7217759 0.7263296 0.7217142 0.7390315 0.720312 0.7260674 0.7489702 0.7515385 0.7596903 0.7335513 0.7173817 0.6509713 0.6320125 0.6449538 0.6646743 0.6221914 0.6522802 0.7274275 0.7678843 0.7489281 0.7694476 0.7855808 0.7869601 0.7879404 0.765211 0.7781512 0.758792 0.7382363 0.713692 0.7449712 0.7044752 0.668364 0.6836898 0.7034006 0.6864251 0.6546947 0.6428998 0.6494455 0.6049498 0.6409987 0.6355761 0.6500885 0.676561 0.6799039 0.739652 0.7573435 0.7869945 0.7927182 0.8044201 0.8029605 0.8162516 0.8052162 0.7921836 0.7412671 0.7194557 0.7582499 0.7113105 0.6671587 0.6545041 0.6980686 0.7643576
0.6908759 0.6802571 0.6648558 0.6490585 0.6890879 0.7051954 0.7284822 0.7246569 0.7387768 0.7369492 0.7271485 0.7177483 0.7424904 0.7486428 0.7408407 0.73304 0.7583361 0.7202331 0.7451327 0.6882907 0.6454056 0.6543578 0.6505509 0.6371745 0.6596858 0.6873809 0.7134811 0.7032958 0.7289972 0.7706485 0.7847863 0.776195 0.7678186 0.7715859 0.7458455 0.7432315 0.7083184 0.7204562 0.7405677 0.7132276 0.7341343 0.7259313 0.6786497 0.6851974 0.6845658 0.6683813 0.6190993 0.6352096 0.6736473 0.6702147 0.6839258 0.7052109 0.7019557 0.7499504 0.7333456 0.774955 0.7970229 0.7919734 0.8164279 0.8129672 0.7931549 0.7569908 0.7539191 0.7763636 0.7166631 0.7068022 0.6913553 0.7273425 0.7589397
0.6755909 0.6769328 0.6858535 0.6612822 0.6666195 0.7006685 0.7060105 0.7097596 0.7509927 0.7511573 0.747735 0.7534854 0.7455286 0.7584582 0.7646105 0.7663782 0.759773 0.7603468 0.7521491 0.6961029 0.6851156 0.6557866 0.6711179 0.7012033 0.7041743 0.7274817 0.729257 0.6975377 0.7391874 0.7692735 0.7586874 0.7668421 0.7536787 0.7430897 0.7663932 0.7562016 0.7188944 0.6899599 0.6899599 0.6570368 0.6711648 0.7175895 0.7205497 0.7286924 0.6917749 0.6911418 0.6753548 0.6368374 0.6330087 0.6881922 0.7122717 0.6633785 0.6549422 0.6718357 0.7094616 0.7159824 0.7524069 0.7668973 0.7793913 0.7703498 0.7868252 0.8160571 0.7898604 0.7931675 0.7869012 0.7323832 0.6706842 0.6735783 0.6972035
0.7191792 0.6794458 0.6803873 0.6968825 0.6675248 0.686019 0.6885657 0.6807473 0.681305 0.7209416 0.757789 0.7547637 0.7539827 0.7453768 0.7602985 0.7656518 0.7650253 0.7679886 0.7653707 0.7476015 0.7370104 0.7100719 0.6911089 0.669754 0.7086099 0.7131746 0.7249165 0.7637734 0.7667435 0.7437952 0.7674997 0.754918 0.7736551 0.7594761 0.743303 0.7506552 0.7552156 0.7123244 0.714889 0.6548498 0.6729634 0.7090192 0.7243391 0.6989856 0.7091189 0.6785783 0.6468397 0.6733162 0.6782586 0.6628628 0.7140555 0.63366 0.6826415 0.6947486 0.7064546 0.7101831 0.7139088 0.7399617 0.7620242 0.7617539 0.7674618 0.7895152 0.8107677 0.8033074 0.781489 0.739331 0.7011568 0.6442381 0.6662672
0.725428 0.6725346 0.6826454 0.6987404 0.6988881 0.690266 0.6944063 0.6889789 0.7106682 0.7235874 0.7412935 0.7506278 0.7474526 0.7579849 0.7641326 0.7658956 0.7616788 0.7658367 0.7225451 0.7302942 0.7216952 0.7298447 0.7056963 0.7046757 0.7176118 0.7181872 0.7319214 0.7400734 0.728687 0.7460101 0.7537633 0.7702885 0.7547317 0.7561024 0.7510926 0.7452846 0.7446597 0.692197 0.7182862 0.6666188 0.6635975 0.7084243 0.7185588 0.6780513 0.6822019 0.6803694 0.6665731 0.6834781 0.6884191 0.6809967 0.7130479 0.6932604 0.6967837 0.736004 0.7616647 0.7434608 0.7101019 0.7501096 0.765392 0.7910389 0.8174801 0.7936767 0.7790409 0.7967003 0.7565385 0.7347151 0.7288383 0.7205654 0.6596543
0.7213097 0.6867568 0.6996574 0.7065796 0.7127069 0.7236217 0.7070255 0.707179 0.698961 0.6871563 0.7024683 0.7488844 0.7648474 0.7642133 0.7675681 0.766937 0.7679023 0.7688687 0.7542852 0.7285379 0.7295073 0.7296801 0.7234738 0.7228504 0.7290061 0.7275862 0.7461036 0.7570452 0.7384797 0.7338704 0.7440144 0.7509682 0.7409924 0.7551213 0.7604772 0.7486865 0.6914381 0.6617024 0.6977584 0.6600457 0.7104547 0.7225829 0.706 0.6945993 0.6704375 0.6981107 0.699465 0.6924438 0.6921996 0.7114918 0.7060596 0.7373098 0.7380406 0.7824433 0.7837791 0.7926884 0.7760755 0.7937519 0.7990644 0.805969 0.8176557 0.7751097 0.7780177 0.76577 0.7415567 0.7229224 0.7278104 0.7342899 0.7048787
0.7167928 0.690612 0.7047071 0.7367486 0.7253296 0.7386354 0.7355948 0.7289681 0.729122 0.7109358 0.7214613 0.7626919 0.7682864 0.7704419 0.7718014 0.7735609 0.7733286 0.771502 0.7644932 0.7415353 0.7425032 0.7438706 0.7169278 0.727069 0.7296345 0.7625049 0.7566974 0.7417189 0.7379054 0.7249207 0.705556 0.7388254 0.7408106 0.7306143 0.7602921 0.7169989 0.6709139 0.6826459 0.6836111 0.6490867 0.7198301 0.6944746 0.6822762 0.6804441 0.6901739 0.7182444 0.7012549 0.7137709 0.7023602 0.7527531 0.7190085 0.7502573 0.7820891 0.7168355 0.7221574 0.7446226 0.7599081 0.735715 0.7525897 0.7455369 0.7955017 0.8183488 0.8188629 0.819374 0.7883808 0.7302694 0.7650624 0.7332612 0.7349511
0.7457707 0.7327468 0.7396631 0.7457846 0.7379526 0.7253382 0.7597783 0.7475673 0.7493147 0.7243482 0.7201185 0.7665312 0.7709281 0.7726833 0.7740414 0.7742043 0.77397 0.7741358 0.7711127 0.7601157 0.7698542 0.7688275 0.7550418 0.7444464 0.7681438 0.7447896 0.7274168 0.7582923 0.7732183 0.7367061 0.7281058 0.7310691 0.7330528 0.7284374 0.7278091 0.7112302 0.6639472 0.681659 0.6618878 0.6752112 0.7148509 0.6994624 0.6701166 0.6607066 0.6987458 0.7355871 0.7166025 0.7434718 0.7639592 0.7657036 0.7215902 0.6770761 0.7703136 0.6990774 0.7028028 0.7384255 0.7676654 0.732705 0.7112989 0.7094284 0.7589933 0.7395721 0.7887319 0.807584 0.8092868 0.7527693 0.7887573 0.7429991 0.7518653
0.7177286 0.7481663 0.7558784 0.7556185 0.7573546 0.7578973 0.7672147 0.7673633 0.7691091 0.7541094 0.7470869 0.7631934 0.7731716 0.7741276 0.7754838 0.7752467 0.7746119 0.7755735 0.7713524 0.76793 0.7756733 0.7750436 0.7780035 0.7642168 0.7747537 0.7394357 0.7459859 0.7696825 0.7742394 0.746498 0.7402887 0.7320853 0.7348652 0.7238684 0.6861551 0.6883157 0.6964567 0.6627288 0.6624944 0.6921649 0.6975108 0.6817222 0.686667 0.6936038 0.7160904 0.734588 0.7582677 0.7488497 0.7693354 0.7706798 0.7417173 0.7633933 0.7509623 0.6458315 0.6997973 0.7425959 0.7076368 0.695802 0.6712048 0.7195749 0.6881931 0.6922968 0.7825261 0.8093518 0.8174334 0.7912194 0.8080665 0.756326 0.7639948
0.725574 0.740459 0.7437832 0.7291667 0.7368826 0.7449996 0.7060675 0.7257528 0.7657765 0.765529 0.7628911 0.7698248 0.7706305 0.7735788 0.7749333 0.775093 0.7752544 0.7758155 0.7727889 0.7717574 0.777904 0.7605256 0.7626863 0.7772088 0.7773767 0.776349 0.7757203 0.7758893 0.7764571 0.7319667 0.7397118 0.7362919 0.7438557 0.7260785 0.7150794 0.6925162 0.6663637 0.6669261 0.6623039 0.6720358 0.6710001 0.6528174 0.7111923 0.7189254 0.7362268 0.7339882 0.7321465 0.7430629 0.7444075 0.7704726 0.769022 0.7667719 0.7232379 0.5969721 0.6465506 0.6789804 0.6783116 0.6999703 0.7236199 0.7396905 0.7382134 0.7215809 0.7607696 0.8127152 0.818403 0.8208976 0.8209963 0.7935782 0.7693465
0.7521611 0.7243786 0.7253087 0.7330204 0.7395385 0.75204 0.7493919 0.6953079 0.7381211 0.7590054 0.7671319 0.7684817 0.772875 0.7730301 0.7739846 0.7821177 0.7743023 0.776058 0.7770174 0.7759841 0.7677742 0.755179 0.7593318 0.7694664 0.7776079 0.7658123 0.7332824 0.7513933 0.7643205 0.7728617 0.7630602 0.7285365 0.7073896 0.676851 0.6638564 0.6811664 0.6984752 0.6846813 0.6381894 0.6367546 0.6751933 0.6653825 0.7309334 0.7478359 0.7093115 0.7038814 0.7175893 0.7332893 0.7230688 0.7614934 0.748478 0.7573913 0.7262174 0.6250711 0.627995 0.6209477 0.690457 0.7244753 0.7385535 0.768579 0.7734805 0.7819678 0.7892559 0.7793946 0.7771064 0.7736186 0.8215656 0.7929501 0.7192729
0.7464504 0.7553509 0.7574757 0.739666 0.7429924 0.7523023 0.7648048 0.7055354 0.7347898 0.7437102 0.7653924 0.7719239 0.7631578 0.7740776 0.7754288 0.7755854 0.7761421 0.7759024 0.7776577 0.7718378 0.7584425 0.7482381 0.7631553 0.7681047 0.7535158 0.6942682 0.6916425 0.7524173 0.7673367 0.7675025 0.7142363 0.6789136 0.660158 0.6124717 0.5859184 0.5278636 0.6388761 0.6577777 0.625639 0.6624821 0.6905518 0.713038 0.7403077 0.6938083 0.701138 0.6418757 0.674722 0.6944078 0.7531689 0.7485275 0.7343141 0.7276751 0.6729744 0.7109888 0.6748341 0.6709757 0.6651207 0.6855803 0.7176008 0.7260929 0.7457467 0.7410741 0.7515509 0.7464735 0.7493677 0.7227515 0.7830586 0.8082725 0.7784563
0.705651 0.7217272 0.7609336 0.7634582 0.760403 0.7497742 0.7626738 0.7428784 0.7454152 0.7575239 0.7652482 0.7689871 0.7693911 0.7743281 0.775279 0.7754339 0.7751912 0.77495 0.7763048 0.7501472 0.712427 0.7345192 0.7342826 0.7464074 0.7485644 0.7176259 0.7273597 0.7506509 0.7137319 0.682395 0.6570395 0.6372659 0.6408392 0.6055124 0.5634064 0.4874066 0.4245645 0.5511256 0.6286402 0.6750517 0.7019237 0.7283955 0.6671425 0.6565285 0.6315585 0.5455787 0.6294628 0.6718755 0.7326288 0.6988777 0.7022076 0.6688511 0.6045799 0.6713024 0.6646536 0.679136 0.6130692 0.673402 0.7433022 0.7422226 0.7419382 0.7017759 0.6935103 0.7279076 0.7260158 0.6866387 0.7525269 0.812032 0.8220891
0.7011383 0.7291752 0.7612025 0.7637255 0.7666497 0.7436581 0.7402076 0.7232018 0.6866598 0.7450211 0.7667001 0.7680448 0.7692454 0.773383 0.7731362 0.7732893 0.7722476 0.7735996 0.7733577 0.760756 0.674387 0.6789329 0.6938469 0.7302937 0.7416199 0.7011099 0.7068545 0.7273529 0.6768749 0.6339728 0.6205778 0.6669945 0.6259074 0.5897815 0.5309265 0.4852298 0.4191962 0.4915264 0.5849892 0.6764572 0.7085113 0.6959046 0.6486059 0.5997111 0.5683594 0.5354111 0.5881916 0.593121 0.6762025 0.6556082 0.6864504 0.6522947 0.6259038 0.6399907 0.551199 0.676132 0.6858256 0.6771743 0.7386994 0.7451949 0.7289592 0.7346515 0.6940864 0.6866141 0.697481 0.726687 0.7674533 0.7775127 0.8214621
0.6994176 0.7126995 0.6988693 0.7508349 0.7322254 0.7319604 0.7376794 0.7521727 0.7355663 0.7209556 0.7601777 0.7667044 0.7718918 0.7752303 0.766608 0.772342 0.7649187 0.7570978 0.740107 0.7506307 0.6503041 0.6321197 0.6669693 0.7014208 0.7271002 0.7200829 0.6536531 0.7375502 0.6802918 0.6086785 0.5861108 0.5882652 0.5838618 0.5740514 0.5207773 0.432413 0.3671754 0.333039 0.5289775 0.6200455 0.6397368 0.6414832 0.6551912 0.5440903 0.5083511 0.4965349 0.5377501 0.6096672 0.6452965 0.5812378 0.6523515 0.6668416 0.5718656 0.5660137 0.5653434 0.6240836 0.691195 0.7052707 0.7189451 0.7126796 0.7219622 0.7372233 0.6990494 0.6513026 0.6900806 0.7671348 0.7943426 0.7908437 0.8072786
0.6921158 0.6990157 0.6676393 0.7096345 0.7424614 0.7541573 0.7630644 0.7624037 0.7601504 0.7626842 0.7652199 0.7709476 0.7653681 0.7734899 0.7620746 0.776978 0.7667617 0.7473757 0.7555042 0.7436962 0.685635 0.5717503 0.6157693 0.6494213 0.6619406 0.59511 0.6618592 0.6807594 0.734749 0.7089899 0.636976 0.5581836 0.6486806 0.6137477 0.5676494 0.5235443 0.4244116 0.3627602 0.5016767 0.5907492 0.5761468 0.6014178 0.6498148 0.655146 0.5675683 0.5784791 0.5531024 0.5416802 0.5964477 0.5407611 0.5895438 0.6267609 0.5768425 0.5917242 0.58547 0.5497062 0.6610771 0.724197 0.7398638 0.7419705 0.7412833 0.733017 0.7139817 0.6506828 0.7109918 0.7366067 0.7323127 0.8029792 0.8261918
0.6907961 0.6673899 0.6778798 0.6891701 0.6912918 0.709366 0.7390059 0.7522998 0.7305064 0.7685267 0.7602946 0.7592418 0.7568517 0.7629781 0.745181 0.7469242 0.7745871 0.7675604 0.7629273 0.7590927 0.7050172 0.6030931 0.5577914 0.5918406 0.5329828 0.5494882 0.5556266 0.6490904 0.7258068 0.693666 0.6236442 0.5627935 0.6373402 0.6626162 0.6432321 0.5871628 0.5007885 0.3968686 0.3906403 0.484496 0.5364825 0.5545745 0.570273 0.6358131 0.6379513 0.6368982 0.6418247 0.5877351 0.5826896 0.5668761 0.5821626 0.5795036 0.5834156 0.608663 0.6303194 0.6085105 0.6688406 0.7327567 0.7292824 0.7668763 0.7362819 0.7252233 0.7189467 0.6771788 0.7171504 0.7674865 0.7859196 0.8258818 0.8171937
0.6926678 0.6820195 0.6885204 0.6862516 0.695549 0.6992666 0.7081702 0.7059113 0.7068444 0.7265208 0.7310469 0.7487333 0.7547163 0.7652272 0.7370612 0.7164729 0.76128 0.7737901 0.7583892 0.7497678 0.7216091 0.6164934 0.6593126 0.5665593 0.4969336 0.4919052 0.5263527 0.6628792 0.7160681 0.654817 0.6198834 0.6100703 0.680629 0.6114005 0.6071672 0.5431215 0.4368082 0.4289841 0.4426915 0.4472269 0.4290326 0.484605 0.5222328 0.5901638 0.6265928 0.6745837 0.6380391 0.5751756 0.6215667 0.63805 0.6601137 0.6419023 0.6163067 0.6399578 0.6568279 0.6713032 0.6877701 0.7165953 0.7637604 0.7578896 0.7807259 0.7688685 0.7570081 0.7431513 0.759596 0.7553026 0.8036407 0.8260568 0.7858669
0.6821795 0.694657 0.6899912 0.6897144 0.6886427 0.7099033 0.7160138 0.7177406 0.7134885 0.7196057 0.732105 0.7310487 0.7473987 0.7491353 0.7293413 0.7250996 0.757544 0.7724449 0.7658146 0.7492167 0.7110876 0.682529 0.6766998 0.6489403 0.5625656 0.5088885 0.5521067 0.6132687 0.7174953 0.6610276 0.6388521 0.6744941 0.6744744 0.6395364 0.5758885 0.4851251 0.4900601 0.5288875 0.5473782 0.473359 0.3646482 0.3974906 0.4841624 0.5592693 0.5873231 0.6795731 0.6860915 0.6527337 0.6448936 0.688889 0.6463547 0.6524653 0.6472051 0.6596898 0.6673877 0.6758806 0.6484839 0.6366358 0.7005468 0.7688415 0.7805116 0.7826089 0.7974635 0.7836053 0.7916749 0.8252614 0.8086028 0.7767888 0.7621173
0.6653129 0.6873584 0.6998369 0.6975645 0.6984847 0.7153575 0.7222639 0.7275777 0.7293049 0.7210657 0.7263858 0.7392838 0.7540382 0.7525833 0.7443511 0.7409054 0.7577967 0.7683098 0.754899 0.727932 0.7169158 0.6907481 0.6294914 0.5790018 0.5205375 0.517898 0.6061728 0.6461995 0.7101513 0.7047212 0.7032786 0.6675438 0.6503776 0.5723734 0.550592 0.4937204 0.5612566 0.5988861 0.6177739 0.5900077 0.3636653 0.3255296 0.4544667 0.562668 0.5990936 0.6283404 0.672738 0.7047728 0.7061029 0.7237792 0.699187 0.6777827 0.6166981 0.6698534 0.6946957 0.6828512 0.6610358 0.646395 0.6484993 0.6641582 0.740025 0.7680396 0.8104061 0.8037242 0.8249515 0.7680217 0.7645205 0.7450665 0.7299953
0.6923097 0.6992012 0.7096841 0.6970426 0.7019486 0.7279906 0.7229329 0.7290424 0.7311665 0.7237232 0.7278451 0.739944 0.7503119 0.7556338 0.7509885 0.7543198 0.7743995 0.7577959 0.7683082 0.7289784 0.7347078 0.729273 0.709883 0.6510177 0.5777982 0.4985981 0.5302492 0.5902116 0.6816749 0.6431475 0.6795838 0.6901017 0.6362506 0.5458836 0.5723486 0.5573435 0.6029472 0.6262204 0.6279604 0.4981138 0.3981719 0.3572433 0.472223 0.5429404 0.6124604 0.6361231 0.6685569 0.676267 0.69195 0.7124164 0.7257033 0.7114748 0.6089208 0.6521059 0.6893078 0.7029817 0.6592339 0.5887675 0.6199788 0.6986383 0.6991409 0.7407116 0.7683234 0.8198568 0.806791 0.7339102 0.6937235 0.704174 0.7118303
0.7165168 0.7106465 0.720729 0.7240356 0.7197686 0.7210867 0.7355658 0.7428698 0.7445933 0.7327619 0.7269136 0.7485805 0.7569546 0.7598823 0.7592226 0.7681344 0.7726612 0.7604422 0.7522116 0.7192601 0.6887018 0.7135699 0.6993618 0.6692045 0.630674 0.5538646 0.5599944 0.5884541 0.6711435 0.6230444 0.6128259 0.6823564 0.6619993 0.6059228 0.559017 0.5408204 0.6107457 0.6591381 0.6190084 0.4971349 0.5076439 0.4268392 0.5147024 0.5961846 0.6413795 0.6606547 0.6376612 0.6493571 0.6893621 0.6894909 0.7079602 0.7156613 0.7044194 0.6263849 0.6595979 0.7047712 0.6973077 0.6790758 0.6743985 0.7147771 0.7304308 0.7460818 0.824333 0.7634194 0.8025878 0.7887201 0.7557096 0.6939864 0.6777168
0.7183959 0.7204988 0.7289844 0.7287005 0.7276217 0.7213618 0.7286617 0.7259952 0.7400783 0.7362199 0.7427309 0.7324964 0.7620035 0.754562 0.7666607 0.7771655 0.7462025 0.7415577 0.7468828 0.7103406 0.6730018 0.6707537 0.7023995 0.6371509 0.6193534 0.6003602 0.5626263 0.6397313 0.6797529 0.6296585 0.6094698 0.6447063 0.6454825 0.6454825 0.5985755 0.5632318 0.6176049 0.6671925 0.623872 0.5586196 0.5671341 0.5309884 0.5147787 0.4933842 0.6195241 0.6878448 0.6086282 0.6099567 0.6902352 0.6899655 0.7044476 0.7065668 0.7308165 0.7157843 0.6544956 0.6633838 0.6993845 0.7206294 0.7518402 0.7256297 0.7165626 0.802394 0.8008978 0.7423782 0.7396802 0.7086683 0.804853 0.8061334 0.76315
0.7153874 0.7186818 0.7255676 0.7244819 0.7194111 0.7290967 0.719246 0.7321267 0.7234772 0.724001 0.7344957 0.7453912 0.7609421 0.7646621 0.7631997 0.7733027 0.7590836 0.7540373 0.7493907 0.7020795 0.7054101 0.7115329 0.6466799 0.6555954 0.676474 0.6008569 0.5443797 0.5875894 0.6415655 0.6632431 0.6633887 0.5750129 0.6164627 0.6425245 0.593622 0.6172908 0.6656812 0.6590441 0.5686698 0.5054097 0.5693481 0.6117533 0.5803897 0.6032545 0.7150379 0.6609423 0.6048515 0.608172 0.6856577 0.7101086 0.7122284 0.7223207 0.7346081 0.7187768 0.6802151 0.6627847 0.6796443 0.7008879 0.7324963 0.7656972 0.8232192 0.757925 0.7017995 0.672387 0.6936123 0.6322948 0.728877 0.7680372 0.7892507
0.7116895 0.7058107 0.7226636 0.7183859 0.7228833 0.7345606 0.7322845 0.7252259 0.7261446 0.7214831 0.7375581 0.7464581 0.743268 0.7410048 0.7706429 0.7659904 0.7581496 0.7610761 0.7512441 0.7055261 0.6514357 0.6798863 0.6979705 0.659035 0.6093339 0.580368 0.5254841 0.5742745 0.6083115 0.6571019 0.6397011 0.6055528 0.6298566 0.6638916 0.6440956 0.6366606 0.7017965 0.5874966 0.6099656 0.6212688 0.5974818 0.6239358 0.646401 0.7207021 0.7116643 0.6460035 0.611842 0.6067874 0.6567582 0.7095186 0.6940919 0.7133539 0.7252425 0.7345307 0.7147086 0.7012643 0.7181223 0.7266045 0.7490405 0.7391758 0.7903164 0.7672881 0.6916227 0.6406767 0.663496 0.6025757 0.6672574 0.6434147 0.7160651
0.6860626 0.711683 0.7089952 0.7158804 0.725161 0.7292603 0.738546 0.7314856 0.725225 0.7285364 0.7330461 0.7311781 0.7327729 0.7604138 0.7705116 0.7658575 0.7643945 0.7537619 0.725187 0.7073795 0.661262 0.6231205 0.6423991 0.6652672 0.639489 0.5558932 0.5189513 0.6036268 0.5686792 0.6178668 0.6028566 0.6141634 0.6468406 0.6828675 0.6929759 0.7118563 0.6693293 0.6587014 0.644883 0.6713368 0.6423644 0.7003176 0.7279649 0.7157369 0.6943361 0.6593771 0.6124542 0.5611437 0.6553735 0.6961699 0.6500383 0.6820588 0.7015236 0.7263614 0.7428235 0.7405427 0.7370633 0.7359743 0.7695738 0.792006 0.8236068 0.728803 0.6950047 0.6620011 0.6501281 0.6011691 0.5817144 0.577409 0.5994179
