02_Processed_Data/Guangdong-driving/Tem/txt/txt-00.txt
ncols         755
nrows         605
xllcorner     491130
yllcorner     2101946
cellsize      1000
NODATA_value  -9999
[rows 186 to 216 of 605, columns 207 to 275 of 755]
-9999 0.7490577 0.7372102 0.7269579 0.6875969 0.6833256 0.7476386 0.764501 0.7239441 0.6825899 0.602956 0.6013452 0.5994662 0.6035689 0.756802 0.7628989 0.7658056 0.768314 0.7692278 0.7693442 0.7702585 0.7703757 0.7700943 0.7630348 0.7575709 0.7441323 0.7641888 0.7690933 0.7676185 0.771328 0.7658669 0.772618 0.7727396 0.774058 0.7741809 0.7751019 0.7760237 0.7438502 0.7527484 0.7612485 0.74423 0.7738652 0.7544559 0.7593709 0.7698692 0.7676086 0.7565765 0.7551153 0.7464778 0.7438225 0.7032875 0.7367466 0.7364859 0.715093 0.6606053 0.6707155 0.6325787 0.6327228 0.6663627 0.6473696 0.648315 0.664414 0.6924769 0.6264371 0.6736424 0.6530624 0.6899034 0.6402179 0.615655
-9999 0.7281969 0.7235264 0.6929376 0.7022232 0.7338384 0.7626626 0.765967 0.7285995 0.672491 0.6219651 0.5202671 0.5606546 0.6361316 0.7550723 0.7623644 0.766068 0.768177 0.7702861 0.7708005 0.7705176 0.7710327 0.7711495 0.760899 0.7586241 0.7503683 0.7656388 0.770144 0.7718581 0.7723767 0.7681109 0.7696751 0.7642133 0.7735056 0.7752225 0.7709587 0.7670945 0.725749 0.7366398 0.7507212 0.7568288 0.7756969 0.7395392 0.7568139 0.7740897 0.7498971 0.7588013 0.7613264 0.7510929 0.7197267 0.7023177 0.7589003 0.7387012 0.7332569 0.7042875 0.6633574 0.6738662 0.6321409 0.6578048 0.6946347 0.6660717 0.6869547 0.6926866 0.6358166 0.6894009 0.7202579 0.674956 0.7042211 0.6868343
-9999 0.7452156 0.7349623 0.6936068 0.7220318 0.7520515 0.7677165 0.7678305 0.6881953 0.5938067 0.5472677 0.4511499 0.5027015 0.6411799 0.7054915 0.7554486 0.7663288 0.7688357 0.7697477 0.7706601 0.771174 0.7712894 0.7682152 0.7591602 0.7564855 0.7605898 0.7702772 0.7727875 0.7737033 0.7666446 0.7655678 0.7683253 0.7704385 0.7697612 0.7690845 0.7751869 0.7729166 0.7578872 0.7671819 0.7689013 0.7718176 0.7719437 0.7652918 0.7682108 0.7779093 0.7704628 0.7721883 0.7687311 0.7632812 0.7151667 0.745606 0.7451642 0.721774 0.7223095 0.687358 0.6998583 0.6728839 0.6885768 0.6811435 0.7119911 0.7105416 0.7011186 0.6717597 0.6922453 0.7258909 0.7356132 0.6911078 0.7096055 0.7201297
0.7557397 0.7554546 0.7551695 0.7357445 0.7510101 0.7710609 0.7755603 0.7665025 0.7279376 0.4911965 0.4458528 0.3848226 0.4993752 0.6502138 0.6507254 0.7178277 0.7606069 0.7671002 0.7700053 0.7705179 0.771031 0.7715442 0.7716591 0.7661918 0.7567375 0.7640309 0.7697297 0.7710429 0.7727551 0.7672906 0.7646177 0.7649794 0.7690854 0.7688057 0.7717165 0.7746282 0.7564068 0.7581236 0.7686133 0.7691352 0.7688607 0.7769604 0.7651236 0.7780102 0.7797325 0.7738798 0.7692243 0.7669621 0.7647009 0.7552635 0.7641693 0.7597363 0.7415283 0.714948 0.6831852 0.7072477 0.679076 0.7023436 0.6833457 0.7165845 0.7051651 0.6917536 0.7058564 0.7267398 0.7336682 0.7210597 0.7511181 0.7297403 0.7302945
0.7572056 0.7593125 0.7606218 0.7320251 0.7620439 0.7761128 0.7758269 0.7731482 0.7381713 0.525753 0.4337555 0.4600481 0.4629514 0.589067 0.5951604 0.6750216 0.7528896 0.7641671 0.7666723 0.7699754 0.7716836 0.772196 0.7715124 0.7620568 0.7573864 0.7642801 0.7683829 0.772885 0.7702101 0.7647444 0.7636654 0.7608341 0.7713189 0.7690443 0.7675678 0.7553258 0.7510596 0.7679273 0.7664537 0.7664537 0.7673732 0.7722811 0.7779872 0.7737253 0.7730533 0.7775658 0.772908 0.7455227 0.7623991 0.7645231 0.768243 0.7650023 0.7571592 0.7469252 0.7191473 0.6977506 0.7190208 0.7135762 0.7185003 0.7337931 0.7247636 0.6902159 0.748577 0.753109 0.7456799 0.7143277 0.694939 0.7345663 0.7506689
0.7657347 0.7594677 0.7607767 0.759693 0.7669829 0.7758676 0.7763785 0.7760917 0.7678301 0.6822119 0.6380631 0.4893054 0.4503395 0.4540395 0.5510458 0.5053017 0.6405875 0.7300181 0.7572446 0.7681226 0.7718234 0.7731322 0.7732447 0.7733576 0.7642998 0.7592298 0.7509701 0.7730153 0.7739276 0.7692578 0.7669812 0.7649447 0.7606741 0.7699614 0.7668881 0.7705943 0.7372177 0.7572737 0.7705516 0.7706716 0.7648113 0.7768953 0.7837963 0.7751473 0.7768663 0.7726053 0.7731298 0.7676743 0.7550424 0.7595575 0.7640737 0.7488664 0.7505921 0.7355716 0.6998177 0.7111168 0.7196258 0.7408959 0.7398374 0.6957158 0.6918689 0.7223153 0.7535603 0.74573 0.7402934 0.708541 0.7015123 0.7395433 0.733315
0.7719836 0.7705012 0.7682207 0.764744 0.7740272 0.7781261 0.7774402 0.7771528 0.7525422 0.6118964 0.5502021 0.4413165 0.4258758 0.4806144 0.527378 0.4401634 0.6288803 0.7262849 0.7594914 0.7691724 0.7704799 0.7713886 0.7699054 0.7592512 0.7569709 0.7598747 0.7695576 0.7736582 0.7709807 0.7702976 0.7696145 0.7647836 0.771278 0.769798 0.7675211 0.7628523 0.7573866 0.7678714 0.7624072 0.7589374 0.7730129 0.7771207 0.7812296 0.7793577 0.7806768 0.7676421 0.7777352 0.75912 0.7317332 0.7466144 0.7431544 0.7155818 0.7352498 0.7206266 0.7020174 0.7208914 0.7222217 0.748674 0.7404369 0.7170488 0.7163904 0.7420505 0.7633257 0.725588 0.718954 0.6848078 0.7084813 0.7074338 0.7203439
0.7626804 0.7703683 0.7684862 0.7670026 0.7790763 0.7791874 0.7788994 0.7766178 0.7276827 0.5910237 0.4368198 0.4491505 0.4253353 0.5418785 0.543583 0.4491901 0.6710019 0.7392973 0.7517681 0.7415107 0.7615582 0.7576811 0.7589881 0.755909 0.7588115 0.7668977 0.7713957 0.771508 0.7716205 0.7733286 0.7674609 0.7690064 0.7711135 0.7740184 0.7709429 0.7427469 0.7412674 0.7549411 0.7590454 0.745207 0.7509077 0.753818 0.7854388 0.7823695 0.7804973 0.7682586 0.7759581 0.7449803 0.716396 0.6953889 0.7258208 0.72496 0.7055495 0.70209 0.7125878 0.7358465 0.7531253 0.7321256 0.7573818 0.7387772 0.7173827 0.7518138 0.7340106 0.6867019 0.6689016 0.6734324 0.6719834 0.7004418 0.6874321
0.7689269 0.7698356 0.7695479 0.7704561 0.7817318 0.7786521 0.7771674 0.7697012 0.7008282 0.6076316 0.4984853 0.566239 0.5005547 0.6063309 0.5825148 0.6332641 0.7091343 0.717218 0.6902122 0.7146448 0.7526348 0.7611178 0.7616262 0.7649259 0.7670298 0.7691339 0.7700421 0.7721469 0.7722583 0.769579 0.7680961 0.7668472 0.7677568 0.773053 0.740469 0.7409814 0.756248 0.7515781 0.74332 0.7721459 0.7543194 0.7763682 0.7844616 0.7833848 0.7827075 0.7788412 0.7757733 0.7364205 0.709031 0.7422518 0.7292192 0.7203794 0.7372532 0.7254187 0.7243514 0.7304627 0.7477399 0.7406951 0.76276 0.7461476 0.7351192 0.7663589 0.7645043 0.6669521 0.6411755 0.6764082 0.6801416 0.6934463 0.6720618
0.7771658 0.7728904 0.7749945 0.7743072 0.7799995 0.7813054 0.7754338 0.7643781 0.7218215 0.6573339 0.5430029 0.5864307 0.6634965 0.6460594 0.7063777 0.6981117 0.7213468 0.6704152 0.6541745 0.6750173 0.7050314 0.7462103 0.7582812 0.7655674 0.76767 0.7709692 0.77068 0.7719861 0.7705014 0.7666246 0.7671344 0.7606983 0.7671891 0.7724839 0.7359113 0.7467898 0.7421178 0.7673524 0.7658716 0.7755564 0.7832482 0.7833648 0.7739121 0.7752264 0.7737502 0.7794524 0.7572435 0.7350352 0.7208031 0.759206 0.7413872 0.7345366 0.7318707 0.7539281 0.7456819 0.7545828 0.7399592 0.7640151 0.7697297 0.7535149 0.7388963 0.7629573 0.7686773 0.7169793 0.7242971 0.7356038 0.7078349 0.6940237 0.6586816
0.7790239 0.7787351 0.7764524 0.7737708 0.7858422 0.7799701 0.774895 0.7179829 0.6515008 0.6464254 0.6293873 0.5854877 0.6836857 0.7148948 0.7325463 0.6899873 0.6765367 0.6323829 0.5842415 0.5907284 0.6534383 0.7101675 0.7581242 0.7638142 0.7647194 0.7692137 0.7705184 0.769032 0.7687423 0.7620733 0.7605879 0.7553445 0.7578465 0.7651339 0.7544783 0.7537918 0.7578909 0.7687694 0.7680848 0.774977 0.7782814 0.7831813 0.7828983 0.7790275 0.7743601 0.7800609 0.777389 0.754382 0.7449332 0.7295043 0.7543496 0.7498872 0.7256876 0.7361798 0.750262 0.7623515 0.7525114 0.7530396 0.7723104 0.7361568 0.709973 0.73802 0.7692581 0.7602246 0.7599647 0.7349843 0.6872767 0.6710715 0.6883624
0.7729056 0.7766036 0.7767128 0.7855939 0.7884936 0.7790319 0.7312904 0.6883336 0.6872449 0.6243504 0.6029255 0.6236199 0.7134435 0.7298977 0.7395734 0.6838549 0.6524597 0.6210647 0.5972457 0.6392198 0.668434 0.710807 0.7324455 0.7508942 0.7529946 0.7531014 0.7619811 0.7620884 0.7530251 0.7543296 0.7428745 0.7368299 0.7417231 0.7605728 0.7351621 0.7292907 0.7309959 0.7534366 0.7559406 0.76961 0.7788941 0.7814003 0.7627736 0.779636 0.784936 0.7635206 0.7847719 0.7729283 0.7535096 0.7340917 0.7609293 0.7612472 0.7438247 0.7331822 0.7504527 0.7693195 0.751503 0.7623972 0.7716976 0.7562774 0.7663779 0.7716948 0.774222 0.7344837 0.7310324 0.7479185 0.7257291 0.7170987 0.7208308
0.7847295 0.7820471 0.785744 0.7886433 0.7823712 0.7824786 0.7195839 0.7212856 0.7010564 0.658497 0.6689707 0.6625479 0.7172809 0.7516778 0.7465989 0.7447098 0.700155 0.6647713 0.6465338 0.6566069 0.6654842 0.6707727 0.7063662 0.7200286 0.7364827 0.7449618 0.7574288 0.7547439 0.7145771 0.7390075 0.7299435 0.7426364 0.7435408 0.7580028 0.7146474 0.6932234 0.7108772 0.7520574 0.7346226 0.7514808 0.7356423 0.7600779 0.7797294 0.7810395 0.7879328 0.7728959 0.7678285 0.7751232 0.7517155 0.7657907 0.7754809 0.7674207 0.7412242 0.7557011 0.7630013 0.7766831 0.7648461 0.7677639 0.7710817 0.7732046 0.7757275 0.7694795 0.7724038 0.7625697 0.7304072 0.669138 0.7031702 0.7033105 0.6847114
0.7694375 0.7767229 0.7836093 0.7912925 0.7894058 0.7755563 0.7553265 0.7331029 0.7296199 0.7117817 0.6895574 0.6998793 0.7542125 0.6781561 0.7611986 0.7529286 0.7167463 0.6845514 0.6615278 0.7046956 0.7047994 0.7092893 0.7042094 0.7075033 0.722361 0.7531688 0.7369249 0.7386248 0.6996529 0.7248794 0.7150167 0.7229209 0.7294062 0.7582217 0.7076875 0.6858633 0.6656347 0.7171808 0.7081183 0.7170001 0.7498072 0.7710514 0.7795365 0.7553253 0.7817556 0.7671158 0.7851744 0.7813028 0.7814195 0.7779484 0.7784657 0.778376 0.7330381 0.7574819 0.7779396 0.7820495 0.7789834 0.7767159 0.7740512 0.7434754 0.7324395 0.7449307 0.7582209 0.764335 0.702664 0.7343008 0.7005448 0.6962974 0.6657345
0.7788664 0.7781762 0.7870553 0.7911493 0.7900591 0.7881711 0.7607632 0.7417286 0.6872051 0.6805311 0.6571095 0.7296328 0.7652242 0.744592 0.7710118 0.7384171 0.7014362 0.6608665 0.6119233 0.6092343 0.6193055 0.6875933 0.726374 0.730863 0.7497069 0.7418351 0.7160199 0.7240984 0.6931 0.6908118 0.6960999 0.7458685 0.7439788 0.7361084 0.7083012 0.6769058 0.6722266 0.6799093 0.6859978 0.6888967 0.7559944 0.7553061 0.7721635 0.7531343 0.7799617 0.7812705 0.7869661 0.7826942 0.7935753 0.7893054 0.7834414 0.7618145 0.7328238 0.763646 0.7821082 0.7567096 0.7632117 0.7792851 0.7630612 0.7524211 0.7417824 0.7558669 0.752807 0.7589196 0.6976457 0.735262 0.7565314 0.7467001 0.74963
0.7874963 0.7708556 0.7865127 0.7922009 0.7931035 0.7764611 0.7717807 0.774676 0.7564375 0.7114829 0.6669269 0.7402449 0.7535054 0.6834278 0.7696581 0.7258976 0.7140364 0.6710731 0.6488446 0.6022926 0.5876399 0.6312044 0.6628066 0.6904212 0.7052764 0.7348853 0.6955113 0.6900311 0.6969123 0.6986101 0.7134668 0.7341232 0.7222635 0.7299425 0.7336345 0.6934651 0.6859934 0.6853009 0.7228887 0.7445271 0.7554001 0.7758439 0.7775473 0.7529341 0.7765701 0.7683073 0.7444943 0.7577655 0.7869875 0.7839121 0.7760528 0.7548199 0.7369924 0.7622305 0.7806912 0.7604746 0.7474365 0.7635083 0.7620363 0.768142 0.7694639 0.763211 0.7039264 0.7196073 0.7257197 0.7142888 0.7271829 0.7289135 0.7414119
0.7861565 0.7778887 0.7831774 0.7940484 0.7881715 0.7495971 0.7560807 0.7513989 0.7782177 0.7432306 0.7102371 0.7727863 0.7346075 0.7000172 0.7766764 0.7676055 0.762123 0.7163672 0.6893525 0.6081084 0.5771061 0.5863771 0.6423013 0.7249416 0.731023 0.7267371 0.6897542 0.6906525 0.7051083 0.7135835 0.7471797 0.7179891 0.7085202 0.7146026 0.7099197 0.6920785 0.7244798 0.7365456 0.7514032 0.7351593 0.7575943 0.7529156 0.7534211 0.7611048 0.7492509 0.7621199 0.7594389 0.7607461 0.7776054 0.7924719 0.7650723 0.7565945 0.7630889 0.7592169 0.7824607 0.767825 0.7440192 0.7381583 0.7634006 0.754751 0.7500901 0.740247 0.7320001 0.7373117 0.7019532 0.7012868 0.6982294 0.721092 0.7367786
0.7776378 0.7765465 0.7818344 0.7915083 0.7860293 0.7163519 0.7236318 0.7464625 0.7609191 0.7733817 0.754742 0.7574766 0.7037455 0.7325544 0.7597681 0.778608 0.7703332 0.7245762 0.6660593 0.6386443 0.6092357 0.5547062 0.6150153 0.7455035 0.7571658 0.7453026 0.6851912 0.7004427 0.7089161 0.7333393 0.7242686 0.7014537 0.6867997 0.6749371 0.6842086 0.7110253 0.715114 0.7076398 0.7228944 0.7150227 0.7326713 0.7567004 0.7121462 0.7473416 0.7454545 0.7391823 0.7843489 0.7996106 0.7921447 0.7866735 0.7827983 0.7731195 0.7744284 0.7841121 0.7818346 0.775172 0.7764855 0.7766041 0.7667552 0.7604963 0.7594224 0.7424001 0.7038471 0.7071635 0.6993165 0.6783124 0.6935956 0.7136654 0.7325403
0.7858651 0.7903553 0.7876675 0.7805929 0.7479985 0.7118146 0.7039413 0.7267708 0.7448153 0.7512956 0.7753204 0.7808433 0.7163448 0.7802421 0.7751564 0.7413607 0.7693704 0.751923 0.7368678 0.7409525 0.6752567 0.6382706 0.7173193 0.7469234 0.7545971 0.7566884 0.7344562 0.6819196 0.7043476 0.68411 0.6905885 0.7403414 0.7384456 0.7014606 0.6999643 0.7156146 0.7009607 0.7006622 0.7063454 0.7116305 0.7536007 0.7261902 0.6935967 0.732778 0.7269018 0.7425588 0.7709766 0.7894264 0.7827564 0.787651 0.7809828 0.7661153 0.7722074 0.7826868 0.7568817 0.7270901 0.7295981 0.7600194 0.7262443 0.7116101 0.7205031 0.7345812 0.7251346 0.6893725 0.7078409 0.6976013 0.7120854 0.7197923 0.7306907
0.7944895 0.7937951 0.7855241 0.7597077 0.7167447 0.688136 0.6778691 0.7242237 0.7139561 0.716049 0.7687823 0.7507764 0.7261512 0.7788824 0.7642255 0.770303 0.7464744 0.7724889 0.7598249 0.7363948 0.6531528 0.6038042 0.7155486 0.7571139 0.7596021 0.7616918 0.7434458 0.6905091 0.6906056 0.6795377 0.7075468 0.7656693 0.7358597 0.7188102 0.7436295 0.7560883 0.7430277 0.7467149 0.7519977 0.734154 0.7358494 0.6609863 0.6650756 0.7190087 0.7278846 0.7574958 0.7867092 0.7812329 0.76858 0.7750677 0.7771701 0.7443541 0.7767617 0.7645109 0.7598375 0.7336328 0.6918783 0.7211018 0.7144395 0.7009997 0.6807826 0.7339359 0.7372476 0.7206234 0.6960257 0.716089 0.722995 0.7275103 0.7248498
0.796334 0.7892588 0.7574609 0.7272573 0.7449026 0.7242677 0.6490043 0.7017376 0.7002412 0.7577587 0.7805848 0.7031628 0.7766277 0.7831033 0.7831985 0.7769136 0.7694323 0.7743119 0.7544692 0.7218664 0.6322432 0.6801867 0.7380991 0.7517507 0.7677948 0.769883 0.7480467 0.6990959 0.6820449 0.7435469 0.7460349 0.7782348 0.772348 0.7457271 0.7621711 0.7818056 0.7743257 0.7688402 0.7745199 0.7674406 0.7723242 0.6687499 0.7226806 0.7371362 0.7687387 0.7808036 0.7964578 0.776226 0.7551977 0.7469302 0.7215176 0.736147 0.7801164 0.729983 0.7213202 0.6887341 0.65894 0.6554647 0.6882763 0.7198929 0.7120351 0.7277046 0.7389894 0.7299396 0.7169037 0.7457377 0.7243312 0.7396107 0.759278
0.7626888 0.7504289 0.7449471 0.7402623 0.7256081 0.7081621 0.6540312 0.6640976 0.7303867 0.771953 0.7792271 0.7396828 0.7804494 0.7813412 0.7818338 0.782326 0.7620836 0.769753 0.7455226 0.6953735 0.6089388 0.7246675 0.7522738 0.7603415 0.7692068 0.7665084 0.7083846 0.7355925 0.744857 0.7597044 0.7801343 0.7569043 0.763377 0.7830088 0.7799125 0.763658 0.7832912 0.7865764 0.7854759 0.7791921 0.7956377 0.7056189 0.7595477 0.7747992 0.773304 0.7877595 0.7966334 0.7548677 0.7011403 0.6609713 0.7061349 0.7574437 0.7902463 0.774802 0.7434089 0.6685538 0.6363657 0.6093624 0.6218362 0.7016991 0.741689 0.7422045 0.738335 0.7364607 0.7405692 0.7602301 0.7615503 0.7712457 0.7745626
0.7473844 0.7191738 0.7268496 0.7377145 0.685976 0.676105 0.6690249 0.7612317 0.7748851 0.7259352 0.7108783 0.7738084 0.7671229 0.7500697 0.7776757 0.7582294 0.7758662 0.7759579 0.7445487 0.6967908 0.6506277 0.7368478 0.7576738 0.7697275 0.778591 0.7814736 0.7432855 0.7401872 0.7697861 0.7802454 0.7265071 0.7024754 0.7380547 0.7624697 0.7370419 0.737533 0.7683293 0.7903536 0.7812763 0.7905421 0.7842572 0.7855493 0.7960133 0.7989017 0.7950122 0.777965 0.7995969 0.7733803 0.7264298 0.685063 0.7437819 0.7795345 0.7943917 0.7729643 0.7607091 0.7313092 0.6879541 0.6150934 0.6554774 0.7201862 0.7434271 0.7570992 0.746848 0.7565356 0.7474837 0.7731238 0.7768347 0.7809457 0.7703049
0.7787316 0.7341714 0.7111427 0.7040631 0.6870143 0.6938896 0.7593799 0.7152146 0.7755201 0.73255 0.7370304 0.7760324 0.7613708 0.7794058 0.7555722 0.7217695 0.7713045 0.7662111 0.7232367 0.6714899 0.6532373 0.7482283 0.7610778 0.7707373 0.7823905 0.757758 0.7730002 0.7495642 0.7787627 0.7345923 0.7003907 0.725799 0.7270846 0.7211931 0.7543791 0.7744068 0.776093 0.7789758 0.7690992 0.7763693 0.744563 0.7606066 0.7798412 0.7883101 0.8007675 0.7900983 0.7870063 0.7512179 0.695892 0.6808402 0.7475322 0.7924505 0.7889638 0.7499896 0.7437137 0.7131154 0.7088357 0.6965823 0.7098497 0.7267075 0.7551298 0.7580341 0.7677183 0.769429 0.7627677 0.7816274 0.7817476 0.7715021 0.7540808
0.751462 0.7695036 0.7512589 0.7354056 0.7410843 0.7316096 0.7468569 0.7298048 0.6896254 0.6917123 0.720116 0.7760324 0.7608004 0.7620866 0.7302766 0.7491068 0.7519872 0.7448984 0.6592569 0.641003 0.6957192 0.7153459 0.7425485 0.7773274 0.7590731 0.7464014 0.7700153 0.7748885 0.7841481 0.7595143 0.6850379 0.6980806 0.7268777 0.7329469 0.7329469 0.7589537 0.7686123 0.7252381 0.7141631 0.7218294 0.6995906 0.7471325 0.7599844 0.7648623 0.7888803 0.8033296 0.7974434 0.771621 0.7916549 0.7674294 0.7786928 0.7929034 0.7850273 0.7667849 0.7461511 0.7223285 0.7196406 0.7317073 0.7393892 0.721154 0.7427947 0.7640378 0.7681361 0.7810085 0.7719511 0.776054 0.7845445 0.7814731 0.769232
0.7683535 0.7572866 0.7135216 0.7538912 0.7547842 0.7453093 0.7202825 0.7239648 0.6913606 0.7113903 0.7374004 0.745068 0.7346192 0.7530505 0.7248281 0.7273088 0.7162317 0.7071481 0.7487049 0.6666503 0.6691295 0.7059006 0.7482541 0.7471441 0.7687626 0.7166134 0.7218835 0.7634392 0.7623294 0.7755747 0.7621042 0.7237058 0.7090376 0.7334469 0.7706164 0.7830638 0.7660045 0.650456 0.6306064 0.6685756 0.6886018 0.746908 0.7697266 0.7598488 0.7982199 0.7923311 0.7832531 0.7933157 0.8065692 0.8026775 0.7928057 0.8030234 0.7867716 0.7832808 0.773411 0.7089146 0.7421119 0.7549741 0.7419192 0.7208908 0.7106298 0.7701504 0.775842 0.7787439 0.7824445 0.7817603 0.7870589 0.7819917 0.7474192
0.7689941 0.7690908 0.7412747 0.7106664 0.7342866 0.7180317 0.7233083 0.696286 0.6780354 0.6980638 0.7212812 0.779588 0.7583699 0.749685 0.749772 0.7498587 0.749546 0.746442 0.7365592 0.7318595 0.7143998 0.7033198 0.7281269 0.7680858 0.7406571 0.7056521 0.7336488 0.7349297 0.7429892 0.7741762 0.7630963 0.7617767 0.7303595 0.7487855 0.776782 0.7409794 0.7370769 0.5896268 0.5318945 0.6201035 0.6708311 0.7482751 0.763117 0.7815483 0.7796441 0.7733546 0.768262 0.7962661 0.8027389 0.8056239 0.80213 0.8003799 0.7944936 0.8005705 0.7739516 0.6859272 0.7434458 0.7662747 0.7540154 0.7337825 0.7462479 0.7774557 0.7863352 0.7812599 0.7917374 0.785469 0.7855821 0.7561894 0.7527168
0.7524871 0.7549752 0.7159927 0.7085106 0.6966414 0.696335 0.6824706 0.6418896 0.7053802 0.6791527 0.7191163 0.7558894 0.7554025 0.7279751 0.727263 0.7277469 0.7449777 0.7406756 0.7220186 0.7420394 0.760864 0.7517762 0.7550491 0.7654994 0.7432526 0.7102394 0.7007522 0.7068162 0.7439825 0.7703826 0.7796369 0.7464131 0.7413113 0.7561467 0.7650014 0.7750525 0.7460271 0.585815 0.4878078 0.5433177 0.6239492 0.7372782 0.7561054 0.7534012 0.729564 0.7906604 0.7907496 0.798017 0.7973104 0.7934148 0.7847351 0.7642385 0.7994208 0.8011095 0.7740897 0.7263364 0.7663083 0.7572356 0.7393917 0.7709936 0.7667098 0.7723961 0.7980208 0.7989247 0.7990327 0.7867811 0.7613726 0.7670675 0.7328895
0.7567132 0.7217182 0.7345715 0.6768461 0.6705581 0.6558956 0.6783155 0.6516892 0.6920515 0.6985196 0.7416718 0.7672784 0.7069762 0.7058645 0.715917 0.6745311 0.6837853 0.6826715 0.702691 0.7015768 0.7519004 0.7491907 0.7676142 0.7668977 0.7586051 0.7307742 0.7272663 0.7141887 0.7322131 0.7637951 0.7511167 0.7206793 0.7351139 0.7216365 0.6993872 0.7560896 0.7477967 0.7040164 0.591652 0.5773798 0.6504331 0.7035496 0.748692 0.664243 0.7046016 0.7696835 0.8016701 0.8033531 0.7934733 0.7461125 0.7497918 0.7775378 0.7883945 0.8064297 0.791769 0.7587672 0.7748122 0.7458003 0.7231693 0.7683265 0.7775978 0.8028205 0.8005311 0.8042241 0.7971528 0.7908804 0.7315763 0.7304908 0.7473502
0.7601404 0.7163717 0.7459711 0.7121692 0.6687965 0.7031783 0.7012736 0.730869 0.7297602 0.7705188 0.7662187 0.7415823 0.6597444 0.6901318 0.6977902 0.6819221 0.642129 0.6856731 0.7009061 0.7368733 0.7469218 0.7470016 0.7562522 0.7706864 0.7715631 0.7596797 0.7466003 0.7538568 0.7531384 0.7623887 0.7425308 0.7206793 0.7237301 0.7018771 0.7314625 0.7674282 0.7671084 0.7504405 0.6639926 0.6708517 0.682895 0.7061037 0.7177492 0.627317 0.7398466 0.7666467 0.7970364 0.7791789 0.7673031 0.7291113 0.7686756 0.7980109 0.8084667 0.8105501 0.8050584 0.7832192 0.782116 0.7363547 0.761571 0.7855927 0.8020395 0.8069239 0.80543 0.8067287 0.7988575 0.7862031 0.7257007 0.6911186 0.7283119
0.734059 0.7241822 0.7374319 0.7323383 0.7001292 0.6918438 0.7593193 0.7729633 0.7842143 0.7472162 0.7138063 0.7099029 0.6495936 0.6672195 0.6573314 0.661399 0.6973657 0.720572 0.7362019 0.7366791 0.7487197 0.7495951 0.7576476 0.7549338 0.7741509 0.7690443 0.7475893 0.7476665 0.7525286 0.7645682 0.756272 0.732425 0.6999823 0.739933 0.7507751 0.7679978 0.7668784 0.7601771 0.7151967 0.7124836 0.6938214 0.7146356 0.6568975 0.6051413 0.7356123 0.7340996 0.7700694 0.7514122 0.7207935 0.7248664 0.7771885 0.8073153 0.7858694 0.7827669 0.8091727 0.8016863 0.7862262 0.7627925 0.7947855 0.7976714 0.8085336 0.8002573 0.7979636 0.7992602 0.8013558 0.7679645 0.7381635 0.669287 0.6969085
