02_Processed_Data/Guangdong-driving/Tem/txt/txt-00.txt
ncols         755
nrows         605
xllcorner     491130
yllcorner     2101946
cellsize      1000
NODATA_value  -9999
[rows 124 to 154 of 605, columns 552 to 620 of 755]
0.7334971 0.7234748 0.7159183 0.6584683 0.6249577 0.6432983 0.6708239 0.6680592 0.7263159 0.7251732 0.7308222 0.7388765 0.7238163 0.7239205 0.7240369 0.7165889 0.708355 0.7188732 0.72382 0.7315689 0.7217835 0.7179898 0.7325385 0.7183948 0.7114381 0.7084785 0.721877 0.7308984 0.7239792 0.7254422 0.7261164 0.7216157 0.7151293 0.7082524 0.6965987 0.6957188 0.7008277 0.7246852 0.7405751 0.7469025 0.7484517 0.7496094 0.7507194 0.7530844 0.7526647 0.7534476 0.7542366 0.751842 0.7522443 0.7518548 0.7506736 0.7498967 0.74753 0.7487575 0.7456035 0.7392648 0.7405072 0.7413553 0.7410117 0.7326979 0.7204008 0.717678 0.6977212 0.673472 0.670759 0.6828034 0.6681353 0.6817817 0.6834692
0.7407455 0.7255334 0.6621492 0.6641067 0.6943902 0.7047511 0.711139 0.7091676 0.7191721 0.7327793 0.7336398 0.7408931 0.7322093 0.7323105 0.7212587 0.716599 0.7083619 0.7184786 0.7214288 0.7251874 0.7237729 0.7343311 0.7317344 0.7343354 0.7186036 0.7156414 0.7206637 0.7328724 0.7199696 0.7190375 0.716121 0.7136111 0.7055276 0.7066232 0.7049357 0.7064458 0.7075651 0.7162682 0.7221872 0.7436647 0.7488006 0.7491584 0.7506678 0.7514356 0.753805 0.7549847 0.7525817 0.7517796 0.7521799 0.7521873 0.7522004 0.7522187 0.7510464 0.7510754 0.7487172 0.7435727 0.7416229 0.7480518 0.7477062 0.7342068 0.7207115 0.7215753 0.6888589 0.6558356 0.6710643 0.6687518 0.664848 0.6836762 0.6837665
0.7216793 0.6869225 0.6901253 0.712015 0.7247486 0.7283263 0.7319185 0.7367215 0.7307726 0.7403886 0.7392518 0.7333432 0.7354223 0.7323303 0.7260603 0.7114287 0.7147524 0.7204797 0.7270158 0.7259867 0.7169931 0.7307388 0.726149 0.7367219 0.7281651 0.7116429 0.725036 0.7216913 0.7127731 0.7118387 0.7224767 0.7167748 0.7054986 0.7077882 0.7104846 0.7024226 0.7139069 0.7182212 0.7237394 0.7332522 0.7451646 0.749109 0.7506188 0.7521821 0.7537519 0.7557268 0.7549167 0.7545114 0.7537133 0.7537185 0.7541282 0.7537457 0.7541664 0.7525985 0.7514344 0.7395093 0.7451338 0.752358 0.7444344 0.7325279 0.7373731 0.7182975 0.7095062 0.6629237 0.6438583 0.6834122 0.6978487 0.6807877 0.6864588
0.7241478 0.7256705 0.7316619 0.7455713 0.7503253 0.746721 0.7447264 0.7391583 0.737193 0.7336466 0.7325065 0.7273918 0.7222903 0.7128152 0.712922 0.7162308 0.7231399 0.7272695 0.7166566 0.724397 0.7281604 0.7191747 0.7277445 0.7367197 0.7345399 0.7315725 0.7333993 0.723672 0.7163463 0.7082319 0.7148799 0.7111691 0.7050744 0.7137414 0.7232137 0.7171432 0.7138716 0.7149936 0.7121359 0.7176589 0.7443227 0.7486637 0.7513703 0.752134 0.7541003 0.7556742 0.756457 0.7560495 0.755648 0.7560498 0.7564574 0.7564717 0.7556939 0.7549216 0.7545529 0.7537906 0.7538307 0.7462993 0.7447537 0.7464024 0.7344983 0.7106361 0.670743 0.6859639 0.686435 0.7060496 0.7224779 0.7169788 0.695533
0.7401766 0.7389017 0.7373147 0.7532127 0.7543731 0.7535557 0.7507597 0.7455863 0.7384337 0.7396686 0.7345375 0.7086849 0.6995926 0.7000825 0.7045726 0.7106695 0.7243544 0.7137273 0.7094912 0.7148361 0.7185968 0.697646 0.7325338 0.7391137 0.7413173 0.7160174 0.725019 0.7160864 0.721119 0.7181858 0.7108752 0.714738 0.7253877 0.7312611 0.7295665 0.7226959 0.7202194 0.7089781 0.7117003 0.7247973 0.7375025 0.7490187 0.7505298 0.7524874 0.7544514 0.7552257 0.7560062 0.7571915 0.7571868 0.7579853 0.7575932 0.7580041 0.7572243 0.7568485 0.7572752 0.7565109 0.7529601 0.7422369 0.7355055 0.7479185 0.7407972 0.7360727 0.7228962 0.7205701 0.710672 0.7035687 0.7287673 0.7208737 0.7097933
0.7442462 0.748149 0.7545349 0.7572693 0.7584252 0.7580021 0.7472273 0.7372651 0.7484511 0.7460938 0.7274018 0.7103182 0.6940451 0.7124755 0.7153674 0.7162774 0.6888883 0.6886255 0.6851839 0.6965071 0.717012 0.7088178 0.7337383 0.7391191 0.7381301 0.710036 0.6927176 0.7124918 0.7007747 0.7070099 0.7076713 0.7051517 0.7225776 0.7336321 0.7335297 0.7274541 0.7062343 0.7141305 0.7228313 0.7355272 0.7390591 0.7473829 0.7492937 0.7516477 0.7536095 0.7551789 0.7567546 0.7587355 0.7583297 0.7595247 0.759928 0.7595392 0.759156 0.7591769 0.7596015 0.7580375 0.7580734 0.7389744 0.7358298 0.738272 0.721579 0.7020989 0.7208224 0.7372355 0.7329175 0.7170399 0.7199069 0.7383283 0.7296386
0.7598831 0.7589948 0.750227 0.7513617 0.7485256 0.7548772 0.7548644 0.7520759 0.7465108 0.7353778 0.7206697 0.7003928 0.6976737 0.7005497 0.677121 0.6852052 0.640667 0.6208625 0.672046 0.6937333 0.7062604 0.7008545 0.7217886 0.7359387 0.737738 0.692096 0.6699899 0.677799 0.6541165 0.6731089 0.6765589 0.7047399 0.7181759 0.7236454 0.7355029 0.7098864 0.6890625 0.6969562 0.7200096 0.7267219 0.7266627 0.7433577 0.7468644 0.750811 0.7535679 0.7523441 0.7567088 0.7586873 0.7602728 0.761067 0.7610692 0.7610773 0.7614895 0.7607106 0.7603356 0.7599659 0.7592022 0.7452846 0.7373529 0.7342106 0.7446303 0.7430915 0.7474608 0.7295797 0.7272534 0.7273235 0.7238086 0.7450194 0.7470937
0.7595741 0.750705 0.7439304 0.7482502 0.7521884 0.7465734 0.7433671 0.7433661 0.7417848 0.7274582 0.7139429 0.686485 0.6821675 0.5865502 0.6572218 0.6409793 0.5621457 0.5614777 0.5983031 0.6825902 0.6616196 0.6586029 0.7337677 0.7247877 0.7257862 0.6976863 0.6668046 0.6626486 0.6353745 0.660744 0.6797424 0.7111107 0.7161703 0.7272194 0.725517 0.6739795 0.6607295 0.6865641 0.7016402 0.7083499 0.7234406 0.7261774 0.7181212 0.7264515 0.7455547 0.7503095 0.7526784 0.7566483 0.7590292 0.7610173 0.7618148 0.7626181 0.7618318 0.7614496 0.7622688 0.7626943 0.762726 0.7603698 0.7484487 0.7524818 0.7549244 0.7505924 0.7525699 0.7586114 0.7538906 0.7459838 0.7440616 0.7369595 0.7466079
0.7544849 0.7480023 0.7464116 0.747537 0.7514708 0.749042 0.7446355 0.7418393 0.7398558 0.7366902 0.7223738 0.6075873 0.5546193 0.567457 0.5990483 0.605132 0.5789294 0.5993915 0.6501697 0.686604 0.7027135 0.6797566 0.7230231 0.7248058 0.7126426 0.6961032 0.6915359 0.6786043 0.6373713 0.6842701 0.6917021 0.7031302 0.7165607 0.7272086 0.7091549 0.6919068 0.6631032 0.6853465 0.7004201 0.7162986 0.7070633 0.7217599 0.7204834 0.7064817 0.7180063 0.727145 0.6952193 0.7482327 0.7565923 0.7597744 0.7609685 0.7629658 0.7621772 0.7625902 0.7630085 0.7638308 0.7646576 0.7650907 0.7651299 0.7639769 0.75924 0.7521148 0.7524979 0.7489673 0.7542132 0.7510891 0.74757 0.7424594 0.7465234
0.7545844 0.7520834 0.7512913 0.7540073 0.7539498 0.7515168 0.7471065 0.7395216 0.737933 0.7212065 0.7060888 0.668655 0.5642452 0.589839 0.6218255 0.6442541 0.6603149 0.6795772 0.6833 0.6966038 0.7087224 0.7176617 0.7182639 0.736392 0.7118644 0.7196454 0.7003214 0.6814057 0.6553219 0.7093951 0.7176217 0.6975462 0.7141638 0.7240114 0.7290822 0.6851157 0.686215 0.6937023 0.6832536 0.7067057 0.7174053 0.7145548 0.719659 0.7084461 0.7123922 0.722326 0.7175124 0.725864 0.7497725 0.7573385 0.7601253 0.7617216 0.7633232 0.763734 0.7645488 0.7645713 0.766991 0.7678207 0.7670602 0.7667027 0.7615647 0.7540386 0.756815 0.7524848 0.7501524 0.7390515 0.7403151 0.7475635 0.753619
0.7534934 0.752183 0.7478046 0.7445351 0.7436761 0.7440304 0.7424073 0.7392047 0.7324284 0.7077229 0.7073548 0.6882592 0.594213 0.6102331 0.6087211 0.6411148 0.6818939 0.6983615 0.7016817 0.707406 0.7127424 0.7164949 0.7354406 0.7356217 0.7362119 0.7025199 0.7027311 0.6706539 0.6672956 0.7086058 0.7252031 0.6991435 0.706986 0.7248055 0.7183101 0.6890943 0.6953747 0.6940868 0.7063641 0.7234337 0.7197759 0.7021691 0.7156481 0.7203825 0.7207374 0.7203013 0.7138907 0.7242335 0.7286012 0.734171 0.753304 0.7604803 0.7624785 0.7648808 0.7660922 0.7669099 0.7681313 0.7689587 0.7685945 0.7686337 0.7682786 0.7571617 0.761135 0.7572014 0.7616454 0.749346 0.7486138 0.7454928 0.7519449
0.7635739 0.751492 0.7431299 0.7430463 0.7377969 0.7377483 0.7361209 0.7225466 0.7053988 0.7217597 0.7193937 0.7086676 0.6285734 0.6330258 0.6231361 0.6351897 0.6540341 0.6712953 0.6494911 0.703061 0.7235461 0.7249023 0.7450456 0.7193049 0.7370377 0.7101212 0.7071391 0.6798434 0.7031979 0.7325428 0.7256111 0.7186881 0.7177553 0.7407557 0.7171113 0.6954691 0.6993544 0.7140136 0.7123321 0.7325889 0.7245424 0.7061355 0.7208118 0.7259424 0.7258962 0.7214702 0.7242281 0.7150301 0.7094266 0.7245642 0.7177764 0.7480777 0.7604409 0.7656322 0.7660436 0.7676564 0.7688757 0.7697008 0.7705307 0.7709665 0.7714068 0.7706549 0.771439 0.7679021 0.7567929 0.7504724 0.7457507 0.7470137 0.7550586
0.7497374 0.7456256 0.7340789 0.7280096 0.7395031 0.7402474 0.7238618 0.7254353 0.727821 0.7258352 0.7015336 0.6919994 0.6892571 0.614355 0.6335695 0.6508026 0.6792129 0.6410446 0.6363825 0.7126771 0.7343548 0.732916 0.7171736 0.7197401 0.7183296 0.7440439 0.7211213 0.7089747 0.7227561 0.7457178 0.749549 0.7498007 0.7472699 0.7435515 0.7454238 0.6978602 0.7069265 0.7243741 0.739836 0.7313807 0.7085779 0.7228656 0.7239856 0.7243287 0.7318559 0.7314149 0.7257968 0.7221786 0.720959 0.7185493 0.7277089 0.7292982 0.7432541 0.7508355 0.761612 0.7632227 0.7632432 0.7704462 0.7712738 0.7713086 0.7721452 0.7725874 0.7741699 0.7618584 0.7567284 0.752798 0.7504665 0.7545186 0.7505991
0.7530566 0.7337878 0.7453756 0.7496684 0.7408205 0.7323883 0.7255673 0.735908 0.7251301 0.6844611 0.6741107 0.6817178 0.6809647 0.6176216 0.6312492 0.6349207 0.6565478 0.7057006 0.6583688 0.7270833 0.7431746 0.7229913 0.7132311 0.7237689 0.7351146 0.7524517 0.7466717 0.748079 0.7486984 0.7389601 0.7220533 0.7374541 0.749275 0.7507372 0.7534043 0.7504971 0.7495918 0.7427133 0.7406276 0.7273845 0.7193328 0.7164719 0.7279602 0.7231169 0.7374204 0.7290019 0.7321537 0.7341154 0.7205325 0.7245002 0.7216951 0.7428204 0.7420205 0.7380359 0.7571837 0.7595895 0.746848 0.7496625 0.7676338 0.7704575 0.772887 0.7733271 0.7741128 0.7701727 0.7534765 0.7583166 0.7583754 0.7576402 0.7553135
0.7603756 0.7498744 0.7259813 0.7350526 0.7501232 0.7428811 0.7364531 0.7344269 0.6841678 0.6893489 0.6809871 0.6814117 0.6874321 0.6890798 0.6879491 0.6832425 0.6980866 0.7261015 0.7062789 0.7418934 0.7165112 0.718255 0.7152748 0.7250111 0.7355556 0.7433192 0.7351431 0.739737 0.7471317 0.7377887 0.7248662 0.7406626 0.7449043 0.7443697 0.7470338 0.7509024 0.7555767 0.7562715 0.7521893 0.7329623 0.7280979 0.7284241 0.7458948 0.7282891 0.7397987 0.7449349 0.7301406 0.7416698 0.7368566 0.7236757 0.7364193 0.7479724 0.7320176 0.7296258 0.7340177 0.7392124 0.7527856 0.7396479 0.737281 0.7528623 0.770043 0.7704808 0.7708687 0.7709137 0.7681715 0.756262 0.7579135 0.7523912 0.7516572
0.7457802 0.7149359 0.6786871 0.7088842 0.6721109 0.6752294 0.6679974 0.6659649 0.6802966 0.6782946 0.6759083 0.6819098 0.697495 0.6923591 0.7043821 0.6964806 0.6774268 0.6551954 0.7131236 0.7088595 0.7054043 0.702359 0.7125382 0.7250618 0.7336088 0.7405713 0.725613 0.7317982 0.7467656 0.7406092 0.7284809 0.7331092 0.7421327 0.7435889 0.7550222 0.7592865 0.7587742 0.7594662 0.7553811 0.7437277 0.7420501 0.7403802 0.751073 0.7358572 0.7409843 0.7477129 0.7464733 0.7492276 0.7432156 0.7423936 0.7467608 0.7431592 0.7355756 0.7343776 0.7383683 0.7435607 0.7451693 0.7264469 0.7232801 0.7312828 0.750455 0.7592641 0.7640391 0.7740505 0.7713061 0.7601918 0.7622398 0.759905 0.7511941
0.6901286 0.6401362 0.6345931 0.6141416 0.6287987 0.6466635 0.6513869 0.6724751 0.6708506 0.6780136 0.6839952 0.6907884 0.6872286 0.693252 0.708061 0.7141107 0.6424178 0.6740123 0.6749157 0.6826094 0.6974921 0.6884616 0.7054201 0.6884329 0.7169131 0.736233 0.7236635 0.7370226 0.7372327 0.7346617 0.7317013 0.7347312 0.7433527 0.7499894 0.7582296 0.7517249 0.7595832 0.7602723 0.755387 0.7536992 0.7528166 0.7443649 0.7526665 0.7450243 0.749351 0.745311 0.7556322 0.7400418 0.7256536 0.7375889 0.7403587 0.7443307 0.7411308 0.7463102 0.7479061 0.7451211 0.7355626 0.7307938 0.7296183 0.7288465 0.7448263 0.7532344 0.7723651 0.7771906 0.7780324 0.7601372 0.7569991 0.7654284 0.7615001
0.6647922 0.6283489 0.5713682 0.6055366 0.6405218 0.6508031 0.6734626 0.6845752 0.6777602 0.6689671 0.6797276 0.6833249 0.6921204 0.6869735 0.7057649 0.6974548 0.6464914 0.5975347 0.6024207 0.6376235 0.6604767 0.659018 0.6827561 0.6853033 0.7277356 0.7358866 0.7217183 0.7167317 0.7237169 0.7315096 0.7329321 0.7451298 0.748963 0.7567928 0.7586501 0.7469585 0.751624 0.7594875 0.7597826 0.7584907 0.7548141 0.7467586 0.7462889 0.7382451 0.7565253 0.7560713 0.7456554 0.7376382 0.7399948 0.7359776 0.7355551 0.7478981 0.7431009 0.7426954 0.7438902 0.7454889 0.7411115 0.7411115 0.7391315 0.7431375 0.7447557 0.7455808 0.7675019 0.7703272 0.7659789 0.7759897 0.7724469 0.7597368 0.7617837
0.6566098 0.6285326 0.6134192 0.6212627 0.654645 0.6637223 0.6692283 0.6759477 0.6866707 0.6874408 0.69341 0.6989951 0.6934296 0.6978471 0.708658 0.6756204 0.609101 0.571703 0.571703 0.5558496 0.5938388 0.6513784 0.6452039 0.670863 0.688558 0.7273977 0.6988605 0.703828 0.7000336 0.6723247 0.7187922 0.7210084 0.7248293 0.7422166 0.7568216 0.753891 0.7453861 0.7516435 0.7503329 0.7605939 0.7620903 0.7619994 0.7627225 0.7622449 0.7621731 0.7549309 0.7273597 0.7388719 0.7416183 0.7439723 0.7423449 0.7443123 0.7442918 0.752252 0.7426727 0.7406751 0.7370876 0.7478601 0.7490675 0.7474888 0.7495033 0.7575035 0.7718495 0.751545 0.7531757 0.7572029 0.7688101 0.7505151 0.7445848
0.6514192 0.6308894 0.6382931 0.6323494 0.6409825 0.6560148 0.6443497 0.663007 0.6721115 0.6700677 0.6891733 0.6879585 0.6823726 0.6955422 0.7067325 0.6956069 0.6382403 0.543405 0.4701149 0.4662188 0.5452742 0.6179616 0.5866667 0.6458157 0.6914189 0.7274632 0.6969281 0.7014931 0.6793528 0.7118506 0.7315986 0.7358051 0.7380275 0.7350755 0.7512723 0.7515283 0.7501979 0.7520659 0.7543408 0.7590165 0.7537313 0.7616125 0.7595456 0.7606599 0.7601867 0.7617142 0.7556723 0.7440546 0.7463996 0.737985 0.7411398 0.7538708 0.7486639 0.7534316 0.7490335 0.7486284 0.7418485 0.7450425 0.7522287 0.7578248 0.7554507 0.7522836 0.7710167 0.7550961 0.7583192 0.7699203 0.7747464 0.7751902 0.77484
0.6328883 0.643853 0.6221411 0.6257649 0.6144535 0.6306744 0.6297679 0.66357 0.6690785 0.6817812 0.6929054 0.6988612 0.7052315 0.7076288 0.6996736 0.6737885 0.6961656 0.5841791 0.5192575 0.4942231 0.5357916 0.5674036 0.6816506 0.6953385 0.7245888 0.7303246 0.7276973 0.7075365 0.6706386 0.7282538 0.7372319 0.738245 0.7428564 0.7474773 0.7401447 0.7439862 0.7482349 0.7512962 0.7571568 0.7550508 0.7569401 0.751261 0.7464036 0.7530978 0.7609953 0.7617226 0.7624565 0.7588111 0.7519824 0.7439637 0.7323623 0.7570529 0.7490525 0.7506275 0.7502143 0.741433 0.7414292 0.7513994 0.7749316 0.7581956 0.7625978 0.7558395 0.7717823 0.7749991 0.7710425 0.7754637 0.7579577 0.7699626 0.7688126
0.6825476 0.6743661 0.6514511 0.622375 0.5667954 0.5351596 0.6351281 0.6637394 0.6792095 0.6871201 0.691459 0.7005982 0.7065632 0.7033721 0.6922208 0.6304432 0.6747456 0.6141918 0.6154566 0.6227158 0.6419497 0.6651835 0.7000803 0.7161561 0.7115089 0.7248165 0.7201916 0.7115904 0.7105757 0.7334962 0.7392808 0.7402904 0.7444994 0.7455282 0.7517498 0.7404356 0.7450801 0.7509291 0.7559893 0.7506901 0.7565639 0.739717 0.748817 0.7487295 0.7530355 0.7605386 0.7632636 0.7659954 0.7595624 0.7631046 0.7526969 0.7510679 0.7490457 0.7581944 0.7434239 0.7545772 0.7505834 0.7780957 0.7597574 0.7701335 0.7677546 0.7649813 0.7733491 0.7741708 0.7769905 0.7682506 0.7559258 0.7767007 0.7703647
0.6903426 0.6805597 0.6580368 0.5926716 0.5271163 0.5313604 0.6552466 0.6726857 0.6857563 0.6968501 0.7019795 0.7043337 0.7043111 0.696329 0.6783931 0.636547 0.6896163 0.6928563 0.6873373 0.6858189 0.6783321 0.6441419 0.6878108 0.662014 0.6984333 0.6882107 0.6464986 0.6729828 0.7150289 0.7283757 0.7301692 0.7359601 0.7417607 0.7380009 0.7438205 0.7249268 0.7383405 0.7477752 0.7524334 0.733175 0.7406409 0.7389433 0.7504368 0.7527387 0.7490671 0.7513835 0.7592896 0.7652085 0.7603679 0.7615148 0.7638642 0.7654223 0.7558216 0.7645688 0.7458082 0.7557627 0.7768875 0.767314 0.7441881 0.7653276 0.7729148 0.774924 0.7581722 0.7709537 0.7665933 0.7622373 0.7658598 0.7718787 0.7559705
0.6634502 0.655256 0.6434926 0.5534015 0.5911146 0.5750155 0.6550327 0.6764524 0.6867247 0.6994069 0.6997445 0.6969086 0.7004684 0.6908852 0.6633736 0.6406615 0.6618257 0.6742312 0.6954231 0.6911084 0.6572997 0.6290858 0.6871095 0.6318011 0.7116791 0.6942749 0.6936294 0.7097424 0.7151001 0.733228 0.7326253 0.7340264 0.7374312 0.7420415 0.7219393 0.7209859 0.7288137 0.7394415 0.7452927 0.7367976 0.7219306 0.7337874 0.7381045 0.7543598 0.7530774 0.751005 0.7589081 0.7496718 0.7611771 0.7639162 0.7650668 0.765426 0.7665887 0.7613772 0.7685323 0.7729019 0.7661118 0.7613206 0.760522 0.7545444 0.7609327 0.7561609 0.768917 0.7701325 0.7621809 0.7566261 0.7570563 0.7638702 0.7539405
0.6828152 0.6566711 0.6145966 0.6002632 0.6295958 0.6282435 0.6643919 0.6858049 0.696868 0.6824289 0.6620254 0.6635691 0.6786864 0.6639135 0.6100787 0.532334 0.6180893 0.6687693 0.6389166 0.6365906 0.6358727 0.6383576 0.6871095 0.6155482 0.7145616 0.7115082 0.7256122 0.715404 0.723549 0.730907 0.7306995 0.7348881 0.7362955 0.7448899 0.733158 0.7242263 0.7332472 0.7362955 0.7313777 0.7372341 0.7367189 0.7382054 0.7477072 0.7368448 0.7427372 0.7482378 0.7469669 0.7441077 0.7564076 0.7615366 0.761887 0.7638385 0.7498461 0.7621768 0.7657406 0.7693099 0.7625173 0.7649008 0.7656946 0.7489484 0.750948 0.7537497 0.7677031 0.7697135 0.7489998 0.7478285 0.7378889 0.7359279 0.7359644
0.7025809 0.6692533 0.6315587 0.5761503 0.6174386 0.6539607 0.6829251 0.6907741 0.6870772 0.6642578 0.6681714 0.6880513 0.692795 0.611027 0.6150044 0.4997723 0.5915033 0.6346016 0.6486057 0.645876 0.651932 0.628095 0.6505251 0.6276104 0.6859477 0.7207708 0.7209145 0.7270508 0.7284134 0.7313815 0.7323665 0.7457226 0.7391515 0.7381728 0.7324184 0.7290659 0.7332985 0.735945 0.731024 0.731295 0.7443338 0.7394373 0.7501366 0.7281063 0.7312045 0.7374998 0.7350299 0.7218005 0.7428699 0.7464014 0.7523312 0.7514887 0.7614183 0.7669676 0.765345 0.7709054 0.7645089 0.765295 0.764491 0.7648883 0.7537267 0.7561271 0.768088 0.7613235 0.7362208 0.7438195 0.7286937 0.7155653 0.7052318
0.7095888 0.6583117 0.6026673 0.6377694 0.6642979 0.6792815 0.6847135 0.6762075 0.6689156 0.674002 0.6882768 0.6953907 0.6861724 0.5884487 0.5629134 0.5501531 0.5589397 0.6040266 0.6555074 0.6316394 0.6093797 0.5675945 0.6107548 0.6915134 0.7171493 0.7328285 0.7214047 0.7283345 0.7280981 0.7298663 0.7332401 0.7445989 0.7356319 0.7374409 0.7304869 0.731517 0.7321579 0.7332061 0.7286806 0.738917 0.7403894 0.7346922 0.7465888 0.733328 0.7360245 0.7235759 0.7099381 0.704282 0.7297351 0.743232 0.7387918 0.7578838 0.7522597 0.7637873 0.7637571 0.7641312 0.7649093 0.7633004 0.7648863 0.7632871 0.7569081 0.7668819 0.754919 0.7445633 0.7254393 0.7134969 0.6907923 0.6656991 0.6796866
0.649609 0.6772775 0.5558342 0.6619081 0.6756706 0.6766918 0.6486231 0.6201736 0.6643136 0.6382918 0.6573455 0.6907707 0.6955027 0.6647624 0.5463139 0.5933598 0.6129073 0.6396468 0.6356971 0.6022543 0.568825 0.6259239 0.6830358 0.7115581 0.7232338 0.7078068 0.7159175 0.7184573 0.7281856 0.7387226 0.7397002 0.7311182 0.7361037 0.7327254 0.7329456 0.7307824 0.7350085 0.7332624 0.7239489 0.7341822 0.7312652 0.7243689 0.7378613 0.73656 0.713335 0.7120484 0.7111676 0.7170723 0.7229839 0.7141485 0.7428012 0.7555105 0.7514785 0.7614086 0.7661605 0.7637407 0.7621237 0.7577208 0.7632915 0.7573037 0.7580992 0.7668741 0.7425514 0.7062745 0.7242314 0.7278373 0.7170925 0.6457423 0.670892
0.6741643 0.6495914 0.6066948 0.6557433 0.6555438 0.6553628 0.6065533 0.5944464 0.6074781 0.63568 0.6778548 0.6769821 0.6781198 0.6812673 0.6417649 0.6485323 0.6513271 0.6026989 0.5732247 0.6203235 0.6530812 0.6998082 0.7162436 0.7104733 0.7002138 0.7051188 0.7032568 0.7041979 0.7230936 0.723658 0.735398 0.743161 0.7282059 0.7280141 0.7242435 0.7304508 0.7330788 0.7121894 0.702474 0.7170903 0.7245378 0.7256132 0.7235556 0.7226499 0.7121819 0.7116898 0.7147935 0.719898 0.727003 0.7385005 0.7448208 0.7579261 0.7522964 0.7622235 0.7645803 0.7649491 0.7665194 0.7621136 0.7601055 0.7569061 0.7612878 0.7612878 0.7214151 0.6835408 0.6424805 0.6931358 0.7406051 0.6943732 0.6628987
0.614585 0.6035637 0.6396127 0.6591491 0.6553551 0.6416112 0.6274865 0.6081964 0.6614957 0.6729444 0.6852077 0.6791459 0.6850628 0.6949835 0.6790019 0.6454907 0.6056151 0.5609692 0.5849221 0.6371998 0.7074348 0.7134854 0.7047955 0.6364217 0.6034297 0.6179006 0.6515231 0.6859547 0.7088343 0.7193637 0.726714 0.7125425 0.7107424 0.7085534 0.6860383 0.725737 0.7096205 0.6975005 0.6853892 0.708775 0.707048 0.7248678 0.7264002 0.7111365 0.742135 0.7240952 0.7204173 0.7131579 0.7298295 0.7269696 0.7540219 0.7579532 0.7483333 0.7598526 0.7649979 0.7637688 0.7641402 0.7605292 0.7605122 0.7573102 0.7565053 0.7417491 0.7262009 0.7150397 0.6811543 0.650463 0.6879612 0.7202795 0.7334616
0.5765386 0.5738851 0.578029 0.6398273 0.6591549 0.6322466 0.585818 0.5992194 0.6628804 0.6444176 0.6654481 0.6585832 0.6820396 0.6931514 0.6524423 0.6360722 0.5914067 0.5555283 0.5902427 0.6385283 0.6792518 0.6601771 0.6837814 0.5839061 0.5788222 0.6487146 0.613749 0.6756905 0.6866038 0.7150729 0.7244136 0.7054535 0.7128212 0.6982678 0.6857179 0.7158433 0.6933437 0.6927841 0.6838597 0.6785327 0.6776003 0.716949 0.7264002 0.7287356 0.7401924 0.7353084 0.7356151 0.7227702 0.7258819 0.710259 0.7572457 0.7587817 0.7467664 0.7618719 0.7618306 0.768175 0.761366 0.7545626 0.7481628 0.7453567 0.7465429 0.7341765 0.7154395 0.7002882 0.6982998 0.673587 0.6401057 0.6353381 0.707532
