02_Processed_Data/Guangdong-driving/Tem/txt/txt-95.txt
ncols         755
nrows         605
xllcorner     491130
yllcorner     2101946
cellsize      1000
NODATA_value  -9999
[rows 124 to 154 of 605, columns 483 to 551 of 755]
0.3961932 0.4365828 0.4162815 0.4775757 0.6171854 0.6657606 0.6880888 0.5632061 0.503517 0.5803702 0.6559892 0.730592 0.7381324 0.6960531 0.6960531 0.6059945 0.6438672 0.6710747 0.6556337 0.5942639 0.6161302 0.6314319 0.6578019 0.6878586 0.7293934 0.744682 0.7329041 0.7395751 0.7409126 0.7410167 0.7390677 0.7212698 0.7316127 0.7222705 0.7346582 0.7253109 0.7368734 0.7349018 0.7116054 0.7198804 0.7281529 0.7126405 0.7188584 0.714003 0.7271876 0.7325791 0.7309977 0.7183433 0.73398 0.7139407 0.682008 0.6829473 0.6743802 0.7047659 0.7355596 0.7667615 0.7725381 0.7709318 0.7623526 0.7615619 0.7706102 0.7702249 0.7624561 0.7719069 0.7817649 0.7555361 0.7522671 0.7641671 0.7424404
0.5036694 0.5469307 0.462663 0.5071464 0.5319437 0.5788797 0.7070014 0.7121047 0.6503662 0.6013355 0.648252 0.6912826 0.7353178 0.7412148 0.7389066 0.6037393 0.6247967 0.6823443 0.6541883 0.6157774 0.6790549 0.6718006 0.6998067 0.7294497 0.746788 0.7464908 0.7420901 0.7409664 0.74312 0.7432205 0.7416776 0.728793 0.7358514 0.7244552 0.7360189 0.7377389 0.7427368 0.7325603 0.699419 0.7195815 0.72457 0.719305 0.7226491 0.7272211 0.7248203 0.7199572 0.7179626 0.7081748 0.7385701 0.6914644 0.6574783 0.6469279 0.6678813 0.7097453 0.7434066 0.769275 0.7635674 0.7558078 0.7541969 0.756274 0.7665499 0.7637018 0.7633116 0.7571779 0.7608829 0.7740161 0.7838662 0.7728009 0.7490211
0.6179134 0.594744 0.4805402 0.5545444 0.5994312 0.6730176 0.6863228 0.7258672 0.6997999 0.6954612 0.650524 0.7050304 0.738811 0.7434745 0.7387028 0.6080424 0.6336067 0.6603973 0.6552003 0.6713223 0.6525862 0.6822327 0.7249969 0.7476653 0.7469575 0.7466566 0.7443021 0.7423545 0.7453242 0.7446006 0.7385435 0.7186801 0.7445968 0.7352468 0.7299948 0.7390916 0.7428553 0.740876 0.7044504 0.7311697 0.7349243 0.7210445 0.734226 0.7297733 0.7335196 0.7253724 0.7155834 0.7279351 0.7132215 0.6570916 0.6222821 0.6428868 0.7089425 0.7454729 0.7545282 0.7594814 0.7582819 0.7447789 0.7546466 0.7595916 0.7571535 0.7038671 0.7165958 0.7059494 0.6920198 0.7043303 0.7781453 0.7842996 0.7773292
0.586998 0.6441956 0.5845255 0.6388446 0.6570755 0.6593107 0.630788 0.7154347 0.7254486 0.7206967 0.6454127 0.7050304 0.7423021 0.7453216 0.7384965 0.6336658 0.671938 0.7015951 0.6968046 0.7055418 0.6712203 0.7324365 0.7456734 0.7511159 0.7504044 0.7459989 0.7436404 0.7478396 0.7462949 0.7455673 0.7177734 0.7257857 0.7340664 0.7435743 0.7350379 0.7424903 0.7450199 0.7442667 0.7344902 0.7288119 0.7354328 0.7371311 0.7334966 0.7372412 0.7274522 0.7365235 0.7341117 0.7259573 0.7157511 0.6649484 0.6096333 0.6909164 0.740977 0.7541317 0.7562134 0.7611635 0.7492998 0.7456355 0.741149 0.7592129 0.745701 0.7051236 0.7219506 0.7313941 0.7457554 0.7576535 0.7683187 0.7875917 0.7715977
0.5212266 0.5776014 0.5691845 0.6591752 0.6778134 0.666514 0.6814536 0.6931087 0.7379736 0.7405994 0.6854045 0.7277969 0.7441502 0.7455263 0.7415679 0.7384256 0.707396 0.7132667 0.6686978 0.7377083 0.7411076 0.7465533 0.7503551 0.7521033 0.7505676 0.744108 0.7446159 0.7484007 0.747262 0.7444801 0.7306239 0.7283771 0.7473148 0.7404168 0.7425371 0.7454751 0.7492306 0.746833 0.7436132 0.7326003 0.7408574 0.7158985 0.7028292 0.6950884 0.7254804 0.7226566 0.727622 0.7276649 0.7100743 0.6432763 0.6347033 0.7348398 0.7500432 0.7390018 0.746411 0.7509482 0.7460527 0.7304942 0.7448671 0.749397 0.7408032 0.7424584 0.742061 0.7531422 0.7469989 0.7617649 0.7670972 0.7765265 0.7707809
0.6055307 0.6049063 0.5587624 0.5921635 0.6542639 0.689297 0.6784005 0.6695502 0.6943196 0.7404074 0.7294945 0.7247279 0.7410755 0.7457286 0.7450469 0.7435411 0.739981 0.7388772 0.716037 0.7337878 0.7462042 0.7483656 0.7513435 0.7526775 0.7486775 0.7454942 0.7459977 0.7485485 0.7510961 0.74872 0.7323993 0.7358851 0.749078 0.745046 0.7467519 0.7513257 0.7452361 0.7288927 0.7199279 0.7376141 0.7073227 0.6774393 0.691839 0.7160781 0.6730676 0.7210859 0.7252274 0.7281371 0.7097228 0.6835161 0.6901114 0.7127395 0.7107175 0.7115645 0.7243013 0.7226848 0.7235271 0.7169867 0.7170054 0.7272733 0.7342592 0.7506735 0.7556044 0.7580725 0.7535669 0.7396274 0.7338857 0.7457729 0.7744688
0.6197146 0.5994052 0.5606392 0.5222793 0.5888875 0.696086 0.6778057 0.6988858 0.688798 0.7377529 0.7440585 0.7343681 0.7064247 0.7291161 0.7485234 0.748244 0.7479606 0.7464431 0.7420512 0.7446262 0.7480175 0.751815 0.7531488 0.7548888 0.746374 0.7440067 0.7461464 0.7458224 0.749186 0.7468055 0.7403216 0.7429792 0.7479668 0.750081 0.7497324 0.7391301 0.741647 0.6970061 0.7085395 0.7446736 0.7340602 0.723855 0.7357904 0.7284517 0.7022491 0.7080286 0.7154467 0.7253234 0.720847 0.7114486 0.6991783 0.695964 0.6861476 0.6943722 0.6976746 0.7190179 0.7227275 0.7137241 0.6870869 0.7137544 0.7375495 0.7408401 0.75725 0.7605359 0.7588984 0.7535676 0.7334719 0.7584783 0.7859415
0.5641881 0.5118921 0.4841949 0.5430135 0.5792751 0.6643281 0.707552 0.7044361 0.7234585 0.7355059 0.7426284 0.7472863 0.7480402 0.7481756 0.751587 0.751304 0.7514269 0.7503155 0.7475599 0.7448003 0.7412169 0.7495211 0.7537206 0.750946 0.7461176 0.7453862 0.7475215 0.7447332 0.746042 0.7399668 0.7416794 0.7410485 0.7374203 0.745681 0.7494283 0.7527632 0.7519953 0.7340031 0.7471722 0.7373767 0.692725 0.7067081 0.7141288 0.7326191 0.7084625 0.6990662 0.7114009 0.713483 0.7110531 0.7073916 0.6959378 0.6570396 0.6632116 0.7042365 0.7276282 0.7337966 0.7334027 0.7002036 0.7153887 0.7203208 0.7322221 0.7371504 0.7433069 0.7478205 0.7576624 0.7609404 0.7666755 0.779788 0.7859263
0.4795458 0.4649717 0.5389635 0.577687 0.616406 0.6350284 0.6413448 0.6944024 0.7109612 0.7086537 0.7387356 0.7462603 0.7306061 0.6872729 0.7521879 0.7523111 0.7528401 0.7357331 0.7415846 0.7384109 0.7446644 0.750504 0.7534693 0.7494603 0.7462678 0.7467621 0.7493033 0.7485607 0.7474048 0.7359945 0.7463139 0.7410485 0.7424518 0.7412766 0.7462497 0.7524504 0.7414265 0.750903 0.750126 0.7206436 0.6403133 0.6489615 0.7100943 0.7289902 0.7245118 0.7126511 0.7065296 0.7053272 0.6606584 0.6647841 0.649636 0.5971964 0.705467 0.7194252 0.7190307 0.7149445 0.7371002 0.7403924 0.741223 0.7285205 0.7334483 0.7404245 0.7494491 0.7273074 0.7420676 0.767076 0.773219 0.7748479 0.7731927
0.519556 0.5394232 0.5711773 0.5914459 0.5686547 0.561441 0.6657559 0.6786256 0.6681181 0.69041 0.7204884 0.7444118 0.673395 0.6702428 0.734744 0.7541356 0.7550709 0.7416502 0.7458574 0.7250476 0.7464688 0.750254 0.7495245 0.7524821 0.7431344 0.7481349 0.7506714 0.7499244 0.7520444 0.7406296 0.7501243 0.7440341 0.739688 0.7413786 0.7459368 0.7513128 0.7423346 0.748526 0.7489744 0.7379396 0.6498141 0.6978223 0.7023638 0.7175651 0.7335846 0.7262303 0.7188743 0.6561608 0.5995967 0.6110992 0.6070188 0.6197665 0.7017901 0.716565 0.7026353 0.7116674 0.7088069 0.7235773 0.7436774 0.7506542 0.7416379 0.7477917 0.7568137 0.7539423 0.7646 0.7736145 0.777705 0.7793317 0.7805443
0.517329 0.5384237 0.5935478 0.6002817 0.6070112 0.6379288 0.6815536 0.6374233 0.6146113 0.6602727 0.7001886 0.685154 0.6871194 0.6646913 0.7283687 0.7522668 0.7556584 0.7545353 0.7493074 0.7371044 0.7495002 0.7438499 0.7496771 0.7497598 0.7535293 0.7482739 0.7516261 0.7533348 0.7558601 0.7510015 0.7543408 0.748656 0.7475814 0.7406563 0.7431594 0.7485306 0.7391375 0.7469642 0.7506887 0.7437495 0.731068 0.7212548 0.6839669 0.7008038 0.7241998 0.6762462 0.6885684 0.6545539 0.654162 0.6541793 0.6398438 0.634539 0.6915458 0.6501402 0.6665507 0.6530264 0.6595939 0.6801019 0.7178308 0.7202943 0.7461293 0.7325981 0.7518691 0.7567863 0.7690822 0.7678434 0.7661915 0.7661759 0.7768173
0.5561044 0.5718657 0.6155057 0.6296176 0.6252729 0.6422458 0.6034479 0.5712059 0.5742235 0.5997891 0.6138688 0.6267135 0.6905901 0.6792297 0.7088692 0.7528558 0.7541932 0.7563462 0.7502939 0.7507981 0.7504784 0.7509745 0.7498263 0.7503146 0.7565397 0.7533301 0.7558576 0.7510006 0.7490109 0.7498881 0.7499423 0.7442528 0.7484996 0.728038 0.7243856 0.7514843 0.7478271 0.746628 0.7487072 0.7499644 0.746709 0.6917858 0.6446522 0.6569739 0.6163978 0.6488091 0.6398044 0.6492505 0.6541853 0.6677297 0.6492895 0.6579157 0.590674 0.6021609 0.6189774 0.5984789 0.5976618 0.6280077 0.6595826 0.6899266 0.6788543 0.7276477 0.7452759 0.7629024 0.7813468 0.7755957 0.7739418 0.7698237 0.7706217
0.5760153 0.600795 0.5890756 0.5277358 0.5545518 0.5465088 0.5122183 0.5730539 0.5555657 0.5958897 0.64564 0.6420794 0.6833971 0.7109871 0.6885467 0.7489314 0.7584657 0.7569241 0.7525077 0.7525976 0.7498131 0.751945 0.7499722 0.7508659 0.7554461 0.7518219 0.7514741 0.7503031 0.7487184 0.7467206 0.7463598 0.7496864 0.726041 0.66826 0.7162686 0.7454125 0.7134569 0.7327552 0.7413901 0.7471529 0.7488132 0.6992159 0.6947224 0.6791559 0.7004926 0.6980451 0.6320392 0.6361502 0.5918745 0.5734311 0.6021422 0.6259292 0.5726251 0.5037384 0.5340826 0.5320324 0.4918472 0.5660647 0.6025567 0.5722102 0.6341235 0.6771735 0.7431847 0.7644991 0.7739201 0.786209 0.7788126 0.7787933 0.7799992
0.5635299 0.5509926 0.5446011 0.5431254 0.499 0.4770124 0.5148871 0.5773597 0.6332666 0.6227413 0.6474752 0.6734344 0.6589792 0.7238798 0.707586 0.7409035 0.7504337 0.7513482 0.7551285 0.7494735 0.7516049 0.751682 0.7505249 0.7534642 0.7559895 0.7552306 0.7499577 0.752062 0.754163 0.75134 0.741133 0.7497854 0.7212101 0.6445616 0.7261891 0.7495873 0.6852328 0.7258484 0.7389888 0.734085 0.7386109 0.7394445 0.7148533 0.6914913 0.7206139 0.6931487 0.6369792 0.6509267 0.5939352 0.5398129 0.595583 0.6361708 0.6009044 0.4114594 0.4069455 0.419653 0.4840261 0.5766919 0.6086699 0.57832 0.6189075 0.6886076 0.7468251 0.7677268 0.7697644 0.7865615 0.7820336 0.7738114 0.7864969
0.5100374 0.5356318 0.5612213 0.5519518 0.4725593 0.5317581 0.5601984 0.5492693 0.6006624 0.6200669 0.6242948 0.6592714 0.6644921 0.7261085 0.7327735 0.7431241 0.735018 0.7428991 0.7507756 0.753317 0.7538037 0.7505958 0.7551747 0.7560589 0.7569392 0.7516652 0.7508978 0.7493067 0.7509926 0.751855 0.7449235 0.7494701 0.7340069 0.7102494 0.7434859 0.7496567 0.684477 0.6660405 0.7287914 0.7201922 0.6943691 0.7435832 0.7304685 0.7370347 0.7177668 0.6464216 0.6550347 0.6447847 0.5480138 0.5008577 0.5873768 0.6361708 0.5340454 0.4733511 0.4298784 0.452833 0.5983916 0.5877212 0.5860716 0.6590501 0.6672404 0.7266857 0.7787493 0.7721745 0.7610879 0.7721417 0.789344 0.7790695 0.7938035
0.5742262 0.5916167 0.5712781 0.528792 0.4957319 0.5020314 0.5874651 0.5347078 0.554934 0.598938 0.6298152 0.6692987 0.6933752 0.6934803 0.7231039 0.7445217 0.7495331 0.7487987 0.7538004 0.7583877 0.76051 0.7597576 0.7573609 0.7590605 0.7558355 0.7554768 0.7538844 0.7518781 0.7498685 0.7515459 0.7495297 0.7454602 0.7193261 0.7234464 0.742736 0.7452111 0.7120097 0.6952079 0.6427301 0.7222857 0.736232 0.742796 0.7407473 0.7391074 0.7067128 0.6710367 0.6845654 0.6361759 0.513157 0.5598972 0.6107374 0.6095011 0.5364774 0.5085825 0.5212817 0.5536631 0.6414007 0.6598397 0.6544958 0.683185 0.7225351 0.7680352 0.7807304 0.7659515 0.7663428 0.7782133 0.7962325 0.7929257 0.7818235
0.5928972 0.5733807 0.5731315 0.5384333 0.5508856 0.5604625 0.5622432 0.6296266 0.5579985 0.6040493 0.6082698 0.6891645 0.7148744 0.7034942 0.7310637 0.7364854 0.7419024 0.7399336 0.7490314 0.7544339 0.7606521 0.7603052 0.7599537 0.7591883 0.7563682 0.7572347 0.7564571 0.7519856 0.7487406 0.7500027 0.7479812 0.7119226 0.7317042 0.7374592 0.7456719 0.744041 0.7366673 0.7219101 0.6710671 0.7276546 0.737905 0.7428234 0.7407694 0.738714 0.7202558 0.7161483 0.6148583 0.5820456 0.5484123 0.5447117 0.5574124 0.5217273 0.6188618 0.6832228 0.4999145 0.5769866 0.6364263 0.6970961 0.7212712 0.7306842 0.7753606 0.7778017 0.780242 0.7728401 0.7863489 0.7912453 0.7772766 0.7784767 0.7521989
0.625917 0.6031175 0.5483292 0.5259296 0.565032 0.6152005 0.5981158 0.6273614 0.6119063 0.6235096 0.6256765 0.7036968 0.7277602 0.7233466 0.7209785 0.7427979 0.7527211 0.7585387 0.7557404 0.7578582 0.7603812 0.7575691 0.7568027 0.7564421 0.7577175 0.7565287 0.7516455 0.749629 0.7504792 0.7513257 0.7509391 0.7218458 0.7395673 0.7440866 0.7408124 0.7383558 0.7100636 0.7133434 0.7022691 0.7321981 0.7383425 0.740795 0.7383255 0.7354447 0.7317426 0.7112277 0.6349455 0.5963868 0.5676689 0.5738043 0.5971615 0.5721326 0.7036992 0.6889161 0.6150859 0.605633 0.6716289 0.7183525 0.751134 0.7306092 0.7748714 0.7822289 0.7858951 0.7953009 0.7911737 0.7813042 0.7857838 0.7582765 0.7164136
0.6613947 0.6312117 0.6063542 0.5470473 0.6045988 0.6375421 0.5983116 0.6341146 0.6395687 0.6720806 0.6545615 0.7137162 0.7303916 0.7386858 0.7305727 0.754438 0.7561558 0.7611489 0.7595763 0.7616892 0.7605169 0.7593402 0.7573385 0.756973 0.7578333 0.754999 0.7517506 0.751779 0.7530336 0.7514145 0.7489722 0.7465266 0.7322543 0.7396382 0.7384086 0.735126 0.7191297 0.6723776 0.7252653 0.7314056 0.7313936 0.7350706 0.7260347 0.7206879 0.6726953 0.6734973 0.6812695 0.6648482 0.5967603 0.6258533 0.6516654 0.6623055 0.6962687 0.693782 0.6293778 0.6305813 0.6896017 0.7428813 0.7674573 0.7744009 0.7854449 0.7895175 0.7870286 0.7931497 0.7689261 0.7824249 0.7676283 0.6864009 0.7060421
0.6390531 0.5838546 0.5983588 0.5419192 0.5998778 0.6545505 0.6669828 0.6281539 0.6942915 0.6890755 0.6867244 0.7159415 0.7301501 0.7523819 0.757386 0.7570543 0.7608177 0.7596556 0.7609486 0.7618266 0.7602395 0.7606978 0.7586914 0.7587306 0.7571252 0.7555157 0.7559524 0.7555651 0.7547643 0.7531396 0.7527418 0.7449598 0.6884425 0.7368256 0.73641 0.7335317 0.729831 0.7216175 0.7211931 0.7154362 0.7166486 0.7043277 0.6870852 0.6874734 0.6862205 0.6738955 0.6504983 0.6307911 0.6307911 0.5881208 0.6537025 0.6758191 0.7192065 0.7212251 0.7199633 0.6662154 0.6850458 0.6964956 0.7460797 0.7608099 0.7833306 0.7898595 0.7943376 0.7947145 0.7975508 0.7647118 0.774106 0.7068192 0.6793044
0.5982565 0.5303439 0.5325438 0.5560606 0.5824425 0.5965173 0.664303 0.6996891 0.7010359 0.7010359 0.6855652 0.6959219 0.7212043 0.7561491 0.7545937 0.7579535 0.7584373 0.7626066 0.7630798 0.7627279 0.7619609 0.762829 0.7608221 0.7575803 0.7576142 0.7568235 0.756439 0.75564 0.7519668 0.7523903 0.75035 0.7499465 0.7463241 0.7147447 0.7389288 0.7262059 0.7261919 0.7179747 0.689253 0.6404369 0.6281132 0.6305497 0.5969004 0.5923635 0.6558933 0.6517642 0.6205711 0.5360712 0.5085675 0.6053078 0.6618631 0.6876645 0.7462118 0.7535554 0.7539283 0.7407699 0.7362225 0.6775489 0.7226177 0.7717868 0.7770808 0.7745838 0.7979193 0.7970617 0.7900523 0.7457275 0.7337951 0.722681 0.6746606
0.5995344 0.5849305 0.5038936 0.483538 0.5419062 0.5932981 0.5622646 0.5939626 0.6514881 0.711058 0.6968138 0.7174178 0.7463844 0.7518013 0.7600831 0.7597481 0.7598177 0.7639821 0.7640408 0.7616339 0.7604517 0.7609049 0.7629932 0.7634367 0.761825 0.7569286 0.7581786 0.7590143 0.7541053 0.7565731 0.7553474 0.7532977 0.7504853 0.7234103 0.7344668 0.7172275 0.6905541 0.6359954 0.6031672 0.6015003 0.5875304 0.607593 0.6264238 0.668216 0.6780236 0.6107413 0.552069 0.497497 0.5638883 0.627409 0.7134821 0.731897 0.7494273 0.7374932 0.7345803 0.767752 0.7554082 0.7533162 0.7598351 0.7663545 0.7884554 0.7925143 0.7998533 0.7752081 0.7751652 0.7693807 0.7455528 0.725414 0.7159347
0.6579666 0.6150669 0.5122948 0.5337613 0.5474313 0.6586872 0.6346214 0.6605756 0.6963651 0.7317387 0.6740258 0.7372711 0.7539293 0.756882 0.7585986 0.7611297 0.7566842 0.7661749 0.7629483 0.7613567 0.7585294 0.7585674 0.7631108 0.7614987 0.7619319 0.7619505 0.7607347 0.7591043 0.7591101 0.7566519 0.7582902 0.7562345 0.7513616 0.7357619 0.7365612 0.715215 0.64015 0.6056773 0.6478814 0.6638407 0.6683167 0.6699207 0.6711134 0.6964977 0.6775957 0.6492618 0.5458885 0.4757284 0.5773781 0.6474537 0.6810349 0.731428 0.7218825 0.7242947 0.7344977 0.7807854 0.7967296 0.7987327 0.7925352 0.7949486 0.795312 0.7960858 0.786198 0.7804105 0.7159855 0.7327495 0.7068675 0.6744236 0.682163
0.6712906 0.6128067 0.5264338 0.5655295 0.6144611 0.6572358 0.6971343 0.7247255 0.696134 0.7237134 0.7316042 0.7394893 0.7524504 0.7562191 0.7620321 0.7633286 0.7601089 0.764674 0.7630831 0.7606664 0.7590643 0.7586869 0.7599447 0.7616075 0.7603952 0.7604081 0.7620568 0.7567303 0.7534499 0.7513956 0.7542581 0.7575272 0.7534641 0.7481093 0.7378308 0.7185287 0.6725706 0.6512133 0.6864403 0.6872213 0.691281 0.6850876 0.6895544 0.7034512 0.6783924 0.6721948 0.574966 0.5490851 0.5781503 0.6244371 0.6502215 0.6833867 0.7082732 0.7406132 0.7782837 0.793402 0.7978595 0.7998573 0.7985748 0.7989329 0.7992916 0.7861186 0.7725357 0.7601828 0.7461893 0.7276852 0.7050797 0.7230683 0.6996409
0.6226946 0.5646181 0.4655311 0.5743325 0.6294117 0.616827 0.6759948 0.7003021 0.711482 0.7357773 0.7399743 0.7425249 0.7554792 0.7559634 0.7601319 0.7671647 0.7594298 0.7639905 0.7619843 0.7591527 0.7595958 0.7579833 0.7592354 0.7600728 0.7596748 0.7572219 0.7596849 0.757633 0.7543467 0.7502362 0.7518624 0.752665 0.7485914 0.7301086 0.7112131 0.7128167 0.6602915 0.6623003 0.6930104 0.7023959 0.7093194 0.7039399 0.6940487 0.7181903 0.7119871 0.7070135 0.589276 0.6080841 0.6465742 0.6571808 0.6784486 0.6570717 0.7163901 0.7868584 0.7896695 0.8002715 0.800213 0.7976946 0.7918964 0.7840485 0.7819416 0.7777849 0.735904 0.7403586 0.71816 0.719334 0.7434702 0.7356223 0.7203929
0.6368328 0.5857247 0.5128781 0.5495083 0.6349282 0.6395627 0.6708439 0.6820268 0.7096053 0.7088841 0.7356299 0.7369468 0.7544046 0.7532445 0.7610992 0.7636171 0.7616182 0.7608435 0.7678536 0.7605062 0.759714 0.7589162 0.757703 0.7564844 0.7536206 0.7548522 0.7560792 0.7564816 0.7560594 0.7519429 0.7494627 0.7494388 0.7351032 0.7326061 0.7165742 0.6972589 0.6742507 0.6692822 0.686044 0.6974733 0.6920889 0.7129458 0.7190398 0.7230825 0.7242539 0.7012317 0.6277732 0.5838376 0.5952583 0.6161101 0.6750961 0.6750358 0.7589449 0.7892225 0.7936679 0.8009838 0.7992796 0.7951156 0.7802911 0.7699777 0.7678656 0.7690348 0.7296093 0.7164274 0.7389198 0.6978548 0.7092761 0.7227472 0.7317079
0.6960734 0.6388122 0.5778544 0.5833184 0.6888278 0.6528646 0.6661006 0.685071 0.694604 0.7287334 0.748915 0.7350561 0.7557874 0.7599539 0.7682144 0.7682674 0.7633936 0.7634342 0.7614183 0.7610365 0.7606494 0.7602561 0.7586272 0.756993 0.7541235 0.7516588 0.7537 0.7520461 0.7536681 0.7503653 0.7458284 0.7453881 0.7216111 0.724848 0.7252114 0.7128603 0.6750838 0.6323841 0.6675916 0.6933658 0.6879746 0.7174361 0.7186028 0.7267395 0.7332349 0.7208675 0.6707753 0.6358543 0.6279964 0.6316199 0.6709176 0.731538 0.7891921 0.78707 0.8029908 0.7725767 0.7708667 0.772848 0.7793406 0.7259669 0.7681352 0.7668391 0.7216684 0.6723979 0.7063676 0.7149146 0.6656451 0.6750125 0.7073428
0.6851928 0.7070684 0.6415974 0.6790425 0.7214018 0.6325393 0.5670433 0.7250167 0.740697 0.7530905 0.7494854 0.7204509 0.7469161 0.7637899 0.7654852 0.7618434 0.7602451 0.768892 0.7619506 0.7595138 0.759121 0.7587223 0.7579082 0.7591384 0.7558529 0.7546126 0.7513171 0.7492469 0.7484024 0.7479638 0.7368597 0.7310824 0.7007338 0.6924828 0.7174422 0.7026243 0.6755021 0.6237747 0.6228911 0.6757218 0.6990272 0.7010088 0.678386 0.6975873 0.7147375 0.7281963 0.7055708 0.6829448 0.6845117 0.7053506 0.7577637 0.7822936 0.7829392 0.7767107 0.7926254 0.7888588 0.7871432 0.7833784 0.7812544 0.7344364 0.7757796 0.7634074 0.7202824 0.7173429 0.7287559 0.7331985 0.7171394 0.6990307 0.7014247
0.7534482 0.6842908 0.6417802 0.7161269 0.7494623 0.7028319 0.6197008 0.6554767 0.7326609 0.7557121 0.72422 0.7165042 0.7425525 0.7692631 0.7602928 0.7615671 0.7607843 0.7616354 0.7632999 0.7592176 0.7592297 0.7596456 0.7584155 0.75841 0.7559388 0.7522322 0.7464703 0.7472642 0.7447732 0.7377675 0.719686 0.6946298 0.6614002 0.684306 0.6969573 0.6731114 0.514357 0.5446324 0.6253415 0.6465915 0.6596389 0.6452118 0.671378 0.6831917 0.6839331 0.7088667 0.7223185 0.7119877 0.7094474 0.7725149 0.7720255 0.7785072 0.7873418 0.7913585 0.7892252 0.7899631 0.7870118 0.7881619 0.7843927 0.7818546 0.773167 0.7320867 0.7348826 0.74219 0.7392472 0.7481968 0.7276238 0.719353 0.7201042
0.740101 0.7189168 0.6661525 0.6822699 0.7586576 0.7423678 0.7047488 0.7286302 0.7504547 0.7562804 0.7022322 0.7031235 0.7537675 0.7669425 0.7637085 0.7588275 0.7609105 0.7638067 0.7621859 0.7613786 0.7605652 0.7585154 0.7589198 0.7580884 0.7576613 0.7523085 0.7449 0.7452776 0.73991 0.7357678 0.6861063 0.6778556 0.645025 0.6560326 0.6592459 0.548053 0.5045152 0.5884998 0.6552603 0.6838844 0.681753 0.6976624 0.6541137 0.6343467 0.6260602 0.6559079 0.6509008 0.6844383 0.7815332 0.7863677 0.7674196 0.7861964 0.7950194 0.7953394 0.7870495 0.7861414 0.788105 0.7876096 0.7739938 0.7517684 0.7607078 0.7634978 0.7617787 0.7469394 0.7390721 0.7549887 0.7401531 0.7331096 0.7223767
0.7550438 0.7047439 0.7032331 0.6631714 0.7256148 0.7642686 0.7598606 0.7603662 0.764145 0.749875 0.7548699 0.7467364 0.7129036 0.7621585 0.7654809 0.7638757 0.7655437 0.7696652 0.7651691 0.7659969 0.765588 0.7647625 0.7672116 0.7635038 0.7610206 0.7450002 0.7150328 0.7260654 0.7420136 0.7226933 0.7050088 0.6577968 0.5806701 0.6170938 0.6014379 0.5607661 0.5988209 0.6577857 0.6712329 0.6740168 0.7005819 0.7029527 0.7184439 0.6740672 0.6337901 0.6554298 0.6840402 0.7163407 0.7900563 0.7957044 0.7771598 0.775018 0.8022815 0.7902939 0.7926593 0.7737033 0.7621297 0.7464567 0.753338 0.7479195 0.7478331 0.7485684 0.7640668 0.7525036 0.7536535 0.7379931 0.7202837 0.7001157 0.6471454
