02_Processed_Data/Guangdong-driving/Tem/txt/txt-20.txt
ncols         755
nrows         605
xllcorner     491130
yllcorner     2101946
cellsize      1000
NODATA_value  -9999
[rows 0 to 29 of 605, columns 414 to 482 of 755]
-9999 -9999 -9999 -9999 -9999 -9999 -9999 -9999 -9999 -9999 -9999 -9999 -9999 -9999 -9999 -9999 -9999 -9999 -9999 -9999 -9999 -9999 -9999 -9999 -9999 -9999 -9999 -9999 -9999 -9999 -9999 -9999 -9999 -9999 -9999 -9999 -9999 -9999 -9999 -9999 -9999 -9999 -9999 -9999 -9999 -9999 -9999 -9999 -9999 -9999 -9999 0.5435918 -9999 -9999 -9999 -9999 -9999 -9999 -9999 -9999 -9999 -9999 -9999 -9999 -9999 -9999 -9999 -9999 -9999
-9999 -9999 -9999 -9999 -9999 -9999 -9999 -9999 -9999 -9999 -9999 -9999 -9999 -9999 -9999 -9999 -9999 -9999 -9999 -9999 -9999 -9999 -9999 -9999 -9999 -9999 -9999 -9999 -9999 -9999 -9999 -9999 -9999 -9999 -9999 -9999 -9999 -9999 -9999 -9999 -9999 -9999 -9999 -9999 -9999 -9999 -9999 -9999 -9999 -9999 0.532667 0.5313692 0.5429438 0.5898037 -9999 -9999 -9999 -9999 -9999 -9999 -9999 -9999 -9999 -9999 -9999 -9999 -9999 -9999 -9999
-9999 -9999 -9999 -9999 -9999 -9999 -9999 -9999 -9999 -9999 -9999 -9999 -9999 -9999 -9999 -9999 -9999 -9999 -9999 -9999 -9999 -9999 -9999 -9999 -9999 -9999 -9999 -9999 -9999 -9999 -9999 -9999 -9999 -9999 -9999 -9999 -9999 -9999 -9999 -9999 -9999 -9999 -9999 -9999 -9999 -9999 -9999 -9999 -9999 0.5221956 0.5279363 0.5104394 0.5510566 0.5837926 0.5746126 -9999 0.540909 -9999 -9999 -9999 -9999 -9999 -9999 -9999 -9999 -9999 -9999 -9999 -9999
-9999 -9999 -9999 -9999 -9999 -9999 -9999 -9999 -9999 -9999 -9999 -9999 -9999 -9999 -9999 -9999 -9999 -9999 -9999 -9999 -9999 -9999 -9999 -9999 -9999 -9999 -9999 -9999 -9999 -9999 -9999 -9999 -9999 -9999 -9999 -9999 -9999 -9999 -9999 -9999 -9999 -9999 -9999 -9999 -9999 -9999 -9999 -9999 -9999 0.5096002 0.5120083 0.5036309 0.5355197 0.5736398 0.5457702 -9999 0.4800837 0.4804521 -9999 -9999 -9999 -9999 -9999 -9999 -9999 -9999 -9999 -9999 -9999
-9999 -9999 -9999 -9999 -9999 -9999 -9999 -9999 -9999 -9999 -9999 -9999 -9999 -9999 -9999 -9999 -9999 -9999 -9999 -9999 -9999 -9999 -9999 -9999 -9999 -9999 -9999 -9999 -9999 -9999 -9999 -9999 -9999 -9999 -9999 -9999 -9999 -9999 -9999 -9999 -9999 -9999 -9999 0.5437858 -9999 -9999 -9999 -9999 0.516622 0.5248231 0.4960896 0.5267158 0.5561023 0.5597604 0.5484813 0.5301511 0.4545472 0.3714768 -9999 -9999 -9999 -9999 -9999 -9999 -9999 -9999 -9999 -9999 -9999
-9999 -9999 -9999 -9999 -9999 -9999 -9999 -9999 -9999 -9999 -9999 -9999 -9999 -9999 -9999 -9999 -9999 -9999 -9999 -9999 -9999 -9999 -9999 -9999 -9999 -9999 -9999 -9999 -9999 -9999 -9999 -9999 -9999 -9999 -9999 -9999 -9999 -9999 -9999 -9999 -9999 -9999 0.5177386 0.5424887 0.5348715 -9999 -9999 0.4967052 0.479154 0.4520625 0.4926321 0.4925314 0.5310372 0.5176655 0.4897721 0.478071 0.3978897 0.3226939 -9999 -9999 -9999 -9999 -9999 -9999 -9999 -9999 -9999 -9999 -9999
-9999 -9999 -9999 -9999 -9999 -9999 -9999 -9999 -9999 -9999 -9999 -9999 -9999 -9999 -9999 -9999 -9999 -9999 -9999 -9999 -9999 -9999 -9999 -9999 -9999 -9999 -9999 -9999 -9999 -9999 -9999 -9999 -9999 -9999 -9999 -9999 -9999 -9999 -9999 -9999 -9999 -9999 0.5019374 0.5420327 0.5593069 0.5267809 0.5133547 0.498275 0.4753153 0.4681345 0.4949945 0.5035979 0.5014151 0.4780699 0.4431082 0.4243392 0.4512321 0.4063243 0.4311517 0.4306652 -9999 -9999 -9999 -9999 -9999 -9999 -9999 -9999 -9999
-9999 -9999 -9999 -9999 -9999 -9999 -9999 -9999 -9999 -9999 -9999 -9999 -9999 -9999 -9999 -9999 -9999 -9999 -9999 -9999 -9999 -9999 -9999 -9999 -9999 -9999 -9999 -9999 -9999 -9999 -9999 -9999 -9999 -9999 -9999 -9999 -9999 -9999 -9999 -9999 -9999 -9999 0.5226729 0.5345314 0.5551135 0.5441582 0.4510273 0.4525372 0.4416018 0.4808951 0.5193642 0.5171634 0.5058368 0.494101 0.4591273 0.465665 0.4307019 0.36752 0.4562554 0.4462114 -9999 -9999 -9999 -9999 -9999 -9999 -9999 -9999 -9999
0.384589 0.4411156 -9999 -9999 -9999 -9999 -9999 -9999 -9999 -9999 -9999 -9999 -9999 -9999 -9999 -9999 -9999 -9999 -9999 -9999 -9999 -9999 -9999 -9999 -9999 -9999 -9999 -9999 -9999 -9999 -9999 -9999 -9999 -9999 -9999 -9999 -9999 -9999 -9999 -9999 -9999 0.4855094 0.5226661 0.5428129 0.5339127 0.4913997 0.466326 0.4848405 0.4535541 0.5003056 0.5395921 0.5182856 0.5322654 0.5317238 0.4967379 0.5153003 0.4359139 0.3781161 0.4776319 0.4675767 0.5172957 -9999 -9999 -9999 -9999 -9999 -9999 -9999 -9999
0.3689065 -9999 -9999 -9999 -9999 -9999 -9999 -9999 -9999 -9999 -9999 -9999 -9999 -9999 -9999 -9999 -9999 -9999 -9999 -9999 -9999 -9999 -9999 -9999 -9999 -9999 -9999 -9999 -9999 -9999 -9999 -9999 -9999 -9999 -9999 -9999 -9999 -9999 -9999 -9999 -9999 0.4909218 0.5110478 0.5270308 0.5284939 0.4652146 0.4392976 0.485193 0.5165678 0.5462886 0.5598285 0.5397544 0.5661733 0.5025299 0.511528 0.5101556 0.4373982 0.4028323 0.4579252 0.5308713 0.5531855 0.519887 -9999 0.4367038 0.5192237 -9999 -9999 -9999 -9999
0.443716 0.3300776 0.3077493 -9999 -9999 -9999 -9999 -9999 -9999 -9999 -9999 -9999 -9999 -9999 -9999 -9999 -9999 -9999 -9999 -9999 -9999 -9999 -9999 -9999 -9999 -9999 -9999 -9999 -9999 -9999 -9999 -9999 -9999 -9999 -9999 -9999 -9999 -9999 -9999 -9999 0.4260165 0.4170672 0.5044198 0.4959008 0.4890494 0.4228511 0.3794882 0.4050322 0.4754094 0.5499439 0.5900345 0.5749282 0.5809964 0.5306222 0.5288166 0.4817752 0.4849622 0.4649117 0.4855432 0.5086711 0.5542179 0.5715467 0.4954922 0.5020409 0.5754203 0.5882066 0.6055644 0.6054956 0.6112437
0.4695567 0.4248239 -9999 -9999 -9999 -9999 -9999 -9999 -9999 -9999 -9999 -9999 -9999 -9999 -9999 -9999 -9999 -9999 -9999 -9999 -9999 -9999 -9999 -9999 -9999 -9999 -9999 -9999 -9999 0.5472305 0.5331905 -9999 -9999 -9999 -9999 -9999 -9999 -9999 -9999 0.4881637 0.4451581 0.4768715 0.485349 0.4689303 0.5089672 0.4427554 0.4292632 0.4406817 0.5234973 0.5627382 0.5857981 0.5964127 0.5796397 0.5890217 0.5452824 0.506115 0.5263078 0.5319794 0.5056977 0.4707059 0.5183175 0.5767269 0.5757887 0.6142876 0.6175125 0.6178382 0.6140195 0.6143579 0.6134576
0.4671814 0.4378114 0.334557 -9999 -9999 -9999 -9999 -9999 -9999 -9999 -9999 -9999 -9999 -9999 -9999 -9999 -9999 -9999 -9999 -9999 -9999 -9999 -9999 -9999 -9999 -9999 -9999 -9999 -9999 0.5664896 0.5628207 0.555423 0.5405616 0.5838168 0.563576 0.5072334 -9999 0.4651347 0.4748125 0.500271 0.5157757 0.5292131 0.4886999 0.5527893 0.5317985 0.4767797 0.4773861 0.4863003 0.4728083 0.5460708 0.5877951 0.6091881 0.6015335 0.6154687 0.6065821 0.5964568 0.5888284 0.5255885 0.4914092 0.4966674 0.5500793 0.6130441 0.6137563 0.620286 0.6189362 0.6192532 0.6187469 0.6186624 0.619415
0.4868124 0.4719754 -9999 -9999 -9999 -9999 -9999 -9999 -9999 -9999 -9999 -9999 -9999 -9999 -9999 -9999 -9999 -9999 -9999 -9999 -9999 -9999 -9999 -9999 -9999 -9999 -9999 -9999 -9999 0.5562881 0.5679707 0.5788289 0.5892786 0.5872836 0.598578 0.5575824 0.5514597 0.5208564 0.4757338 0.4771058 0.4959179 0.5375658 0.564279 0.5984703 0.5355446 0.4693052 0.4690676 0.4891749 0.5449845 0.5841983 0.5989305 0.6157448 0.6226043 0.6219995 0.6155909 0.6166601 0.6069444 0.5943303 0.5896091 0.5902908 0.6009408 0.6115977 0.6230917 0.6246312 0.6207821 0.6210906 0.6168406 0.6138431 0.6104379
0.4549837 -9999 -9999 -9999 -9999 -9999 -9999 -9999 -9999 -9999 -9999 -9999 -9999 -9999 -9999 -9999 -9999 -9999 -9999 -9999 -9999 -9999 -9999 -9999 -9999 -9999 -9999 -9999 -9999 -9999 0.5125294 0.5470394 0.4931467 0.5334792 0.5958165 0.5921659 0.5445261 0.5579073 0.5214887 0.5012646 0.4905941 0.5255877 0.5414955 0.6030673 0.5542396 0.5008532 0.4748681 0.5252611 0.5930938 0.6107108 0.6117325 0.6148365 0.6216831 0.6248012 0.6204553 0.6240026 0.6171806 0.6153464 0.6193305 0.6158506 0.6144533 0.6209494 0.6278681 0.6248326 0.6263703 0.6212747 0.6161866 0.6123514 0.6052036
0.3679593 0.3992058 -9999 -9999 -9999 -9999 -9999 -9999 -9999 -9999 -9999 -9999 -9999 -9999 0.3758616 -9999 -9999 0.5009606 0.520932 -9999 -9999 -9999 -9999 -9999 -9999 -9999 -9999 -9999 -9999 0.4582923 0.4674721 0.5189923 0.5207098 0.5207725 0.5988725 0.6080784 0.5828406 0.5775324 0.5722308 0.5320709 0.5230475 0.5447455 0.5477728 0.5935583 0.6040705 0.5232763 0.530897 0.5978788 0.6133998 0.6164762 0.6208049 0.6255559 0.6232582 0.6259485 0.6257407 0.6267855 0.6253474 0.6239167 0.6262293 0.6264741 0.6018229 0.6286471 0.6305754 0.6233802 0.6236638 0.6256159 0.621765 0.6046404 0.59375
0.3693504 0.3474751 0.3538203 0.3771789 -9999 -9999 -9999 -9999 -9999 -9999 -9999 -9999 0.4801213 0.4669094 0.4960293 0.5056371 0.4961479 0.4916356 0.5107781 -9999 0.5349414 -9999 0.5453974 -9999 -9999 0.4869816 0.4807908 0.4646394 -9999 0.4443777 0.5004529 0.5249867 0.5520149 0.5188636 0.5508819 0.6057339 0.61535 0.5996533 0.5943394 0.5769951 0.5555066 0.583002 0.5826949 0.6031479 0.5829316 0.5415542 0.5861015 0.6219397 0.6208445 0.6230772 0.6249021 0.6288098 0.626499 0.625441 0.6302015 0.6295738 0.6277087 0.6300023 0.6302284 0.6300474 0.6323648 0.6334452 0.6278927 0.6285746 0.6217936 0.6216619 0.6244443 0.611463 0.5984902
0.3682582 0.3472194 -9999 -9999 -9999 -9999 -9999 -9999 -9999 -9999 0.4249728 0.4528654 0.4840734 0.5331242 0.5381737 0.5614811 0.5640309 0.5229949 0.5002174 0.490303 0.4737442 0.490802 0.4680112 0.4958556 0.5037752 0.4963363 0.4698038 0.4868528 0.4590757 0.4383558 0.4703506 0.5318173 0.5675533 0.5692579 0.5124432 0.5519272 0.5901712 0.6143085 0.6027561 0.6094724 0.6137045 0.6096417 0.6109812 0.6164781 0.6178309 0.6125499 0.6259536 0.628573 0.6249738 0.6284379 0.628174 0.6308233 0.6297447 0.6278438 0.6284412 0.6307068 0.6329807 0.6331874 0.6342326 0.6332108 0.6342728 0.6328527 0.6318566 0.6287937 0.6253247 0.6148083 0.6209035 0.6174611 0.606142
0.3584569 -9999 -9999 -9999 -9999 -9999 -9999 -9999 -9999 0.3541207 0.4119071 0.4676131 0.5287094 0.5221454 0.5330088 0.5393012 0.5584557 0.5709644 0.5440375 0.535784 0.504698 0.5354522 0.5329984 0.5226553 0.5571363 0.5563352 0.5493068 0.5360516 0.4489152 0.446867 0.4302926 0.4950719 0.5366101 0.5727554 0.5740391 0.5616297 0.5732983 0.6057247 0.601631 0.6054289 0.6204392 0.6196834 0.6226694 0.6227565 0.6228503 0.6237811 0.6234739 0.6277395 0.6303524 0.6308975 0.6302052 0.631596 0.6305044 0.6319113 0.630421 0.6310143 0.6328614 0.6359622 0.6328456 0.6293228 0.6303745 0.6310202 0.6291843 0.6306782 0.6272005 0.6170912 0.6152925 0.6126733 0.6005171
0.2635745 -9999 -9999 -9999 -9999 -9999 -9999 -9999 0.3525766 0.3813188 0.40549 0.488179 0.5061128 0.464687 0.5228705 0.5187892 0.5512276 0.5463054 0.5658665 0.5758762 0.5813155 0.5863355 0.5901062 0.5888925 0.5901662 0.5856261 0.5673867 0.4972632 0.4736257 0.4819474 0.4392168 0.4616519 0.4716367 0.4745674 0.5530422 0.5925045 0.5954452 0.6125023 0.622508 0.6296134 0.628008 0.6280687 0.6273053 0.6257183 0.6266282 0.6217341 0.6272238 0.6231744 0.630339 0.6341912 0.6305799 0.6302972 0.6341735 0.6343225 0.6307446 0.632156 0.6352366 0.631685 0.6293877 0.6312501 0.6302164 0.6283618 0.627762 0.6267565 0.6294964 0.62519 0.619233 0.6132861 0.5932371
-9999 -9999 -9999 -9999 0.4523394 0.4499791 0.3849395 0.3053671 0.3449116 0.3591316 0.3920236 0.4747169 0.5125775 0.4948138 0.5206255 0.5074152 0.5626843 0.56731 0.5760806 0.5699034 0.5960958 0.6006998 0.6003186 0.5924618 0.5908271 0.5771521 0.5319294 0.4514243 0.4614007 0.5170327 0.4796906 0.4705726 0.478888 0.4789036 0.5270684 0.5710853 0.6043138 0.6234339 0.6263709 0.6334633 0.6318446 0.6314765 0.6286239 0.6295133 0.6262586 0.6250861 0.6280714 0.6281587 0.6290838 0.6325071 0.6342784 0.6319072 0.6353555 0.6330017 0.6319017 0.6357915 0.6351249 0.6307319 0.6321593 0.6331811 0.6304771 0.6277828 0.6267587 0.6265746 0.6280609 0.6220863 0.6181973 0.6072625 0.593848
0.3332428 -9999 -9999 -9999 0.4255659 0.4099297 0.4017591 0.3902623 0.4049086 0.4353208 0.479009 0.4977869 0.5007863 0.4581222 0.4768808 0.4877467 0.5334714 0.5667378 0.5460399 0.5751435 0.583488 0.5934869 0.5773318 0.5317021 0.5595337 0.5666082 0.4902513 0.4126463 0.4919319 0.4981646 0.5301299 0.4757617 0.499425 0.507732 0.5492451 0.5853645 0.6077895 0.6260672 0.6244257 0.6298446 0.6352684 0.6340566 0.6311902 0.6320657 0.6296272 0.6301009 0.6289216 0.6319004 0.6311515 0.6333162 0.6350741 0.63352 0.6365404 0.634174 0.6334769 0.6369398 0.6337713 0.6318576 0.6349344 0.6330404 0.6332318 0.630528 0.6278344 0.6239061 0.6253841 0.6247975 0.6184106 0.593772 0.5691443
0.4081397 0.3767572 -9999 -9999 0.3967235 0.4118078 0.4260564 0.4324128 0.480684 0.5040452 0.5070619 0.43204 0.4445896 0.4924123 0.5252859 0.5336639 0.5665236 0.5047424 0.5321926 0.5862001 0.6057509 0.609108 0.572198 0.5344521 0.5120581 0.5046014 0.4124675 0.4095679 0.414136 0.4224368 0.5183136 0.5427983 0.5021178 0.5349029 0.5552371 0.5963257 0.6150032 0.6257972 0.6274633 0.6274733 0.6274878 0.6382989 0.6337584 0.6325445 0.630092 0.6326271 0.632264 0.634814 0.6332213 0.6316369 0.6367021 0.6372102 0.6381426 0.6365938 0.6371298 0.6372605 0.6344956 0.6350611 0.6319013 0.6308271 0.6318389 0.6328611 0.626838 0.622071 0.6247861 0.6204562 0.6082513 0.5873414 0.547765
0.3448268 0.3279784 0.3198417 0.3527909 0.3720377 0.3875432 0.4154946 0.4471751 0.4958667 0.521308 0.4728615 0.4609332 0.5062762 0.5433106 0.5550189 0.5642295 0.5547548 0.5245196 0.5735537 0.5873004 0.6043605 0.6102067 0.5882372 0.5994659 0.5778987 0.5380631 0.4986371 0.4886756 0.4699936 0.4724762 0.4770312 0.5039971 0.5633366 0.5658119 0.5869651 0.6160052 0.6222187 0.6280192 0.6317477 0.630084 0.6321601 0.6354865 0.6388183 0.6371754 0.6338787 0.6355696 0.6339475 0.6364837 0.6365377 0.6353548 0.6379165 0.6400719 0.6409916 0.6402607 0.6378792 0.6363379 0.629826 0.6303806 0.6330213 0.6331821 0.6287882 0.6248205 0.6233541 0.6293703 0.6283417 0.6235891 0.5715311 0.5589156 -9999
0.2736337 0.3547466 0.3951788 0.3866284 0.3618849 0.3989798 0.3920715 0.4897523 0.470379 0.4920895 0.4531937 0.4927371 0.5256318 0.5410863 0.5669094 0.5686513 0.5247282 0.5156623 0.5646971 0.5701427 0.5959185 0.6162907 0.6046957 0.6138465 0.607218 0.568208 0.5470396 0.5308462 0.5229489 0.5436865 0.4801627 0.4519164 0.5183017 0.6058539 0.6166192 0.6273848 0.6286051 0.6298273 0.6322973 0.6343557 0.6351731 0.634335 0.6401432 0.6343357 0.6351755 0.6376827 0.6385372 0.6389843 0.6377796 0.6361684 0.6349812 0.6408595 0.6380311 0.6360426 0.6340642 0.6366621 0.6313841 0.6290225 0.6316527 0.6305583 0.6257397 0.6192724 0.6277587 0.6196545 0.6020156 0.5823131 0.5406246 0.5288327 0.5477675
0.3120224 0.3885766 0.4028665 0.410925 0.4314296 0.4378157 0.4861165 0.4626047 0.4897231 0.482799 0.4210793 0.4589663 0.5130327 0.5550542 0.5572214 0.5153838 0.5237603 0.5495607 0.5670516 0.5222745 0.5737833 0.6012103 0.6004048 0.6074774 0.6132972 0.6112232 0.574692 0.5738496 0.5393812 0.5717326 0.5177465 0.5185448 0.5579408 0.6205784 0.6309171 0.6329542 0.6370673 0.6349561 0.6357526 0.6340619 0.6369408 0.6365039 0.6402228 0.6356465 0.6339821 0.6373054 0.6410515 0.6381646 0.6365312 0.6357369 0.6370271 0.6391572 0.6354862 0.635976 0.6323255 0.6307613 0.6337736 0.6305711 0.6269649 0.6254457 0.629749 0.6290833 0.6172231 0.6045448 0.5702956 0.5476805 0.5354543 0.5232409 0.5226616
0.3275879 0.3634731 0.3611672 0.3704775 0.4026099 0.4608845 0.4436113 0.4470837 0.4766974 0.463137 0.4479081 0.4953454 0.5224362 0.500126 0.4919194 0.4820434 0.5306824 0.5506731 0.5121309 0.4598826 0.5176167 0.5437969 0.561667 0.5471534 0.5832687 0.6131498 0.6197794 0.6160251 0.5508349 0.5769519 0.5727642 0.5735525 0.6050519 0.6174558 0.631518 0.6356182 0.6384733 0.6392545 0.6392074 0.6395783 0.6387079 0.6374269 0.6423771 0.6386169 0.6344482 0.639418 0.6427352 0.6398348 0.6386032 0.6377956 0.6382428 0.6399452 0.6350167 0.6346644 0.6343228 0.6294267 0.6303528 0.6308753 0.6293344 0.6248999 0.6117612 0.6090114 0.5846907 0.5661936 0.5526897 0.5441796 0.5410779 0.5458754 0.5378191
0.3037278 0.3346392 0.358904 0.3565989 0.3899826 0.3847588 0.3774524 0.4282469 0.4640913 0.402388 0.4012754 0.4657338 0.4450957 0.4149021 0.3842844 0.4615733 0.5230806 0.5144328 0.4327246 0.3916827 0.4535664 0.5046487 0.5158755 0.5071695 0.5333195 0.565686 0.6362294 0.6378642 0.6224737 0.619943 0.6273675 0.6260703 0.6255991 0.6292751 0.634609 0.6382816 0.6415388 0.6414764 0.6393406 0.641773 0.6433791 0.6391788 0.6428697 0.6428311 0.6427992 0.6436046 0.646078 0.6402587 0.640259 0.6390235 0.6407033 0.641978 0.6399427 0.6325224 0.6205478 0.6222815 0.6248569 0.6299348 0.6238182 0.6148083 0.6029057 0.5852048 0.568347 0.5448611 0.5271992 0.5286433 0.5205542 0.5365522 0.528905
0.3217941 0.3647491 0.3898506 0.4074748 0.430488 0.3754625 0.3876692 0.4368085 0.4514894 0.407223 0.3911718 0.3825828 0.3511561 0.3562453 0.4098872 0.4851025 0.4851818 0.4757045 0.4159947 0.4471732 0.4434761 0.4588615 0.4962346 0.4792242 0.5593279 0.575087 0.6198906 0.6431016 0.6434755 0.6392757 0.6379744 0.6329312 0.6341089 0.6315471 0.6385289 0.6392831 0.6387918 0.6412062 0.6324156 0.63857 0.6438977 0.644664 0.6404549 0.6457981 0.6461675 0.6477893 0.6431932 0.6415111 0.6406682 0.6419101 0.6444074 0.6431795 0.6386418 0.6349455 0.6250347 0.6271726 0.6276622 0.6298243 0.6207924 0.6105281 0.6044273 0.5941889 0.5657011 0.5376417 0.5457062 0.5359368 0.5411232 0.5371919 0.5274637
0.358543 0.3633191 0.40752 0.4417529 0.417455 0.3740567 0.3655155 0.4532603 0.4256093 0.3875727 0.329604 0.2496275 0.2729916 0.3573599 0.4305116 0.3928315 0.3588766 0.3589464 0.3353469 0.4159171 0.4338021 0.4836357 0.5010833 0.5031624 0.6094108 0.6214291 0.6321915 0.6421133 0.6412339 0.6453263 0.6369587 0.6385457 0.6368064 0.6400434 0.6412017 0.643188 0.6418532 0.6388581 0.6337894 0.6432503 0.6444134 0.6468261 0.6405278 0.6458572 0.6466278 0.6494812 0.6469471 0.6435915 0.6431507 0.6456252 0.6431292 0.6423042 0.6389999 0.6319717 0.6199744 0.619196 0.6225806 0.625978 0.6239924 0.6207749 0.6100995 0.5641574 0.5460381 0.5528364 0.5243682 0.5058757 0.513546 0.5374179 0.5330799
