02_Processed_Data/Guangdong-driving/Tem/txt/txt-95.txt
ncols         755
nrows         605
xllcorner     491130
yllcorner     2101946
cellsize      1000
NODATA_value  -9999
[rows 434 to 464 of 605, columns 69 to 137 of 755]
0.8926975 0.8971413 0.909374 0.896182 0.8948794 0.8923444 0.8881672 0.887678 0.8929275 0.8994048 0.9054695 0.9016908 0.9003698 0.9080673 0.9079714 0.8968012 0.90207 0.9048347 0.9034961 0.9099456 0.9106513 0.8941321 0.8960617 0.9000385 0.8986813 0.872718 0.913179 0.9171425 0.9161817 0.9148076 0.9158899 0.9177888 0.9164037 0.9162448 0.9164922 0.9150956 0.9149403 0.9151748 0.9166353 0.918502 0.9187242 0.9193525 0.9195663 0.9193659 0.9183413 0.9193624 0.9224295 0.9209818 0.9203496 0.9213532 0.9207121 0.9171959 0.9194161 0.9212216 0.9217923 0.9215383 0.9212752 0.921011 0.9219725 0.9208788 0.9156801 0.914987 0.9159296 0.9230181 0.9235411 0.9240592 0.9200621 0.9222111 0.9157441
0.9091569 0.9094993 0.8983582 0.8929561 0.8937026 0.8919868 0.8910887 0.8926488 0.8950267 0.9031432 0.9059262 0.9013264 0.9082051 0.9081104 0.9080132 0.9062732 0.9049802 0.9040533 0.9023037 0.9026011 0.9041256 0.9105676 0.8862531 0.8947392 0.8921506 0.8702865 0.9160768 0.9175789 0.918667 0.9185218 0.9187828 0.91781 0.9160137 0.9158534 0.9148697 0.9147019 0.914546 0.9151893 0.9170588 0.917694 0.9191454 0.9193624 0.9195753 0.9197839 0.9179379 0.9205983 0.9240744 0.9242659 0.9232225 0.9238151 0.923173 0.9188359 0.9157246 0.9187593 0.9201493 0.9211246 0.9229116 0.9242868 0.9219671 0.9204628 0.9193637 0.9194903 0.9220724 0.9221893 0.9223016 0.9224094 0.9229223 0.9205601 0.9194233
0.9096248 0.8935642 0.8951337 0.8942409 0.8945764 0.8932694 0.8948306 0.8976199 0.8897456 0.9003209 0.8994127 0.9021924 0.9070197 0.906514 0.9096959 0.9087746 0.9025604 0.8979419 0.8941406 0.9059182 0.9058014 0.9134724 0.9096588 0.88739 0.8966916 0.8936885 0.916925 0.9188356 0.9199228 0.9189559 0.9188058 0.9174219 0.9156242 0.9142327 0.9144777 0.9147187 0.9166127 0.9176649 0.9183029 0.918117 0.9191571 0.918963 0.9191747 0.9181521 0.9175353 0.9206046 0.9216194 0.9226298 0.9228157 0.9234076 0.9244046 0.923757 0.9202347 0.9171178 0.918097 0.9198917 0.9196283 0.9242831 0.9244229 0.9249681 0.9226382 0.921944 0.9224752 0.9213614 0.9181927 0.91953 0.9229128 0.9254707 0.9185928
0.9100931 0.8969018 0.8988804 0.8967565 0.8975009 0.896603 0.8940626 0.89029 0.8906155 0.8958592 0.8912593 0.895678 0.8947635 0.9086082 0.9035879 0.9043057 0.9005511 0.8992118 0.8999199 0.8998048 0.9070675 0.912277 0.9133829 0.8771711 0.8942624 0.9076599 0.9185937 0.9188629 0.9191287 0.9189809 0.9175994 0.9162141 0.9152352 0.9154828 0.9161366 0.9151465 0.9182699 0.9185007 0.9191377 0.9197707 0.9191696 0.9189743 0.9187749 0.9185712 0.9167234 0.9210218 0.9220355 0.9226348 0.9236401 0.9234105 0.9244067 0.9249885 0.9210552 0.9220379 0.9172755 0.9149687 0.9220862 0.9230502 0.923189 0.9225034 0.9214031 0.9198879 0.9167281 0.9160239 0.915725 0.9174717 0.923314 0.9258716 0.9153026
0.910562 0.891219 0.8981172 0.8984524 0.8963255 0.8958365 0.8953453 0.8932118 0.8968163 0.8926279 0.8966379 0.8826033 0.8939892 0.903322 0.9007609 0.9027076 0.9026428 0.9058127 0.9077497 0.9092736 0.9087443 0.9061617 0.9125968 0.8915557 0.8893734 0.9158913 0.9178029 0.9188909 0.9179252 0.9169562 0.9159834 0.9162372 0.915667 0.9171437 0.9182063 0.9180349 0.9191076 0.9176971 0.9187431 0.920195 0.9208229 0.9210365 0.9191959 0.9177611 0.9171422 0.9214396 0.9228624 0.9230508 0.925285 0.9250546 0.9227695 0.9254004 0.9202361 0.922038 0.918505 0.9194777 0.9224951 0.923048 0.9231862 0.9192194 0.9144281 0.9166027 0.9159024 0.9135574 0.9177685 0.9203346 0.9237162 0.9246331 0.9202144
0.8958595 0.8982481 0.9006347 0.8989187 0.8959706 0.8963006 0.8863773 0.8957241 0.8927667 0.8893972 0.8880754 0.8871612 0.9022362 0.902137 0.8983446 0.9031603 0.9055551 0.907904 0.9102496 0.9064417 0.9087815 0.9119381 0.9155018 0.9141418 0.9144187 0.9138722 0.9174224 0.9172792 0.9187728 0.9161621 0.9184686 0.9162608 0.9165095 0.9183949 0.9190464 0.919284 0.9191261 0.9201749 0.9208094 0.92062 0.9220669 0.9214595 0.9224879 0.9214621 0.9179718 0.9210382 0.92328 0.9259276 0.9257005 0.9262893 0.9252334 0.9254032 0.9247485 0.9244995 0.9197353 0.9186572 0.9229046 0.9242766 0.9235942 0.9200368 0.9201652 0.9174185 0.9167176 0.9184725 0.9206328 0.9227884 0.9257594 0.9262658 0.9255371
0.8868985 0.8868256 0.8974121 0.9006158 0.8988967 0.8979955 0.8794602 0.884295 0.8895378 0.8718154 0.8659819 0.8851589 0.8994128 0.8993124 0.8987989 0.9040236 0.907648 0.9054851 0.9078295 0.9027902 0.9104593 0.9173054 0.9175873 0.9195065 0.9206021 0.9204644 0.9178631 0.9164884 0.9224911 0.9165989 0.916854 0.9150549 0.9169428 0.9188271 0.9190671 0.9188936 0.9220155 0.9214229 0.9220566 0.9202259 0.9208515 0.921473 0.9220905 0.9214735 0.9196225 0.9194073 0.920828 0.9226547 0.925707 0.9267048 0.9268782 0.9258169 0.9255714 0.9253214 0.9226067 0.922758 0.923315 0.9242763 0.9244132 0.9233154 0.9222128 0.9202856 0.9187642 0.9205184 0.9239082 0.9260632 0.9273937 0.9274892 0.9279902
0.8877789 0.8975464 0.8978806 0.8961627 0.8981329 0.899281 0.8918158 0.8773773 0.8875396 0.887858 0.8902246 0.9020196 0.9023306 0.903869 0.9025345 0.9048876 0.9064612 0.9055271 0.9050002 0.9052902 0.9141883 0.9165226 0.9180334 0.9183112 0.9185856 0.9204967 0.9183041 0.9181585 0.9229298 0.9194967 0.9213905 0.9216408 0.9222973 0.9233603 0.9227793 0.9217842 0.9236757 0.9239021 0.9237143 0.925163 0.9261975 0.9255879 0.923744 0.9231261 0.9220939 0.9214677 0.919197 0.9173322 0.9203837 0.9246609 0.9252433 0.9262316 0.9235249 0.9249141 0.9234289 0.9239892 0.9233162 0.9234567 0.9203124 0.9208541 0.9209812 0.9182332 0.9175311 0.9196948 0.9218537 0.9240083 0.9277984 0.9283035 0.9288041
0.8968613 0.8865354 0.8893288 0.8966307 0.89942 0.8935962 0.8807992 0.8778413 0.8761107 0.8805287 0.8935553 0.8856667 0.9023786 0.9043259 0.9021701 0.9057523 0.9081453 0.9100804 0.9120124 0.9135315 0.9191481 0.9186108 0.9180703 0.9179366 0.9136992 0.913559 0.9171059 0.9173689 0.9233693 0.9162444 0.9193674 0.9224867 0.922322 0.9225635 0.9228014 0.9230354 0.9232865 0.9222816 0.9163521 0.9227201 0.9258038 0.9260132 0.9253985 0.9264197 0.9266165 0.9259893 0.9220775 0.9193917 0.9208018 0.9217977 0.9211493 0.9250069 0.9247596 0.925328 0.9238417 0.9231711 0.921268 0.9209978 0.9215432 0.9212641 0.9209805 0.9206921 0.9199894 0.9213323 0.9243109 0.9268749 0.9282041 0.9278888 0.931259
0.8944627 0.8882363 0.8856981 0.8999699 0.8953773 0.8526481 0.8714237 0.8729752 0.8827248 0.8822212 0.890736 0.896788 0.891766 0.8986329 0.9009863 0.9049775 0.9073699 0.9146345 0.9165653 0.916033 0.9154975 0.9170091 0.9168776 0.919203 0.9161946 0.9152331 0.9175486 0.9194507 0.9205292 0.9179137 0.918575 0.9225132 0.9231675 0.9225879 0.9232345 0.9226474 0.9200278 0.9198417 0.9159613 0.9202782 0.924591 0.9256192 0.9270536 0.9260235 0.9245794 0.9223108 0.9208584 0.922272 0.922041 0.9226259 0.9256669 0.9287034 0.9259952 0.9253324 0.9234354 0.922764 0.9241417 0.9201802 0.9231851 0.9233152 0.9226208 0.9231521 0.9228587 0.9225609 0.9259488 0.9264621 0.9273806 0.9278849 0.9304347
0.8908347 0.8911682 0.8878089 0.8910083 0.8950256 0.8974006 0.8911623 0.8877919 0.8872895 0.890885 0.9022691 0.9046294 0.9008363 0.8252825 0.8875018 0.9050232 0.9152063 0.9163188 0.9170184 0.917715 0.9147182 0.9145885 0.9181458 0.9175999 0.9162304 0.9181381 0.9208624 0.9174326 0.9168698 0.9187636 0.9186038 0.9217206 0.9236038 0.9242532 0.9244887 0.9214399 0.9225105 0.9223235 0.9250028 0.9256279 0.9266594 0.9260462 0.9266595 0.9260385 0.9221329 0.9174032 0.9192301 0.9239231 0.9216409 0.9218149 0.9232149 0.9278907 0.9247713 0.9273883 0.9279507 0.9272785 0.9229155 0.9210036 0.925238 0.9274176 0.9263124 0.9293032 0.9298294 0.9283007 0.9275877 0.9272802 0.9273783 0.9278818 0.9304314
0.8933586 0.8900002 0.88664 0.8902484 0.8942648 0.8765463 0.8903991 0.8952285 0.8967752 0.8946291 0.9006814 0.9042707 0.9025269 0.8950396 0.9060018 0.9116306 0.9111521 0.9143138 0.9170623 0.9157075 0.9159898 0.9183191 0.9198253 0.919278 0.9183173 0.9194037 0.9204867 0.9182857 0.9197719 0.9216647 0.9194533 0.922569 0.9244511 0.9242792 0.9245135 0.9235139 0.9262245 0.9260362 0.9270743 0.9264683 0.9242181 0.9260643 0.9270865 0.9248242 0.9196876 0.9190573 0.9225233 0.9268054 0.9241123 0.9238752 0.9256842 0.9278989 0.9251887 0.9241145 0.9271363 0.9256433 0.9221007 0.9230583 0.9260618 0.9266006 0.9250846 0.9305351 0.9306505 0.9311715 0.931688 0.9317901 0.9318876 0.9328007 0.9304289
0.8905522 0.8736615 0.8666098 0.8960502 0.898015 0.8868563 0.8957876 0.8973355 0.9017514 0.9049346 0.9056553 0.8998123 0.9038079 0.9016503 0.9076908 0.9096279 0.9132495 0.9151798 0.9138267 0.9124706 0.9176722 0.9200004 0.9178149 0.9164463 0.9158946 0.9153394 0.9164212 0.9195499 0.9206247 0.9225162 0.9227641 0.9234183 0.9252991 0.9259461 0.9253592 0.9259988 0.9266588 0.9264696 0.9270964 0.9268994 0.9279285 0.9269034 0.9262843 0.924841 0.9197035 0.9194822 0.920487 0.9272282 0.9253543 0.9247065 0.9256943 0.9295483 0.9272474 0.9290425 0.9300134 0.9264692 0.9266174 0.9247038 0.9268865 0.9278347 0.9291884 0.9305376 0.9306524 0.9307628 0.9316888 0.9289199 0.9290168 0.9286994 0.9320678
0.8926675 0.8876671 0.8974262 0.9002123 0.9029965 0.9016776 0.8974864 0.9006734 0.9005777 0.9025297 0.9077596 0.8986351 0.9030398 0.902521 0.9065102 0.9088561 0.9116574 0.9144064 0.9118221 0.9149753 0.9181256 0.9167621 0.9194959 0.9164858 0.9167531 0.9170167 0.9189175 0.9208149 0.9202483 0.9229589 0.9236155 0.9242685 0.9261482 0.925974 0.9249759 0.9256143 0.9266843 0.9269039 0.9275297 0.9277415 0.9267192 0.925283 0.9258931 0.9240388 0.9230007 0.9219582 0.921322 0.9268321 0.9298778 0.9259486 0.9293959 0.9275085 0.929307 0.9298713 0.9296111 0.9285263 0.9266246 0.9279909 0.9293526 0.93071 0.9312431 0.9317716 0.9322957 0.9319953 0.9304605 0.928511 0.9269674 0.9266493 0.9316575
0.8964238 0.8983932 0.9011806 0.9035556 0.9014179 0.899278 0.8995962 0.8990917 0.8981746 0.9013557 0.9078147 0.9015594 0.9030925 0.9050329 0.9069705 0.9109554 0.9112961 0.911584 0.9122787 0.9154307 0.9169395 0.9184452 0.9174874 0.9161165 0.9200728 0.9207454 0.922645 0.9212607 0.9211032 0.9234021 0.9244678 0.9247097 0.9257681 0.9251826 0.9254135 0.9256406 0.9267106 0.9273392 0.9267337 0.9269444 0.9267414 0.9261242 0.9234528 0.9232378 0.9234287 0.9236155 0.9229782 0.9268472 0.9290719 0.9288321 0.9294081 0.9287499 0.9297276 0.930291 0.9300299 0.9301746 0.9286832 0.9300486 0.9314097 0.9315363 0.9312484 0.9317764 0.9318899 0.9311788 0.9316936 0.9276935 0.9281994 0.9270608 0.9308383
0.8997709 0.8992789 0.9045255 0.9003388 0.9010704 0.9017999 0.9021167 0.900791 0.9015133 0.9079735 0.9095106 0.8942332 0.9019159 0.9079556 0.908662 0.9097754 0.9112961 0.9140928 0.9139662 0.9142469 0.9161645 0.9184891 0.9158899 0.9169779 0.9201131 0.9183244 0.9181724 0.918017 0.9203184 0.9217965 0.9232709 0.9267921 0.9274393 0.9264425 0.9258523 0.9260783 0.927558 0.9277756 0.9263489 0.9257385 0.9263544 0.9253261 0.9218336 0.925308 0.9254977 0.9244534 0.9320161 0.9248129 0.9212961 0.9300765 0.9310616 0.9308126 0.9305592 0.9307117 0.93168 0.9277235 0.9315631 0.9333376 0.9326478 0.9319535 0.9320751 0.9326023 0.9282047 0.9283133 0.9280072 0.9276969 0.926152 0.9262431 0.9291999
0.9010687 0.9030361 0.9095117 0.9065542 0.9072846 0.9055526 0.9070987 0.9061819 0.9093632 0.9100816 0.9050569 0.8737866 0.9056609 0.9108793 0.9107643 0.9118767 0.9133962 0.9149625 0.9136047 0.9130639 0.9162105 0.9160737 0.9159336 0.9198908 0.916874 0.9167243 0.9161609 0.9184648 0.9183048 0.9218319 0.922895 0.9251849 0.925831 0.9272934 0.927932 0.928157 0.9292268 0.929033 0.9288355 0.9249435 0.9276087 0.9273995 0.925136 0.9269692 0.9275681 0.9236525 0.9254736 0.9326211 0.9307433 0.9317319 0.931076 0.9308261 0.9293419 0.9282634 0.9300509 0.9281437 0.9328036 0.9333475 0.9330668 0.9331921 0.933723 0.9309693 0.9298514 0.9270888 0.9271923 0.9272915 0.9286166 0.9278868 0.9316633
0.9044179 0.9076143 0.9112185 0.9111302 0.9122697 0.9093065 0.9124915 0.9132137 0.9143439 0.913831 0.9108554 0.907057 0.9085866 0.9101136 0.9124576 0.9106985 0.912217 0.9133728 0.9124239 0.9122921 0.9146172 0.9157095 0.9172085 0.9191142 0.9181463 0.9175853 0.917021 0.9164532 0.9162923 0.9218683 0.9307213 0.924809 0.9266838 0.9277352 0.929193 0.9294168 0.9288462 0.9286514 0.9284528 0.9270201 0.9284539 0.9257835 0.9263892 0.9274013 0.9271793 0.9253128 0.9259027 0.9289486 0.9315807 0.9305181 0.9319116 0.9316609 0.9281254 0.9270461 0.9284229 0.9306154 0.9332255 0.9337685 0.9334871 0.9336117 0.933322 0.9313874 0.9302689 0.9311963 0.929249 0.9313979 0.9298517 0.9295316 0.9333075
0.900387 0.9048125 0.9100559 0.9099665 0.911515 0.9114211 0.9129648 0.9120458 0.916045 0.915121 0.9133744 0.9124453 0.9123335 0.9138591 0.914972 0.9140319 0.9102185 0.9158849 0.9161648 0.9143916 0.9179457 0.9198568 0.9229949 0.9244894 0.9190099 0.9217281 0.9240327 0.9226438 0.9237117 0.9214957 0.9214957 0.9246069 0.924844 0.9254878 0.9277681 0.9292246 0.9282489 0.9264167 0.9282711 0.9301215 0.9299178 0.9301205 0.9278591 0.9268238 0.9274247 0.9272016 0.9253342 0.9279733 0.9297884 0.9320093 0.9313558 0.9311084 0.9308565 0.9281403 0.9287003 0.9296664 0.9335119 0.9336484 0.9333706 0.9330886 0.9340326 0.933742 0.9338571 0.9339681 0.9332547 0.9329469 0.9322248 0.9298583 0.9307677
0.9050522 0.9033281 0.9040622 0.9109446 0.9124945 0.9115816 0.9114864 0.9142592 0.9121091 0.915287 0.9139519 0.9130242 0.913324 0.9156715 0.9151458 0.9142072 0.9136759 0.9140155 0.9163476 0.9186765 0.916082 0.9196351 0.9194947 0.9222215 0.9294555 0.9215146 0.9225913 0.9228448 0.9226847 0.9253916 0.927685 0.9262845 0.9318511 0.9267531 0.927802 0.9288476 0.9311522 0.930959 0.9303519 0.9301511 0.9303566 0.9301481 0.9282955 0.926029 0.9278591 0.9251747 0.9257666 0.928815 0.929399 0.932439 0.9305546 0.9290758 0.9271831 0.9285664 0.9295358 0.932141 0.935167 0.9344826 0.9342041 0.9339213 0.9340444 0.932523 0.9322276 0.9311076 0.9303936 0.9309053 0.9326431 0.9327361 0.9311848
0.906355 0.9099606 0.9127439 0.9163449 0.9142033 0.9145194 0.9123729 0.9155547 0.9175039 0.9174004 0.9168841 0.9171855 0.9142038 0.9173702 0.9172534 0.9175436 0.9174213 0.9157107 0.9168113 0.9199593 0.9190039 0.9196854 0.9207739 0.9214493 0.9225315 0.9232004 0.9230458 0.924528 0.926007 0.9283027 0.9281347 0.9287834 0.9322985 0.9288395 0.9294774 0.9305217 0.9311522 0.9322221 0.9316138 0.9322321 0.9320264 0.9314069 0.927093 0.929336 0.9254245 0.9276595 0.9245602 0.9255572 0.9310607 0.9299995 0.9264739 0.9278647 0.9300717 0.931044 0.9328327 0.9337968 0.9351831 0.9357282 0.936269 0.9347553 0.9324175 0.9321254 0.9314193 0.9331691 0.9304041 0.9296852 0.9306021 0.9315149 0.930783
0.905609 0.9083933 0.9107655 0.9155958 0.9171433 0.913358 0.9120306 0.9176715 0.9167492 0.9191048 0.9185874 0.9188877 0.9167249 0.9178398 0.919772 0.9163708 0.9166573 0.9194572 0.9197366 0.9249337 0.9219267 0.9213771 0.9224644 0.9214982 0.9229892 0.9248871 0.9259616 0.9270328 0.9272802 0.9279346 0.9269453 0.9292328 0.9294668 0.9329774 0.9307438 0.9313768 0.9324164 0.9322562 0.932467 0.932264 0.9328774 0.9318468 0.9308122 0.9301839 0.9311919 0.9268653 0.925405 0.9296817 0.9323139 0.9308417 0.9293653 0.9323955 0.9333714 0.9335229 0.9336703 0.9354539 0.9356105 0.9357446 0.9346445 0.9355906 0.9340719 0.9333693 0.9314322 0.9323613 0.931646 0.9321566 0.9318429 0.933575 0.9320226
0.9073242 0.9092874 0.9116587 0.9132075 0.9135237 0.9126077 0.9116891 0.9140486 0.9159955 0.9179398 0.9166014 0.9193608 0.9192472 0.9195407 0.9169612 0.9184795 0.9187648 0.9199245 0.9218429 0.9253986 0.9203401 0.9234797 0.9225156 0.9215482 0.9197578 0.9224746 0.924368 0.9246179 0.9273245 0.9242873 0.924937 0.9280437 0.9303265 0.9305556 0.9316013 0.9318233 0.9324516 0.9327015 0.9329113 0.9331173 0.9324995 0.9306477 0.9300222 0.9310331 0.9299898 0.9273024 0.9229708 0.9338073 0.9327481 0.931275 0.932258 0.9352873 0.9354421 0.9347728 0.9353295 0.9350621 0.9364491 0.9345323 0.9342515 0.9339666 0.9353178 0.9354343 0.9326769 0.9327849 0.9337092 0.9358596 0.935545 0.9348164 0.9344936
0.9074005 0.9105927 0.9133731 0.9157407 0.914826 0.9143189 0.9125792 0.9145274 0.9172932 0.9188265 0.918717 0.921065 0.9205402 0.9171422 0.9178421 0.9181291 0.918003 0.9212129 0.9227201 0.9217641 0.9224452 0.9251736 0.9233881 0.9220097 0.9218581 0.9258038 0.9240057 0.9234344 0.9277801 0.9263819 0.9249802 0.9268554 0.9307774 0.9314155 0.9308197 0.9322708 0.9328979 0.9339681 0.935407 0.9356119 0.9333528 0.9323202 0.9300534 0.9318834 0.9312492 0.9261004 0.9324292 0.9334236 0.9315434 0.9304795 0.9339218 0.9353101 0.9362842 0.935614 0.93658 0.9367214 0.9356489 0.9366016 0.93591 0.9335741 0.9336945 0.9334004 0.931872 0.9311599 0.9324935 0.9342328 0.9359682 0.9393396 0.9394262
0.9078879 0.9110793 0.9122183 0.9162251 0.9153091 0.9160312 0.9147003 0.9158275 0.918592 0.9225845 0.9183735 0.9186702 0.9185541 0.9163852 0.9195442 0.9190097 0.9192927 0.9245527 0.9248286 0.9226413 0.9237314 0.9239981 0.924262 0.9224722 0.9206793 0.9213434 0.9215943 0.9214318 0.9270067 0.9247872 0.9237944 0.9277188 0.9312295 0.9318665 0.9324999 0.9331296 0.9333457 0.9327758 0.9342135 0.9348276 0.9337975 0.9335839 0.9325463 0.9323249 0.9296395 0.9335109 0.9340982 0.9338611 0.9299299 0.9329653 0.9347668 0.9365641 0.9367174 0.9368664 0.9370114 0.9371523 0.9356701 0.9333416 0.9330595 0.9340032 0.9308423 0.9334179 0.9318889 0.9307658 0.9325088 0.9354779 0.9363927 0.9381232 -9999
0.9075567 0.911157 0.9122947 0.9134303 0.9162037 0.9169245 0.9139523 0.9150783 0.9215325 0.920193 0.9188512 0.9203768 0.9210798 0.9193198 0.9216574 0.922352 0.9234539 0.9217432 0.9236582 0.9251602 0.9229684 0.9236441 0.9214466 0.9237561 0.9182716 0.9201647 0.9216446 0.9202508 0.9250043 0.9248338 0.9267102 0.9289933 0.932503 0.9335488 0.9341811 0.9331695 0.9333845 0.934455 0.9350716 0.9352744 0.9358836 0.935259 0.9338102 0.9327677 0.9325416 0.9355919 0.935358 0.9343001 0.9332383 0.9342225 0.9368433 0.9369994 0.9363316 0.9364799 0.9370341 0.9367641 0.9356924 0.9345934 0.9334904 0.9315631 0.9312718 0.9309765 0.9298569 0.9303733 0.9333458 0.933444 0.9364082 0.9369082 0.939864
0.9109169 0.9104156 0.9127827 0.9151471 0.9179193 0.9153588 0.915666 0.9176109 0.9220136 0.9182128 0.9205601 0.9183944 0.918276 0.9181551 0.9204915 0.9224151 0.9231057 0.9246756 0.923719 0.9248097 0.9246671 0.9249318 0.9235528 0.9242211 0.9220157 0.9259579 0.9229261 0.9219412 0.9279239 0.9244719 0.9238867 0.9265788 0.9304972 0.9319521 0.9321731 0.9303405 0.9313745 0.9340854 0.9347007 0.9344925 0.9334605 0.9340649 0.9317951 0.9319817 -9999 0.9360341 0.9362092 0.9367906 0.937368 0.9375313 0.9372807 0.9374362 0.9371774 0.9369149 0.936238 0.9367875 0.9356924 0.9337963 0.9331025 0.9299442 0.9284222 0.9285362 0.9306964 0.9324422 0.9313139 0.9342816 0.9368352 0.9402049 -9999
0.9130484 0.9113159 0.9136816 0.9156352 0.9200466 0.9158444 0.9153306 0.9172744 0.9208559 0.9186943 0.9181701 0.9184634 0.9203942 0.9215021 0.9217871 0.9208393 0.9231689 0.9251489 0.9266515 0.9256907 0.9259571 0.9270405 0.92238 0.922227 0.924531 0.9247816 0.9221587 0.9219927 0.9308444 0.924521 0.9235249 0.9274457 0.9309531 0.9311767 0.9305765 0.9291526 0.9305957 0.9283862 0.9318708 0.9316617 0.9375994 0.9341021 0.9334717 0.9340675 -9999 0.9356575 0.9354216 0.9355919 0.9361684 0.9367409 0.9368995 0.937464 0.9359744 0.9353008 0.9354433 0.9355818 0.9365364 0.9305403 0.9323061 0.9299672 0.9304945 0.9293777 0.9303071 0.9328724 0.9321535 0.9363508 0.9372635 0.9402226 0.9407172
0.916001 0.9146777 0.9149922 0.9169447 0.9201248 0.918382 0.9182768 0.9189895 0.9221598 0.9199969 0.9202917 0.920994 0.9216933 0.92198 0.9239042 0.9229551 0.921183 0.9248034 0.9258947 0.927393 0.9276582 0.92546 0.9207984 0.9222844 0.9225371 0.9252468 0.9254931 0.9249158 0.9276156 0.9278519 0.9256244 0.927084 0.9285401 0.9271223 0.9281611 0.9291965 0.9302284 0.9308894 0.9278123 0.9284221 0.9331287 0.9357811 0.9351496 0.9349242 -9999 0.9356923 0.9358653 0.9364449 0.9366104 0.9359518 0.9348792 0.9354429 0.9335424 0.9295875 0.9297292 0.9315072 0.933281 0.9285157 0.9265903 0.9299912 0.9321583 0.9322709 0.9327895 0.932894 0.9321741 0.9347308 0.9368733 0.9394215 0.9386854
0.9173151 0.9172208 0.9163041 0.9170251 0.9189742 0.9213306 0.917124 0.9190655 0.924695 0.922531 0.9215946 0.9222956 0.9205335 0.9220493 0.9243824 0.9230221 0.9216588 0.9256894 0.9259592 0.9282765 0.9301808 0.9304417 0.9249588 0.921113 0.9225946 0.9265335 0.9259584 0.9253801 0.9293087 0.9279038 0.9269052 0.9279535 0.9277682 0.9275794 0.9290275 0.9312918 0.9315025 0.933804 0.9303158 0.9329747 0.9311194 0.9366412 0.9355986 0.9357824 -9999 0.9361385 0.9363105 0.9368891 0.9366436 0.9347538 0.9328604 0.9321931 0.932342 0.9316667 0.9322175 0.9315344 0.9308472 0.9285428 0.9266164 0.930427 0.9321833 0.9339353 0.9373234 0.9304565 0.9305562 0.9347523 0.9389444 0.9394418 0.9391153
0.9198607 0.9173049 0.9208977 0.9195675 0.9211051 0.9230506 0.9196628 0.9211932 0.9255913 0.9242464 0.9237188 0.9248286 0.9242957 0.9245801 0.9248618 0.9243202 0.9245961 0.9282167 0.9293056 0.9295714 0.9314744 0.9300939 0.9262502 0.9256836 0.9238837 0.924951 0.9268352 0.9287156 0.9269028 0.9291869 0.9294174 0.9304647 0.9294582 0.9304984 0.9286649 0.9346188 0.9340079 0.9350797 0.936511 0.9350684 0.9340322 0.9362726 0.9352288 0.9362317 0.9364107 0.9365858 0.9367571 0.9365145 0.9370883 0.9327374 0.9324832 0.9355053 0.9319628 0.9300568 0.9306067 0.931563 0.9308749 0.9302113 0.9295143 0.9312739 0.9330293 0.936011 0.934888 0.9304808 0.9326299 0.9355953 0.9414269 0.941514 0.9399567
