02_Processed_Data/Guangdong-driving/Way/railway/railway-txt.txt
ncols         755
nrows         605
xllcorner     491130
yllcorner     2101946
cellsize      1000
NODATA_value  -9999
[rows 150 to 179 of 605, columns 276 to 344 of 755]
0.6563613 0.6634856 0.6701835 0.6770466 0.6833823 0.6894326 0.6956556 0.7020466 0.7086012 0.7153148 0.722183 0.7292015 0.7363659 0.743672 0.7511157 0.758693 0.7602406 0.7482938 0.7363659 0.724458 0.712571 0.7007059 0.6888641 0.6770466 0.6652547 0.6534899 0.6417536 0.6300474 0.618373 0.6067323 0.5951272 0.58356 0.5720327 0.560548 0.5491085 0.537717 0.5263768 0.5150912 0.5038638 0.4926986 0.4816 0.4704061 0.45911 0.4478789 0.4367178 0.4256323 0.4144393 0.4031299 0.391894 0.3807382 0.3696697 0.358478 0.3471513 0.3359092 0.3247605 0.3129649 0.3009675 0.2890142 0.2771109 0.2652643 0.2534823 0.2417742 0.2301516 0.2186279 0.206462 0.1943409 0.1822735 0.1702713 0.1583491
0.6461342 0.6528901 0.6596956 0.6664315 0.6724012 0.6785495 0.6848713 0.691362 0.6980169 0.7048314 0.7118008 0.7189206 0.7261865 0.7335939 0.7411389 0.7488171 0.7566246 0.7446197 0.732632 0.7206624 0.7087117 0.696781 0.6848713 0.6729836 0.6611193 0.6492796 0.6374658 0.6256794 0.6139219 0.6021952 0.590501 0.5788412 0.5672181 0.5556339 0.5440911 0.5325923 0.5211406 0.509739 0.4983911 0.4871005 0.4758713 0.4647081 0.4536156 0.4424222 0.4311198 0.4198865 0.4087279 0.3976502 0.3864578 0.3751404 0.3639016 0.352749 0.3416912 0.3305004 0.3191628 0.3079167 0.2967726 0.2854679 0.2734103 0.261396 0.2494313 0.2375237 0.2256822 0.2139179 0.2022441 0.1906776 0.179239 0.1670189 0.1548465
0.6356193 0.6423638 0.6492796 0.6554056 0.6614748 0.6677237 0.674147 0.68074 0.6874977 0.6944155 0.7014883 0.7087117 0.7160812 0.7235922 0.7312403 0.7390214 0.7469312 0.7411389 0.729094 0.7170653 0.7050537 0.69306 0.6810852 0.6691303 0.6571965 0.6452848 0.6333964 0.6215328 0.6096955 0.5978858 0.5861056 0.5743566 0.5626409 0.5509605 0.5393176 0.5277148 0.5161549 0.5046408 0.4931754 0.4817626 0.4704061 0.45911 0.4478789 0.4367178 0.4256323 0.4144393 0.4031299 0.391894 0.3807382 0.3696697 0.358478 0.3471513 0.3359092 0.3247605 0.3137151 0.3025255 0.2911751 0.2799243 0.2687857 0.2577737 0.2459514 0.2338667 0.2218301 0.2098499 0.1979364 0.1861023 0.1743639 0.1627418 0.1512628
0.6250529 0.6319101 0.6384484 0.6444342 0.6506057 0.656958 0.6634856 0.6701835 0.6770466 0.6840699 0.6912487 0.6985781 0.7060533 0.7136697 0.7214231 0.729309 0.737323 0.7378541 0.7257547 0.7136697 0.7016 0.6895463 0.6775094 0.6654903 0.6534899 0.6415094 0.6295497 0.6176122 0.6056983 0.5938091 0.5819464 0.5701118 0.5583069 0.5465339 0.5347946 0.5230916 0.5114271 0.499804 0.4882252 0.476694 0.4652137 0.4537883 0.4424222 0.4311198 0.4198865 0.4087279 0.3976502 0.3864578 0.3751404 0.3639016 0.352749 0.3416912 0.3305004 0.3191628 0.3079167 0.2967726 0.2857423 0.2745543 0.2631884 0.2519319 0.2408 0.2298109 0.2186279 0.206462 0.1943409 0.1822735 0.1702713 0.1583491 0.1465264
0.6145598 0.6215328 0.6274302 0.6335201 0.639797 0.6462554 0.6528901 0.6596956 0.6666667 0.6737982 0.6810852 0.6885228 0.696106 0.7038301 0.7116907 0.7196832 0.7278032 0.734768 0.7226169 0.7104785 0.6983536 0.6862429 0.674147 0.6620669 0.6500033 0.6379573 0.6259298 0.6139219 0.6019349 0.58997 0.5780284 0.5661119 0.5542219 0.5423601 0.5305285 0.5187293 0.5069645 0.4952367 0.4835485 0.4719029 0.4603031 0.4487528 0.4372558 0.4258163 0.4144393 0.4031299 0.391894 0.3807382 0.3696697 0.358478 0.3471513 0.3359092 0.3247605 0.3137151 0.3025255 0.2911751 0.2799243 0.2687857 0.2577737 0.2465877 0.2352031 0.2239394 0.2128161 0.2018563 0.1910881 0.179239 0.1670189 0.1548465 0.1427339
0.6041439 0.6104661 0.6164693 0.6226664 0.6290517 0.6356193 0.6423638 0.6492796 0.6563613 0.6636037 0.6710014 0.6785495 0.6862429 0.6940768 0.7020466 0.7101476 0.7183754 0.7267258 0.7196832 0.7074945 0.6953176 0.683153 0.6710014 0.6588635 0.6467403 0.6346323 0.6225406 0.6104661 0.5984098 0.5863729 0.5743566 0.5623623 0.5503913 0.5384452 0.5265256 0.5146346 0.502774 0.4909461 0.4791533 0.4673982 0.4556838 0.4440133 0.4323902 0.4208185 0.4093026 0.3978472 0.3864578 0.3751404 0.3639016 0.352749 0.3416912 0.3305004 0.3191628 0.3079167 0.2967726 0.2857423 0.2745543 0.2631884 0.2519319 0.2408 0.2298109 0.2186279 0.2072196 0.195947 0.1848349 0.1739139 0.1627418 0.1512628 0.1399622
0.5935451 0.5994565 0.6055689 0.6118764 0.618373 0.6250529 0.6319101 0.6389391 0.6461342 0.6534899 0.6610008 0.6686618 0.6764677 0.6844135 0.6924945 0.7007059 0.7090434 0.7175023 0.7169561 0.7047202 0.6924945 0.6802794 0.6680756 0.6558836 0.6437042 0.631538 0.6193859 0.6072487 0.5951272 0.5830226 0.5709358 0.558868 0.5468205 0.5347946 0.5227919 0.5108139 0.4988625 0.4869396 0.4750473 0.4631881 0.4513644 0.4395792 0.4278357 0.4161374 0.4044882 0.3928925 0.3813551 0.3698816 0.358478 0.3471513 0.3359092 0.3247605 0.3137151 0.3025255 0.2911751 0.2799243 0.2687857 0.2577737 0.2465877 0.2352031 0.2239394 0.2128161 0.2018563 0.1906776 0.179239 0.1679546 0.1568576 0.1459907 0.1348294
0.5824847 0.5885072 0.5947321 0.6011533 0.6077646 0.6145598 0.6215328 0.6286778 0.635989 0.6434607 0.6510873 0.6588635 0.6667842 0.674844 0.6830382 0.691362 0.6998108 0.70838 0.7144379 0.7021582 0.6898871 0.677625 0.6653725 0.6531301 0.6408983 0.6286778 0.6164693 0.6042736 0.5920912 0.5799232 0.5677704 0.5556339 0.5435147 0.531414 0.5193332 0.5072735 0.4952367 0.4832243 0.4712382 0.4592806 0.4473537 0.43546 0.4236023 0.4117838 0.4000078 0.3882783 0.3765996 0.3649766 0.3534148 0.3419204 0.3305004 0.3191628 0.3079167 0.2967726 0.2857423 0.2745543 0.2631884 0.2519319 0.2408 0.2298109 0.2186279 0.2072196 0.195947 0.1848349 0.1739139 0.1627418 0.1512628 0.1399622 0.1288868
0.5714845 0.5776216 0.5839626 0.590501 0.5972302 0.6041439 0.6112357 0.6184997 0.6259298 0.6335201 0.641265 0.6491589 0.6571965 0.6653725 0.6736819 0.6821199 0.6906817 0.6993628 0.7081587 0.6998108 0.6874977 0.6751923 0.6628948 0.6506057 0.6383256 0.626055 0.6137943 0.6015443 0.5893055 0.5770788 0.5648648 0.5526645 0.5404787 0.5283085 0.5161549 0.5040193 0.4919028 0.4798069 0.4677333 0.4556838 0.4436602 0.4316647 0.4196998 0.4077682 0.3958728 0.384017 0.3722046 0.3604399 0.3487277 0.3370735 0.3254835 0.3139648 0.3025255 0.2911751 0.2799243 0.2687857 0.2577737 0.2465877 0.2352031 0.2239394 0.2128161 0.2018563 0.1906776 0.179239 0.1679546 0.1568576 0.1459907 0.1348294 0.1232939
0.560548 0.5668035 0.5732642 0.5799232 0.5867737 0.5938091 0.601023 0.6084089 0.6159607 0.6236724 0.631538 0.639552 0.6477088 0.6560031 0.6644297 0.6729836 0.6816602 0.6904547 0.6993628 0.6976801 0.6853288 0.6729836 0.6606451 0.6483134 0.635989 0.6236724 0.6113639 0.5990642 0.5867737 0.5744931 0.562223 0.549964 0.537717 0.5254829 0.5132625 0.5010567 0.4888668 0.476694 0.4645394 0.4524048 0.4402917 0.4282019 0.4161374 0.4041006 0.3920939 0.3801203 0.368183 0.3562855 0.3444321 0.3326274 0.3208768 0.3091865 0.2975636 0.2860163 0.2745543 0.2631884 0.2519319 0.2408 0.2298109 0.2186279 0.2072196 0.195947 0.1848349 0.1739139 0.1627418 0.1512628 0.1399622 0.1288868 0.1181002
0.549679 0.5560568 0.5626409 0.5694241 0.5763994 0.58356 0.5908989 0.5984098 0.6060863 0.6139219 0.6219109 0.6300474 0.6383256 0.6467403 0.655286 0.6639578 0.6727508 0.6816602 0.6904547 0.6953176 0.683153 0.6710014 0.6586257 0.6462554 0.6338911 0.6215328 0.6091812 0.5968364 0.5844991 0.5721697 0.5598486 0.5475366 0.535234 0.5229418 0.5106605 0.4983911 0.4861343 0.4738913 0.461663 0.4494507 0.4372558 0.4250796 0.4129239 0.4007906 0.3886817 0.3765996 0.364547 0.3525269 0.3405426 0.3285982 0.3166982 0.3048477 0.2930528 0.2813205 0.2696588 0.2580774 0.2465877 0.2352031 0.2239394 0.2128161 0.2018563 0.1906776 0.179239 0.1679546 0.1568576 0.1459907 0.1348294 0.1232939 0.1119697
0.5388816 0.5453857 0.552097 0.5590082 0.5661119 0.5734009 0.5808682 0.5885072 0.596311 0.6042736 0.6123884 0.6206498 0.6290517 0.6375887 0.6462554 0.6550468 0.6639578 0.6727508 0.6816602 0.6904547 0.6802794 0.6680756 0.6558836 0.6437042 0.631538 0.6193859 0.6072487 0.5948639 0.5824847 0.5701118 0.5577453 0.5453857 0.5330335 0.5206893 0.5083537 0.4960271 0.4837105 0.4714045 0.45911 0.4468279 0.4345594 0.4223055 0.4100676 0.3978472 0.3856459 0.3734656 0.3613085 0.3491768 0.3370735 0.3250017 0.3129649 0.3009675 0.2890142 0.2771109 0.2652643 0.2534823 0.2417742 0.2301516 0.2186279 0.2072196 0.195947 0.1848349 0.1739139 0.1627418 0.1512628 0.1399622 0.1288868 0.1181002 0.1069589
0.5281602 0.5347946 0.5416373 0.5486802 0.5559159 0.5633368 0.5709358 0.5787059 0.5866402 0.5947321 0.6029754 0.6113639 0.6198917 0.6285532 0.6373428 0.6462554 0.6550468 0.6639578 0.6727508 0.6816602 0.677625 0.6653725 0.6531301 0.6408983 0.6286778 0.6164693 0.6042736 0.5920912 0.5799232 0.5677704 0.5556339 0.5435147 0.531119 0.5187293 0.5063459 0.4939693 0.4816 0.4692386 0.4568858 0.4445424 0.4322089 0.4198865 0.4075759 0.3952785 0.3829954 0.370728 0.358478 0.3462473 0.3340378 0.3218521 0.3096929 0.2975636 0.2854679 0.2734103 0.261396 0.2494313 0.2375237 0.2256822 0.2139179 0.2022441 0.1906776 0.179239 0.1679546 0.1568576 0.1459907 0.1348294 0.1232939 0.1119697 0.1009281
0.5175194 0.5242886 0.5312666 0.5384452 0.5458165 0.5533729 0.5611069 0.5690112 0.5770788 0.5853029 0.5936772 0.6021952 0.610851 0.6196389 0.6285532 0.6373428 0.6462554 0.6550468 0.6639578 0.6727508 0.6751923 0.6628948 0.6506057 0.6383256 0.626055 0.6137943 0.6015443 0.5893055 0.5770788 0.5648648 0.5526645 0.5404787 0.5283085 0.5161549 0.5040193 0.4919028 0.4798069 0.4673982 0.4549954 0.4425992 0.4302101 0.4178286 0.4054556 0.3930919 0.3807382 0.3683957 0.3560655 0.3437489 0.3314474 0.3191628 0.3068971 0.2946528 0.2824324 0.2702394 0.2580774 0.2459514 0.2338667 0.2218301 0.2098499 0.1979364 0.1861023 0.1743639 0.1627418 0.1512628 0.1399622 0.1288868 0.1181002 0.1069589 0.09533878
0.5069645 0.5138727 0.5209902 0.5283085 0.5358193 0.5435147 0.551387 0.5594286 0.5676324 0.5759915 0.5844991 0.5931489 0.6019349 0.610851 0.6196389 0.6285532 0.6373428 0.6462554 0.6550468 0.6639578 0.6729836 0.6606451 0.6483134 0.635989 0.6236724 0.6113639 0.5990642 0.5867737 0.5744931 0.562223 0.549964 0.537717 0.5254829 0.5132625 0.5010567 0.4888668 0.476694 0.4645394 0.4524048 0.4402917 0.4282019 0.4161374 0.4037126 0.3912937 0.3788815 0.3664764 0.3540794 0.3416912 0.3293128 0.3169456 0.3045906 0.2922496 0.2799243 0.267617 0.2553303 0.2430672 0.2308315 0.2186279 0.206462 0.1943409 0.1822735 0.1702713 0.1583491 0.1465264 0.1348294 0.1232939 0.1119697 0.1009281 0.09027288
0.4965008 0.5035526 0.5108139 0.5182759 0.52593 0.5337681 0.541782 0.549964 0.5583069 0.5668035 0.575447 0.584231 0.5931489 0.6019349 0.610851 0.6196389 0.6285532 0.6373428 0.6462554 0.655286 0.6644297 0.6586257 0.6462554 0.6338911 0.6215328 0.6091812 0.5968364 0.5844991 0.5721697 0.5598486 0.5475366 0.535234 0.5229418 0.5106605 0.4983911 0.4861343 0.4738913 0.461663 0.4494507 0.4372558 0.4250796 0.4129239 0.4007906 0.3886817 0.3765996 0.364547 0.3525269 0.3400821 0.327643 0.3152102 0.3027844 0.2903666 0.2779579 0.2655595 0.2531729 0.2408 0.2284429 0.2161045 0.203788 0.1914977 0.179239 0.1670189 0.1548465 0.1427339 0.130698 0.1187618 0.1069589 0.09533878 0.0839773
0.4861343 0.4933343 0.5007438 0.5083537 0.5161549 0.5241391 0.532298 0.5406236 0.5491085 0.5577453 0.566527 0.575447 0.584231 0.5931489 0.6019349 0.610851 0.6196389 0.6285532 0.6375887 0.6467403 0.6560031 0.6550468 0.6437042 0.631538 0.6193859 0.6072487 0.5948639 0.5824847 0.5701118 0.5577453 0.5453857 0.5330335 0.5206893 0.5083537 0.4960271 0.4837105 0.4714045 0.45911 0.4468279 0.4345594 0.4223055 0.4100676 0.3978472 0.3856459 0.3734656 0.3613085 0.3491768 0.3370735 0.3250017 0.3129649 0.3009675 0.2890142 0.2765448 0.2640801 0.2516207 0.2391674 0.2267214 0.2142838 0.2018563 0.1894407 0.1770397 0.1646564 0.1522953 0.1399622 0.1276651 0.1154158 0.103231 0.09113675 0.07917455
0.4758713 0.4832243 0.4907864 0.4985483 0.5065006 0.5146346 0.5229418 0.531414 0.5400436 0.548823 0.5577453 0.566527 0.575447 0.584231 0.5931489 0.6019349 0.610851 0.6198917 0.6290517 0.6383256 0.6477088 0.6496415 0.6383256 0.6270554 0.6158335 0.6042736 0.5920912 0.5799232 0.5677704 0.5556339 0.5435147 0.531119 0.5187293 0.5063459 0.4939693 0.4816 0.4692386 0.4568858 0.4445424 0.4322089 0.4198865 0.4075759 0.3952785 0.3829954 0.370728 0.358478 0.3462473 0.3340378 0.3218521 0.3096929 0.2975636 0.2854679 0.2734103 0.261396 0.2494313 0.2375237 0.2256822 0.213184 0.2006884 0.1881958 0.1757069 0.1632225 0.1507439 0.1382724 0.1258103 0.1133607 0.1009281 0.08851984 0.07614765
0.4657187 0.4732294 0.4809487 0.4888668 0.4969741 0.5052614 0.5137202 0.5223421 0.531119 0.5400436 0.548823 0.5577453 0.566527 0.575447 0.584231 0.5931489 0.6021952 0.6113639 0.6206498 0.6300474 0.639552 0.6444342 0.6330252 0.6216589 0.6103377 0.5990642 0.587841 0.5766712 0.5648648 0.5526645 0.5404787 0.5283085 0.5161549 0.5040193 0.4919028 0.4798069 0.4673982 0.4549954 0.4425992 0.4302101 0.4178286 0.4054556 0.3930919 0.3807382 0.3683957 0.3560655 0.3437489 0.3314474 0.3191628 0.3068971 0.2946528 0.2824324 0.2702394 0.2580774 0.2459514 0.2338667 0.2218301 0.2098499 0.1979364 0.1861023 0.1743639 0.1627418 0.1502232 0.1377046 0.125186 0.1126674 0.1001488 0.08763017 0.07511158
0.4556838 0.4633572 0.4712382 0.4793167 0.4875828 0.4960271 0.5046408 0.513415 0.5223421 0.531119 0.5400436 0.548823 0.5577453 0.566527 0.575447 0.5844991 0.5936772 0.6029754 0.6123884 0.6219109 0.631538 0.6394295 0.6279296 0.6164693 0.605051 0.5936772 0.5823502 0.5710731 0.5598486 0.5486802 0.5375713 0.5254829 0.5132625 0.5010567 0.4888668 0.476694 0.4645394 0.4524048 0.4402917 0.4282019 0.4161374 0.4037126 0.3912937 0.3788815 0.3664764 0.3540794 0.3416912 0.3293128 0.3169456 0.3045906 0.2922496 0.2799243 0.267617 0.2553303 0.2430672 0.2308315 0.2186279 0.206462 0.1943409 0.1822735 0.1702713 0.1583491 0.1465264 0.1348294 0.1232939 0.1119697 0.1001488 0.08763017 0.07511158
0.4457745 0.4536156 0.461663 0.4699061 0.4783348 0.4869396 0.4957111 0.5046408 0.513415 0.5223421 0.531119 0.5400436 0.548823 0.5577453 0.5668035 0.5759915 0.5853029 0.5947321 0.6042736 0.6139219 0.6236724 0.6335201 0.6230438 0.6114921 0.5999791 0.5885072 0.5770788 0.5656965 0.5543633 0.543082 0.5318562 0.5206893 0.5095853 0.4983911 0.4861343 0.4738913 0.461663 0.4494507 0.4372558 0.4250796 0.4129239 0.4007906 0.3886817 0.3765996 0.364547 0.3525269 0.3400821 0.327643 0.3152102 0.3027844 0.2903666 0.2779579 0.2655595 0.2531729 0.2408 0.2284429 0.2161045 0.203788 0.1914977 0.179239 0.1670189 0.1548465 0.1427339 0.130698 0.1187618 0.1069589 0.09533878 0.0839773 0.07299533
0.4359995 0.4440133 0.4522316 0.4606435 0.4692386 0.4780071 0.4869396 0.4957111 0.5046408 0.513415 0.5223421 0.531119 0.5400436 0.5491085 0.5583069 0.5676324 0.5770788 0.5866402 0.596311 0.6060863 0.6159607 0.6259298 0.618373 0.6067323 0.5951272 0.58356 0.5720327 0.560548 0.5491085 0.537717 0.5263768 0.5150912 0.5038638 0.4926986 0.4816 0.4705727 0.45911 0.4468279 0.4345594 0.4223055 0.4100676 0.3978472 0.3856459 0.3734656 0.3613085 0.3491768 0.3370735 0.3250017 0.3129649 0.3009675 0.2890142 0.2765448 0.2640801 0.2516207 0.2391674 0.2267214 0.2142838 0.2018563 0.1894407 0.1770397 0.1646564 0.1522953 0.1399622 0.1276651 0.1154158 0.103231 0.09113675 0.07917455 0.0674147
0.426368 0.4345594 0.4429531 0.451538 0.4603031 0.4692386 0.4780071 0.4869396 0.4957111 0.5046408 0.513415 0.5223421 0.531414 0.5406236 0.549964 0.5594286 0.5690112 0.5787059 0.5885072 0.5984098 0.6084089 0.6184997 0.6139219 0.6021952 0.590501 0.5788412 0.5672181 0.5556339 0.5440911 0.5325923 0.5211406 0.509739 0.4983911 0.4871005 0.4758713 0.4647081 0.4536156 0.4424222 0.4311198 0.4198865 0.4075759 0.3952785 0.3829954 0.370728 0.358478 0.3462473 0.3340378 0.3218521 0.3096929 0.2975636 0.2854679 0.2734103 0.261396 0.2494313 0.2375237 0.2256822 0.213184 0.2006884 0.1881958 0.1757069 0.1632225 0.1507439 0.1382724 0.1258103 0.1133607 0.1009281 0.08851984 0.07614765 0.06383257
0.4168899 0.4252639 0.4338375 0.4425992 0.451538 0.4603031 0.4692386 0.4780071 0.4869396 0.4957111 0.5046408 0.5137202 0.5229418 0.532298 0.541782 0.551387 0.5611069 0.5709358 0.5808682 0.5908989 0.601023 0.6112357 0.6096955 0.5978858 0.5861056 0.5743566 0.5626409 0.5509605 0.5393176 0.5277148 0.5161549 0.5046408 0.4931754 0.4817626 0.4704061 0.45911 0.4478789 0.4367178 0.4256323 0.4144393 0.4031299 0.391894 0.3801203 0.368183 0.3560655 0.3437489 0.3314474 0.3191628 0.3068971 0.2946528 0.2824324 0.2702394 0.2580774 0.2459514 0.2338667 0.2218301 0.2098499 0.1979364 0.1861023 0.1743639 0.1627418 0.1502232 0.1377046 0.125186 0.1126674 0.1001488 0.08763017 0.07511158 0.06259298
0.4075759 0.4161374 0.4248952 0.4338375 0.4425992 0.451538 0.4603031 0.4692386 0.4780071 0.4869396 0.4960271 0.5052614 0.5146346 0.5241391 0.5337681 0.5435147 0.5533729 0.5633368 0.5734009 0.58356 0.5938091 0.6041439 0.6056983 0.5938091 0.5819464 0.5701118 0.5583069 0.5465339 0.5347946 0.5230916 0.5114271 0.499804 0.4882252 0.476694 0.4652137 0.4537883 0.4424222 0.4311198 0.4198865 0.4087279 0.3976502 0.3864578 0.3751404 0.3639016 0.3525269 0.3405426 0.3285982 0.3166982 0.3045906 0.2922496 0.2799243 0.267617 0.2553303 0.2430672 0.2308315 0.2186279 0.206462 0.1943409 0.1822735 0.1702713 0.1583491 0.1465264 0.1348294 0.1232939 0.1119697 0.1001488 0.08763017 0.07511158 0.06259298
0.3984376 0.4071913 0.4161374 0.4248952 0.4338375 0.4425992 0.451538 0.4603031 0.4692386 0.4783348 0.4875828 0.4969741 0.5065006 0.5161549 0.52593 0.5358193 0.5458165 0.5559159 0.5661119 0.5763994 0.5867737 0.5972302 0.6019349 0.58997 0.5780284 0.5661119 0.5542219 0.5423601 0.5305285 0.5187293 0.5069645 0.4952367 0.4835485 0.4719029 0.4603031 0.4487528 0.4372558 0.4258163 0.4144393 0.4031299 0.391894 0.3807382 0.3696697 0.358478 0.3471513 0.3359092 0.3247605 0.3129649 0.3009675 0.2890142 0.2771109 0.2652643 0.2531729 0.2408 0.2284429 0.2161045 0.203788 0.1914977 0.179239 0.1670189 0.1548465 0.1427339 0.130698 0.1187618 0.1069589 0.09533878 0.0839773 0.07299533 0.06259298
0.3894873 0.3984376 0.4071913 0.4161374 0.4248952 0.4338375 0.4425992 0.451538 0.4606435 0.4699061 0.4793167 0.4888668 0.4985483 0.5083537 0.5182759 0.5283085 0.5384452 0.5486802 0.5590082 0.5694241 0.5799232 0.590501 0.5978858 0.5861056 0.5743566 0.5623623 0.5503913 0.5384452 0.5265256 0.5146346 0.502774 0.4909461 0.4791533 0.4673982 0.4556838 0.4440133 0.4323902 0.4208185 0.4093026 0.3978472 0.3864578 0.3751404 0.3639016 0.352749 0.3416912 0.3305004 0.3191628 0.3079167 0.2967726 0.2854679 0.2734103 0.261396 0.2494313 0.2375237 0.2256822 0.2139179 0.2018563 0.1894407 0.1770397 0.1646564 0.1522953 0.1399622 0.1276651 0.1154158 0.103231 0.09113675 0.07917455 0.0674147 0.05598486
0.3807382 0.3894873 0.3984376 0.4071913 0.4161374 0.4248952 0.4338375 0.4429531 0.4522316 0.461663 0.4712382 0.4809487 0.4907864 0.5007438 0.5108139 0.5209902 0.5312666 0.5416373 0.552097 0.5626409 0.5732642 0.5839626 0.5938091 0.5819464 0.5701118 0.5583069 0.5465339 0.5347946 0.5227919 0.5108139 0.4988625 0.4869396 0.4750473 0.4631881 0.4513644 0.4395792 0.4278357 0.4161374 0.4044882 0.3928925 0.3813551 0.3698816 0.358478 0.3471513 0.3359092 0.3247605 0.3137151 0.3025255 0.2911751 0.2799243 0.2687857 0.2577737 0.2459514 0.2338667 0.2218301 0.2098499 0.1979364 0.1861023 0.1743639 0.1627418 0.1507439 0.1382724 0.1258103 0.1133607 0.1009281 0.08851984 0.07614765 0.06383257 0.05161549
0.3717833 0.3807382 0.3894873 0.3984376 0.4071913 0.4161374 0.4252639 0.4345594 0.4440133 0.4536156 0.4633572 0.4732294 0.4832243 0.4933343 0.5035526 0.5138727 0.5242886 0.5347946 0.5453857 0.5560568 0.5668035 0.5776216 0.5885072 0.5780284 0.5661119 0.5542219 0.5423601 0.5305285 0.5187293 0.5069645 0.4952367 0.4832243 0.4712382 0.4592806 0.4473537 0.43546 0.4236023 0.4117838 0.4000078 0.3882783 0.3765996 0.3649766 0.3534148 0.3419204 0.3305004 0.3191628 0.3079167 0.2967726 0.2857423 0.2745543 0.2631884 0.2519319 0.2408 0.2298109 0.2186279 0.206462 0.1943409 0.1822735 0.1702713 0.1583491 0.1465264 0.1348294 0.1232939 0.1119697 0.1001488 0.08763017 0.07511158 0.06259298 0.05007438
0.3630393 0.3717833 0.3807382 0.3894873 0.3984376 0.4075759 0.4168899 0.426368 0.4359995 0.4457745 0.4556838 0.4657187 0.4758713 0.4861343 0.4965008 0.5069645 0.5175194 0.5281602 0.5388816 0.549679 0.560548 0.5714845 0.5824847 0.5743566 0.5623623 0.5503913 0.5384452 0.5265256 0.5146346 0.502774 0.4909461 0.4791533 0.4673982 0.4556838 0.4436602 0.4316647 0.4196998 0.4077682 0.3958728 0.384017 0.3722046 0.3604399 0.3487277 0.3370735 0.3254835 0.3139648 0.3025255 0.2911751 0.2799243 0.2687857 0.2577737 0.2465877 0.2352031 0.2239394 0.2128161 0.2018563 0.1910881 0.179239 0.1670189 0.1548465 0.1427339 0.130698 0.1187618 0.1069589 0.09533878 0.0839773 0.07299533 0.06259298 0.05007438
