02_Processed_Data/Guangdong-driving/Way/railway/railway-txt.txt
ncols         755
nrows         605
xllcorner     491130
yllcorner     2101946
cellsize      1000
NODATA_value  -9999
[rows 120 to 149 of 605, columns 276 to 344 of 755]
0.961979 0.968797 0.9756476 0.9826101 0.989682 0.9968607 0.9943422 0.9820517 0.9697671 0.9574884 0.9452162 0.9329504 0.9206915 0.9084396 0.896195 0.8839583 0.8717294 0.859509 0.8472972 0.8350945 0.8229013 0.810718 0.7985451 0.7863831 0.7742324 0.7620936 0.7499673 0.7378541 0.7257547 0.7136697 0.7016 0.6895463 0.6775094 0.6654903 0.6534899 0.6415094 0.6295497 0.6176122 0.6056983 0.5938091 0.5819464 0.5701118 0.5583069 0.5465339 0.5347946 0.5227919 0.5108139 0.4988625 0.4869396 0.4750473 0.4631881 0.4513644 0.4395792 0.4278357 0.4161374 0.4044882 0.3928925 0.3813551 0.3698816 0.358478 0.3471513 0.3359092 0.3247605 0.3137151 0.3025255 0.2911751 0.2799243 0.2687857 0.2577737
0.9514956 0.9583066 0.9652317 0.9722686 0.9794151 0.9866686 0.9920543 0.9797351 0.9674211 0.9551122 0.942809 0.9305115 0.91822 0.9059347 0.8936559 0.8813838 0.8691188 0.8568611 0.844611 0.832369 0.8201352 0.8079103 0.7956944 0.7834881 0.7712918 0.759106 0.7469312 0.734768 0.7226169 0.7104785 0.6983536 0.6862429 0.674147 0.6620669 0.6500033 0.6379573 0.6259298 0.6139219 0.6019349 0.58997 0.5780284 0.5661119 0.5542219 0.5423601 0.5305285 0.5187293 0.5069645 0.4952367 0.4832243 0.4712382 0.4592806 0.4473537 0.43546 0.4236023 0.4117838 0.4000078 0.3882783 0.3765996 0.3649766 0.3534148 0.3419204 0.3305004 0.3191628 0.3079167 0.2967726 0.2857423 0.2745543 0.2631884 0.2519319
0.9409788 0.9478652 0.9548661 0.961979 0.9692013 0.9765307 0.9839649 0.9775733 0.9652317 0.9528946 0.9405624 0.9282351 0.915913 0.9035963 0.8912853 0.8789802 0.866681 0.8543884 0.8421023 0.8298233 0.8175516 0.8052873 0.793031 0.7807831 0.7685439 0.7563139 0.7440934 0.731883 0.7196832 0.7074945 0.6953176 0.683153 0.6710014 0.6588635 0.6467403 0.6346323 0.6225406 0.6104661 0.5984098 0.5863729 0.5743566 0.5623623 0.5503913 0.5384452 0.5265256 0.5146346 0.502774 0.4909461 0.4791533 0.4673982 0.4556838 0.4436602 0.4316647 0.4196998 0.4077682 0.3958728 0.384017 0.3722046 0.3604399 0.3487277 0.3370735 0.3254835 0.3139648 0.3025255 0.2911751 0.2799243 0.2687857 0.2577737 0.2465877
0.9305115 0.9374748 0.9445527 0.9517426 0.9590421 0.9664486 0.9739597 0.9755673 0.9632 0.9508365 0.9384773 0.9261223 0.9137717 0.9014258 0.8890848 0.8767487 0.8644179 0.8520925 0.8397729 0.8274593 0.8151519 0.802851 0.790557 0.7782701 0.7659908 0.7537193 0.741456 0.7292015 0.7169561 0.7047202 0.6924945 0.6802794 0.6680756 0.6558836 0.6437042 0.631538 0.6193859 0.6072487 0.5951272 0.5830226 0.5709358 0.558868 0.5468205 0.5347946 0.5227919 0.5108139 0.4988625 0.4869396 0.4750473 0.4631881 0.4513644 0.4395792 0.4278357 0.4161374 0.4041006 0.3920939 0.3801203 0.368183 0.3562855 0.3444321 0.3326274 0.3208768 0.3091865 0.2975636 0.2860163 0.2745543 0.2631884 0.2519319 0.2408
0.9200954 0.9271371 0.9342932 0.9415615 0.9489393 0.9564241 0.9640132 0.9717044 0.9613271 0.9489393 0.936555 0.9241742 0.9117973 0.8994243 0.8870554 0.8746907 0.8623304 0.8499749 0.8376241 0.8252783 0.812938 0.8006032 0.788274 0.775951 0.7636343 0.7513244 0.7390214 0.7267258 0.7144379 0.7021582 0.6898871 0.677625 0.6653725 0.6531301 0.6408983 0.6286778 0.6164693 0.6042736 0.5920912 0.5799232 0.5677704 0.5556339 0.5435147 0.531414 0.5193332 0.5072735 0.4952367 0.4832243 0.4712382 0.4592806 0.4473537 0.43546 0.4236023 0.4117838 0.4000078 0.3882783 0.3765996 0.364547 0.3525269 0.3405426 0.3285982 0.3166982 0.3048477 0.2930528 0.2813205 0.2696588 0.2580774 0.2465877 0.2352031
0.9097325 0.9168537 0.9240895 0.9314374 0.9388947 0.9464588 0.9541273 0.9618975 0.9596139 0.9472036 0.9347963 0.9223921 0.9099908 0.8975929 0.8851984 0.8728074 0.8604201 0.8480366 0.8356572 0.8232821 0.8109113 0.7985451 0.7861838 0.7738274 0.7614765 0.749131 0.7367914 0.724458 0.712131 0.6998108 0.6874977 0.6751923 0.6628948 0.6506057 0.6383256 0.626055 0.6137943 0.6015443 0.5893055 0.5770788 0.5648648 0.5526645 0.5404787 0.5283085 0.5161549 0.5040193 0.4919028 0.4798069 0.4677333 0.4556838 0.4436602 0.4316647 0.4196998 0.4077682 0.3958728 0.384017 0.3722046 0.3604399 0.3487277 0.3370735 0.3250017 0.3129649 0.3009675 0.2890142 0.2771109 0.2652643 0.2534823 0.2417742 0.2301516
0.8994243 0.9066265 0.9139432 0.9213721 0.9289102 0.936555 0.9443038 0.9517426 0.9564241 0.9443038 0.9321942 0.9200954 0.9080082 0.8959327 0.8835149 0.8711 0.8586881 0.8462793 0.8338738 0.8214717 0.8090733 0.7966785 0.7842878 0.7719011 0.7595188 0.747141 0.734768 0.7224 0.7100373 0.6976801 0.6853288 0.6729836 0.6606451 0.6483134 0.635989 0.6236724 0.6113639 0.5990642 0.5867737 0.5744931 0.562223 0.549964 0.537717 0.5254829 0.5132625 0.5010567 0.4888668 0.476694 0.4645394 0.4524048 0.4402917 0.4282019 0.4161374 0.4041006 0.3920939 0.3801203 0.368183 0.3562855 0.3444321 0.3326274 0.3208768 0.3091865 0.2975636 0.2854679 0.2734103 0.261396 0.2494313 0.2375237 0.2256822
0.8891729 0.8964573 0.9038565 0.9113675 0.9189878 0.9267144 0.9342932 0.9415615 0.9489393 0.9412286 0.9290788 0.9169391 0.9048096 0.8926909 0.8805833 0.8684875 0.8564037 0.8443326 0.8322748 0.8198485 0.8074251 0.7950048 0.7825875 0.7701735 0.7577629 0.745356 0.7329528 0.7205536 0.7081587 0.6957682 0.6833823 0.6710014 0.6586257 0.6462554 0.6338911 0.6215328 0.6091812 0.5968364 0.5844991 0.5721697 0.5598486 0.5475366 0.535234 0.5229418 0.5106605 0.4983911 0.4861343 0.4738913 0.461663 0.4494507 0.4372558 0.4250796 0.4129239 0.4007906 0.3886817 0.3765996 0.364547 0.3525269 0.3405426 0.3285982 0.3166982 0.3048477 0.2930528 0.2813205 0.2696588 0.2580774 0.2459514 0.2338667 0.2218301
0.8789802 0.8863484 0.8938313 0.9014258 0.9091294 0.9168537 0.9240895 0.9314374 0.9388947 0.9383103 0.9261223 0.9139432 0.9017735 0.8896134 0.8774634 0.8653238 0.8531953 0.8410782 0.8289731 0.8168803 0.8048007 0.7927346 0.7806827 0.7685439 0.7562102 0.7437774 0.7313474 0.7189206 0.706497 0.6940768 0.6816602 0.6692474 0.6568387 0.6444342 0.6320341 0.6196389 0.6072487 0.5948639 0.5824847 0.5701118 0.5577453 0.5453857 0.5330335 0.5206893 0.5083537 0.4960271 0.4837105 0.4714045 0.45911 0.4468279 0.4345594 0.4223055 0.4100676 0.3978472 0.3856459 0.3734656 0.3613085 0.3491768 0.3370735 0.3250017 0.3129649 0.3009675 0.2890142 0.2771109 0.2652643 0.2534823 0.2417742 0.2301516 0.2186279
0.8688483 0.8763017 0.8838696 0.8915491 0.8993372 0.9066265 0.9139432 0.9213721 0.9289102 0.9355505 0.9233261 0.9111096 0.8989014 0.8867019 0.8745115 0.8623304 0.8501592 0.8379982 0.8258479 0.8137087 0.8015813 0.789466 0.7773635 0.7652743 0.7531993 0.7411389 0.729094 0.7169561 0.7047202 0.6924945 0.6801643 0.6677237 0.655286 0.6428515 0.6304204 0.6179928 0.6055689 0.5931489 0.5807333 0.5683222 0.5559159 0.5435147 0.531119 0.5187293 0.5063459 0.4939693 0.4816 0.4692386 0.4568858 0.4445424 0.4322089 0.4198865 0.4075759 0.3952785 0.3829954 0.370728 0.358478 0.3462473 0.3340378 0.3218521 0.3096929 0.2975636 0.2854679 0.2734103 0.261396 0.2494313 0.2375237 0.2256822 0.2139179
0.8587793 0.8663194 0.8739737 0.8817394 0.8891729 0.8964573 0.9038565 0.9113675 0.9189878 0.9267144 0.9206915 0.9084396 0.896195 0.8839583 0.8717294 0.859509 0.8472972 0.8350945 0.8229013 0.810718 0.7985451 0.7863831 0.7742324 0.7620936 0.7499673 0.7378541 0.7257547 0.7136697 0.7016 0.6895463 0.6775094 0.6653725 0.6531301 0.6408983 0.6286778 0.6164693 0.6041439 0.5916941 0.5792472 0.5668035 0.5543633 0.5419266 0.5294937 0.517065 0.5046408 0.4922213 0.4798069 0.4673982 0.4549954 0.4425992 0.4302101 0.4178286 0.4054556 0.3930919 0.3807382 0.3683957 0.3560655 0.3437489 0.3314474 0.3191628 0.3068971 0.2946528 0.2824324 0.2702394 0.2580774 0.2459514 0.2338667 0.2218301 0.2098499
0.8487756 0.8564037 0.8641459 0.8717294 0.8789802 0.8863484 0.8938313 0.9014258 0.9091294 0.9169391 0.91822 0.9059347 0.8936559 0.8813838 0.8691188 0.8568611 0.844611 0.832369 0.8201352 0.8079103 0.7956944 0.7834881 0.7712918 0.759106 0.7469312 0.734768 0.7226169 0.7104785 0.6983536 0.6862429 0.674147 0.6620669 0.6500033 0.6379573 0.6259298 0.6137943 0.6015443 0.5893055 0.5770788 0.5648648 0.5526645 0.5404787 0.5281602 0.5156993 0.5032414 0.4907864 0.4783348 0.4658869 0.4534428 0.4410029 0.4285677 0.4161374 0.4037126 0.3912937 0.3788815 0.3664764 0.3540794 0.3416912 0.3293128 0.3169456 0.3045906 0.2922496 0.2799243 0.267617 0.2553303 0.2430672 0.2308315 0.2186279 0.206462
0.8388393 0.846557 0.8542967 0.8615122 0.8688483 0.8763017 0.8838696 0.8915491 0.8993372 0.9063671 0.9131713 0.9035963 0.8912853 0.8789802 0.866681 0.8543884 0.8421023 0.8298233 0.8175516 0.8052873 0.793031 0.7807831 0.7685439 0.7563139 0.7440934 0.731883 0.7196832 0.7074945 0.6953176 0.683153 0.6710014 0.6588635 0.6467403 0.6346323 0.6225406 0.6104661 0.5984098 0.5863729 0.5743566 0.562223 0.549964 0.537717 0.5254829 0.5132625 0.5010567 0.4888668 0.476694 0.4645394 0.4522316 0.4397574 0.4272859 0.4148172 0.4023516 0.3898894 0.377431 0.3649766 0.3525269 0.3400821 0.327643 0.3152102 0.3027844 0.2903666 0.2779579 0.2655595 0.2531729 0.2408 0.2284429 0.2161045 0.203788
0.8289731 0.8367817 0.8440542 0.8513566 0.8587793 0.8663194 0.8739737 0.8817394 0.8890848 0.8958453 0.9027287 0.9014258 0.8890848 0.8767487 0.8644179 0.8520925 0.8397729 0.8274593 0.8151519 0.802851 0.790557 0.7782701 0.7659908 0.7537193 0.741456 0.7292015 0.7169561 0.7047202 0.6924945 0.6802794 0.6680756 0.6558836 0.6437042 0.631538 0.6193859 0.6072487 0.5951272 0.5830226 0.5709358 0.558868 0.5468205 0.5347946 0.5227919 0.5106605 0.4983911 0.4861343 0.4738913 0.461663 0.4494507 0.4372558 0.4250796 0.4129239 0.4007906 0.3886817 0.3763915 0.3639016 0.3514137 0.3389281 0.326445 0.3139648 0.3014877 0.2890142 0.2765448 0.2640801 0.2516207 0.2391674 0.2267214 0.2142838 0.2018563
0.8191792 0.8266066 0.8338738 0.8412645 0.8487756 0.8564037 0.8641459 0.8718193 0.8785343 0.8853754 0.8923397 0.8957577 0.8845785 0.8734356 0.8623304 0.8499749 0.8376241 0.8252783 0.812938 0.8006032 0.788274 0.775951 0.7636343 0.7513244 0.7390214 0.7267258 0.7144379 0.7021582 0.6898871 0.677625 0.6653725 0.6531301 0.6408983 0.6286778 0.6164693 0.6042736 0.5920912 0.5799232 0.5677704 0.5556339 0.5435147 0.531414 0.5193332 0.5072735 0.4952367 0.4832243 0.4712382 0.45911 0.4468279 0.4345594 0.4223055 0.4100676 0.3978472 0.3856459 0.3734656 0.3613085 0.3491768 0.3370735 0.3250017 0.3129649 0.300707 0.2881997 0.2756935 0.2631884 0.2506847 0.2381825 0.2256822 0.213184 0.2006884
0.8091701 0.8164006 0.8237578 0.8312386 0.8388393 0.846557 0.8543884 0.8612394 0.8680362 0.8749593 0.8820059 0.8890848 0.8789802 0.8677654 0.8565867 0.8454456 0.8342496 0.8229966 0.8109113 0.7985451 0.7861838 0.7738274 0.7614765 0.749131 0.7367914 0.724458 0.712131 0.6998108 0.6874977 0.6751923 0.6628948 0.6506057 0.6383256 0.626055 0.6137943 0.6015443 0.5893055 0.5770788 0.5648648 0.5526645 0.5404787 0.5283085 0.5161549 0.5040193 0.4919028 0.4798069 0.4677333 0.4556838 0.4436602 0.4316647 0.4196998 0.4075759 0.3952785 0.3829954 0.370728 0.358478 0.3462473 0.3340378 0.3218521 0.3096929 0.2975636 0.2854679 0.2734103 0.261396 0.2494313 0.2375237 0.2253347 0.2128161 0.2002975
0.7989375 0.8062598 0.8137087 0.8212809 0.8289731 0.8367817 0.8439614 0.850712 0.8575923 0.8645992 0.8717294 0.8785343 0.8734356 0.8622396 0.8509883 0.8397729 0.8285949 0.8174557 0.8062598 0.7950048 0.7834881 0.7712918 0.759106 0.7469312 0.734768 0.7224 0.7100373 0.6976801 0.6853288 0.6729836 0.6606451 0.6483134 0.635989 0.6236724 0.6113639 0.5990642 0.5867737 0.5744931 0.562223 0.549964 0.537717 0.5254829 0.5132625 0.5010567 0.4888668 0.476694 0.4645394 0.4524048 0.4402917 0.4282019 0.4161374 0.4041006 0.3920939 0.3801203 0.368183 0.3560655 0.3437489 0.3314474 0.3191628 0.3068971 0.2946528 0.2824324 0.2702394 0.2580774 0.2459514 0.2338667 0.2218301 0.2098499 0.1979364
0.7887709 0.7961866 0.8037289 0.8113943 0.8191792 0.8266066 0.8334038 0.8402393 0.8472047 0.8542967 0.8612394 0.8680362 0.8677654 0.8565867 0.8454456 0.8342496 0.8229966 0.8117805 0.8006032 0.789466 0.7782701 0.767013 0.7557957 0.7440934 0.731883 0.7196832 0.7074945 0.6953176 0.683153 0.6710014 0.6586257 0.6462554 0.6338911 0.6215328 0.6091812 0.5968364 0.5844991 0.5721697 0.5598486 0.5475366 0.535234 0.5229418 0.5106605 0.4983911 0.4861343 0.4738913 0.461663 0.4494507 0.4372558 0.4250796 0.4129239 0.4007906 0.3886817 0.3765996 0.364547 0.3525269 0.3405426 0.3285982 0.3166982 0.3045906 0.2922496 0.2799243 0.267617 0.2553303 0.2430672 0.2308315 0.2186279 0.206462 0.1943409
0.7786728 0.7861838 0.7938211 0.8015813 0.8091701 0.8161126 0.8229013 0.8298233 0.8368754 0.8439614 0.850712 0.8572268 0.8622396 0.8509883 0.8397729 0.8285949 0.8174557 0.8062598 0.7950048 0.7837881 0.7726114 0.7614765 0.7502807 0.7390214 0.7278032 0.7166281 0.7047202 0.6924945 0.6802794 0.6680756 0.6558836 0.6437042 0.631538 0.6193859 0.6072487 0.5948639 0.5824847 0.5701118 0.5577453 0.5453857 0.5330335 0.5206893 0.5083537 0.4960271 0.4837105 0.4714045 0.45911 0.4468279 0.4345594 0.4223055 0.4100676 0.3978472 0.3856459 0.3734656 0.3613085 0.3491768 0.3370735 0.3250017 0.3129649 0.3009675 0.2890142 0.2771109 0.2652643 0.2531729 0.2408 0.2284429 0.2161045 0.203788 0.1914977
0.7686458 0.7762539 0.783988 0.7917455 0.7988394 0.8055792 0.8124559 0.8194662 0.8266066 0.8334038 0.8402393 0.8462793 0.8524603 0.8455383 0.8342496 0.8229966 0.8117805 0.8006032 0.789466 0.7782701 0.767013 0.7557957 0.7446197 0.7334872 0.7222915 0.7110298 0.6998108 0.6886365 0.6770466 0.6652547 0.6531301 0.6408983 0.6286778 0.6164693 0.6042736 0.5920912 0.5799232 0.5677704 0.5556339 0.5435147 0.531119 0.5187293 0.5063459 0.4939693 0.4816 0.4692386 0.4568858 0.4445424 0.4322089 0.4198865 0.4075759 0.3952785 0.3829954 0.370728 0.358478 0.3462473 0.3340378 0.3218521 0.3096929 0.2975636 0.2854679 0.2734103 0.261396 0.2494313 0.2375237 0.2256822 0.2139179 0.2018563 0.1894407
0.758693 0.7663998 0.7742324 0.7814853 0.788274 0.7951033 0.8020698 0.8091701 0.8161126 0.8229013 0.8292566 0.835376 0.841637 0.8402393 0.8288785 0.8175516 0.8062598 0.7950048 0.7837881 0.7726114 0.7614765 0.7502807 0.7390214 0.7278032 0.7166281 0.7054981 0.6943026 0.6830382 0.6718184 0.6606451 0.6492796 0.6374658 0.6256794 0.6137943 0.6015443 0.5893055 0.5770788 0.5648648 0.5526645 0.5404787 0.5283085 0.5161549 0.5040193 0.4919028 0.4798069 0.4673982 0.4549954 0.4425992 0.4302101 0.4178286 0.4054556 0.3930919 0.3807382 0.3683957 0.3560655 0.3437489 0.3314474 0.3191628 0.3068971 0.2946528 0.2824324 0.2702394 0.2580774 0.2459514 0.2338667 0.2218301 0.2098499 0.1979364 0.1861023
0.7488171 0.7566246 0.7640446 0.770987 0.7777666 0.7846873 0.7917455 0.7988394 0.8055792 0.812263 0.8183179 0.8245184 0.8308613 0.8350945 0.8236627 0.812263 0.8008966 0.7895652 0.7782701 0.767013 0.7557957 0.7446197 0.7334872 0.7222915 0.7110298 0.6998108 0.6886365 0.6775094 0.6663139 0.6550468 0.6438259 0.6326537 0.6215328 0.6096955 0.5978858 0.5861056 0.5743566 0.562223 0.549964 0.537717 0.5254829 0.5132625 0.5010567 0.4888668 0.476694 0.4645394 0.4524048 0.4402917 0.4282019 0.4161374 0.4037126 0.3912937 0.3788815 0.3664764 0.3540794 0.3416912 0.3293128 0.3169456 0.3045906 0.2922496 0.2799243 0.267617 0.2553303 0.2430672 0.2308315 0.2186279 0.206462 0.1943409 0.1822735
0.7390214 0.7466164 0.7537193 0.7604467 0.7673194 0.7743336 0.7814853 0.788274 0.7951033 0.8012879 0.8074251 0.8137087 0.8201352 0.8267013 0.8186052 0.807134 0.7956944 0.7842878 0.7729155 0.7615793 0.7502807 0.7390214 0.7278032 0.7166281 0.7054981 0.6943026 0.6830382 0.6718184 0.6606451 0.6495209 0.6383256 0.6270554 0.6158335 0.6046625 0.5935451 0.5819464 0.5701118 0.5583069 0.5465339 0.5347946 0.5229418 0.5106605 0.4983911 0.4861343 0.4738913 0.461663 0.4494507 0.4372558 0.4250796 0.4129239 0.4007906 0.3886817 0.3765996 0.364547 0.3525269 0.3400821 0.327643 0.3152102 0.3027844 0.2903666 0.2779579 0.2655595 0.2531729 0.2408 0.2284429 0.2161045 0.203788 0.1914977 0.179239
0.7292015 0.7363659 0.743145 0.7499673 0.7569352 0.7640446 0.770987 0.7777666 0.7842878 0.7903588 0.7965802 0.8029487 0.8094606 0.8161126 0.8137087 0.8021675 0.7906561 0.7791758 0.7677279 0.7563139 0.7449353 0.7335939 0.7222915 0.7110298 0.6998108 0.6886365 0.6775094 0.6663139 0.6550468 0.6438259 0.6326537 0.6215328 0.6103377 0.5990642 0.587841 0.5766712 0.565558 0.5542219 0.5423601 0.5305285 0.5187293 0.5069645 0.4952367 0.4832243 0.4712382 0.45911 0.4468279 0.4345594 0.4223055 0.4100676 0.3978472 0.3856459 0.3734656 0.3613085 0.3491768 0.3370735 0.3250017 0.3129649 0.3009675 0.2890142 0.2765448 0.2640801 0.2516207 0.2391674 0.2267214 0.2142838 0.2018563 0.1894407 0.1770397
0.7189206 0.7258627 0.732632 0.7395514 0.7466164 0.7537193 0.7604467 0.7673194 0.773321 0.7794774 0.785785 0.7922402 0.7988394 0.8055792 0.8089764 0.7973667 0.785785 0.7742324 0.7627103 0.75122 0.7397633 0.7283413 0.7169561 0.7056092 0.6943026 0.6830382 0.6718184 0.6606451 0.6495209 0.6383256 0.6270554 0.6158335 0.6046625 0.5935451 0.5823502 0.5710731 0.5598486 0.5486802 0.5375713 0.5265256 0.5146346 0.502774 0.4909461 0.4791533 0.4673982 0.4556838 0.4436602 0.4316647 0.4196998 0.4075759 0.3952785 0.3829954 0.370728 0.358478 0.3462473 0.3340378 0.3218521 0.3096929 0.2975636 0.2854679 0.2734103 0.261396 0.2494313 0.2375237 0.2256822 0.213184 0.2006884 0.1881958 0.1757069
0.7086012 0.7153148 0.722183 0.7292015 0.7363659 0.743145 0.7499673 0.7563139 0.762402 0.7686458 0.7750416 0.7815856 0.788274 0.7951033 0.8020698 0.7927346 0.7810841 0.769461 0.7578663 0.7463015 0.734768 0.7232672 0.7118008 0.7003704 0.6889778 0.677625 0.6663139 0.6550468 0.6438259 0.6326537 0.6215328 0.6103377 0.5990642 0.587841 0.5766712 0.565558 0.5543633 0.543082 0.5318562 0.5206893 0.5095853 0.4985483 0.4869396 0.4750473 0.4631881 0.4513644 0.4395792 0.4278357 0.4161374 0.4041006 0.3920939 0.3801203 0.368183 0.3560655 0.3437489 0.3314474 0.3191628 0.3068971 0.2946528 0.2824324 0.2702394 0.2580774 0.2459514 0.2338667 0.2218301 0.2098499 0.1979364 0.1861023 0.1743639
0.6980169 0.7048314 0.7118008 0.7189206 0.7258627 0.732632 0.7393394 0.745356 0.7515329 0.7578663 0.7643523 0.770987 0.7777666 0.7846873 0.7917455 0.788274 0.7765567 0.7648647 0.7531993 0.7415617 0.7299533 0.7183754 0.7068297 0.6953176 0.6838408 0.6724012 0.6610008 0.6496415 0.6383256 0.6270554 0.6158335 0.6046625 0.5935451 0.5823502 0.5710731 0.5598486 0.5486802 0.5375713 0.5263768 0.5150912 0.5038638 0.4926986 0.4816 0.4704061 0.45911 0.4473537 0.43546 0.4236023 0.4117838 0.4000078 0.3882783 0.3765996 0.364547 0.3525269 0.3405426 0.3285982 0.3166982 0.3045906 0.2922496 0.2799243 0.267617 0.2553303 0.2430672 0.2308315 0.2186279 0.206462 0.1943409 0.1822735 0.1702713
0.6874977 0.6944155 0.7014883 0.7086012 0.7153148 0.722183 0.7283413 0.734448 0.7407159 0.747141 0.7537193 0.7604467 0.7673194 0.7743336 0.7814853 0.783988 0.7722056 0.7604467 0.7487125 0.737004 0.7253227 0.7136697 0.7020466 0.6904547 0.6788958 0.6673715 0.6558836 0.6444342 0.6330252 0.6216589 0.6103377 0.5990642 0.587841 0.5766712 0.565558 0.5543633 0.543082 0.5318562 0.5206893 0.5095853 0.4983911 0.4871005 0.4758713 0.4647081 0.4536156 0.4424222 0.4311198 0.4196998 0.4077682 0.3958728 0.384017 0.3722046 0.3604399 0.3487277 0.3370735 0.3250017 0.3129649 0.3009675 0.2890142 0.2771109 0.2652643 0.2531729 0.2408 0.2284429 0.2161045 0.203788 0.1914977 0.179239 0.1670189
0.6770466 0.6840699 0.6912487 0.6980169 0.7048314 0.7113603 0.7173931 0.7235922 0.7299533 0.7364723 0.743145 0.7499673 0.7569352 0.7640446 0.7712918 0.7786728 0.7680339 0.7562102 0.7444092 0.732632 0.7208798 0.7091538 0.6974555 0.685786 0.674147 0.6625401 0.650967 0.6394295 0.6279296 0.6164693 0.605051 0.5936772 0.5823502 0.5710731 0.5598486 0.5486802 0.5375713 0.5263768 0.5150912 0.5038638 0.4926986 0.4816 0.4704061 0.45911 0.4478789 0.4367178 0.4256323 0.4144393 0.4031299 0.391894 0.3801203 0.368183 0.3562855 0.3444321 0.3326274 0.3208768 0.3091865 0.2975636 0.2854679 0.2734103 0.261396 0.2494313 0.2375237 0.2256822 0.2139179 0.2018563 0.1894407 0.1770397 0.1646564
0.6666667 0.6737982 0.68074 0.6874977 0.6944155 0.7003704 0.706497 0.7127908 0.7192475 0.7258627 0.732632 0.7395514 0.7466164 0.7538232 0.7611677 0.7686458 0.7640446 0.7521583 0.7402926 0.7284489 0.7166281 0.7048314 0.69306 0.6813153 0.6695986 0.6579115 0.6462554 0.6346323 0.6230438 0.6114921 0.5999791 0.5885072 0.5770788 0.5656965 0.5543633 0.543082 0.5318562 0.5206893 0.5095853 0.4983911 0.4871005 0.4758713 0.4647081 0.4536156 0.4424222 0.4311198 0.4198865 0.4087279 0.3976502 0.3864578 0.3751404 0.3639016 0.3525269 0.3405426 0.3285982 0.3166982 0.3048477 0.2930528 0.2813205 0.2696588 0.2580774 0.2459514 0.2338667 0.2218301 0.2098499 0.1979364 0.1861023 0.1743639 0.1627418
