02_Processed_Data/Guangdong-driving/Way/railway/railway-txt.txt
ncols         755
nrows         605
xllcorner     491130
yllcorner     2101946
cellsize      1000
NODATA_value  -9999
[rows 390 to 419 of 605, columns 276 to 344 of 755]
0.6838408 0.6953176 0.7068297 -9999 0.7299533 0.7415617 0.7531993 0.7648647 0.7765567 0.788274 0.8000156 0.8117805 0.8235676 0.835376 0.8258479 0.8137087 0.8015813 0.789466 0.7773635 0.7652743 0.7531993 0.7411389 0.729094 0.7170653 0.7050537 0.69306 0.6810852 0.6691303 0.6571965 0.6452848 0.6333964 0.6215328 0.6096955 0.5978858 0.5861056 0.5743566 0.562223 0.549964 0.537717 0.5254829 0.5132625 0.5010567 0.4888668 0.476694 0.4645394 0.4524048 0.4402917 0.4282019 0.4161374 0.4041006 0.3920939 0.3801203 0.368183 0.3562855 0.3444321 0.3326274 0.3208768 0.3091865 0.2975636 0.2854679 0.2734103 0.261396 0.2494313 0.2375237 0.2256822 0.2139179 0.2022441 -9999 -9999
0.6788958 -9999 -9999 -9999 0.7253227 0.737004 0.7487125 0.7604467 0.7722056 0.783988 0.7957929 0.8076193 0.8194662 0.8313327 0.8289731 0.8168803 0.8048007 0.7927346 0.7806827 0.7686458 0.7566246 0.7446197 0.732632 0.7206624 0.7087117 0.696781 0.6848713 0.6729836 0.6611193 0.6492796 0.6374658 0.6256794 0.6137943 0.6015443 0.5893055 0.5770788 0.5648648 0.5526645 0.5404787 0.5283085 0.5161549 0.5040193 0.4919028 0.4798069 0.4677333 0.4556838 0.4436602 0.4316647 0.4196998 0.4077682 0.3958728 0.384017 0.3722046 0.3604399 0.3487277 0.3370735 0.3250017 0.3129649 0.3009675 0.2890142 0.2771109 0.2652643 0.2534823 0.2417742 0.2301516 0.2186279 0.206462 0.1943409 -9999
0.674147 -9999 0.6974555 0.7091538 0.7208798 0.732632 0.7444092 0.7562102 0.7680339 0.7798794 0.7917455 0.8036314 0.8155363 0.8274593 0.8322748 0.8202308 0.8082012 0.7961866 0.7841879 0.7722056 0.7602406 0.7482938 0.7363659 0.724458 0.712571 0.7007059 0.6888641 0.6770466 0.6652547 0.6531301 0.6408983 0.6286778 0.6164693 0.6042736 0.5920912 0.5799232 0.5677704 0.5556339 0.5435147 0.531414 0.5193332 0.5072735 0.4952367 0.4832243 0.4712382 0.4592806 0.4473537 0.43546 0.4236023 0.4117838 0.4000078 0.3882783 0.3765996 0.364547 0.3525269 0.3405426 0.3285982 0.3166982 0.3048477 0.2930528 0.2813205 0.2696588 0.2580774 0.2459514 0.2338667 0.2218301 0.2098499 0.1979364 -9999
0.6695986 -9999 0.69306 -9999 0.7166281 0.7284489 0.7402926 0.7521583 0.7640446 0.775951 0.7878763 0.7998197 0.8117805 0.8237578 0.8357511 0.8237578 0.8117805 0.7998197 0.7878763 0.775951 0.7640446 0.7521583 0.7402926 0.7284489 0.7166281 0.7047202 0.6924945 0.6802794 0.6680756 0.6558836 0.6437042 0.631538 0.6193859 0.6072487 0.5951272 0.5830226 0.5709358 0.558868 0.5468205 0.5347946 0.5227919 0.5108139 0.4988625 0.4869396 0.4750473 0.4631881 0.4513644 0.4395792 0.4278357 0.4161374 0.4041006 0.3920939 0.3801203 0.368183 0.3562855 0.3444321 0.3326274 0.3208768 0.3091865 0.2975636 0.2854679 0.2734103 0.261396 0.2494313 0.2375237 0.2256822 0.2139179 0.2022441 -9999
-9999 -9999 -9999 0.7007059 0.712571 0.724458 0.7363659 0.7482938 0.7602406 0.7722056 0.7841879 0.7961866 0.8082012 0.8202308 0.8322748 0.8274593 0.8155363 0.8036314 0.7917455 0.7798794 0.7680339 0.7562102 0.7440934 0.731883 0.7196832 0.7074945 0.6953176 0.683153 0.6710014 0.6588635 0.6467403 0.6346323 0.6225406 0.6104661 0.5984098 0.5863729 0.5743566 0.5623623 0.5503913 0.5384452 0.5265256 0.5146346 0.502774 0.4909461 0.4791533 0.4673982 0.4556838 0.4436602 0.4316647 0.4196998 0.4077682 0.3958728 0.384017 0.3722046 0.3604399 0.3487277 0.3370735 0.3250017 0.3129649 0.3009675 0.2890142 0.2771109 0.2652643 0.2534823 0.2417742 0.2301516 0.2186279 0.2072196 0.195947
-9999 0.6729836 0.6848713 0.696781 0.7087117 0.7206624 0.732632 0.7446197 0.7566246 0.7686458 0.7806827 0.7927346 0.8048007 0.8168803 0.8289731 0.8313327 0.8194662 0.8076193 0.7956944 0.7834881 0.7712918 0.759106 0.7469312 0.734768 0.7226169 0.7104785 0.6983536 0.6862429 0.674147 0.6620669 0.6500033 0.6379573 0.6259298 0.6139219 0.6019349 0.58997 0.5780284 0.5661119 0.5542219 0.5423601 0.5305285 0.5187293 0.5069645 0.4952367 0.4832243 0.4712382 0.4592806 0.4473537 0.43546 0.4236023 0.4117838 0.4000078 0.3882783 0.3765996 0.364547 0.3525269 0.3405426 0.3285982 0.3166982 0.3048477 0.2930528 0.2813205 0.2696588 0.2580774 0.2465877 0.2352031 0.2239394 0.2128161 0.2018563
-9999 -9999 0.6810852 0.69306 0.7050537 0.7170653 0.729094 0.7411389 0.7531993 0.7652743 0.7773635 0.789466 0.8015813 0.8137087 0.8258479 0.8350945 0.8229013 0.810718 0.7985451 0.7863831 0.7742324 0.7620936 0.7499673 0.7378541 0.7257547 0.7136697 0.7016 0.6895463 0.6775094 0.6654903 0.6534899 0.6415094 0.6295497 0.6176122 0.6056983 0.5938091 0.5819464 0.5701118 0.5583069 0.5465339 0.5347946 0.5227919 0.5108139 0.4988625 0.4869396 0.4750473 0.4631881 0.4513644 0.4395792 0.4278357 0.4161374 0.4041006 0.3920939 0.3801203 0.368183 0.3562855 0.3444321 0.3326274 0.3208768 0.3091865 0.2975636 0.2860163 0.2745543 0.2631884 0.2519319 0.2408 0.2298109 0.218986 -9999
0.6534899 -9999 0.6775094 0.6895463 0.7016 0.7136697 0.7257547 0.7378541 0.7499673 0.7620936 0.7742324 0.7863831 0.7985451 0.810718 0.8229013 0.8350945 0.8258479 0.8137087 0.8015813 0.789466 0.7773635 0.7652743 0.7531993 0.7411389 0.729094 0.7170653 0.7050537 0.69306 0.6810852 0.6691303 0.6571965 0.6452848 0.6333964 0.6215328 0.6096955 0.5978858 0.5861056 0.5743566 0.5623623 0.5503913 0.5384452 0.5265256 0.5146346 0.502774 -9999 -9999 -9999 -9999 -9999 -9999 -9999 0.4077682 0.3958728 0.384017 0.3722046 0.3604399 0.3487277 0.3370735 0.3254835 0.3139648 0.3025255 0.2911751 0.2799243 0.2687857 0.2577737 0.2469053 0.2362004 -9999 -9999
0.6500033 -9999 0.674147 0.6862429 0.6983536 0.7104785 0.7226169 0.734768 0.7469312 0.759106 0.7712918 0.7834881 0.7956944 -9999 -9999 0.832369 0.8289731 0.8168803 0.8048007 0.7927346 0.7806827 0.7686458 0.7566246 0.7446197 0.732632 0.7206624 0.7087117 0.696781 0.6848713 0.6729836 0.6611193 0.6492796 0.6374658 0.6256794 0.6139219 0.6019349 0.58997 0.5780284 0.5661119 0.5542219 0.5423601 0.5305285 0.5187293 -9999 -9999 -9999 -9999 -9999 -9999 -9999 -9999 -9999 0.4000078 0.3882783 0.3765996 0.3649766 0.3534148 0.3419204 0.3305004 0.3191628 0.3079167 0.2967726 0.2857423 0.2748395 0.2640801 0.2534823 -9999 -9999 -9999
0.6467403 0.6588635 -9999 -9999 0.6953176 0.7074945 0.7196832 0.731883 0.7440934 0.7563139 0.7685439 -9999 0.793031 0.8052873 -9999 0.8298233 0.8322748 0.8202308 0.8082012 0.7961866 0.7841879 0.7722056 0.7602406 0.7482938 0.7363659 0.724458 0.712571 0.7007059 0.6888641 0.6770466 0.6652547 0.6534899 0.6415094 0.6295497 0.6176122 0.6056983 0.5938091 0.5819464 0.5701118 0.5583069 0.5465339 0.5347946 -9999 -9999 -9999 -9999 -9999 -9999 -9999 -9999 -9999 -9999 -9999 -9999 0.3813551 0.3698816 0.358478 0.3471513 0.3359092 0.3247605 0.3137151 0.3027844 0.2919813 0.2813205 0.2708187 -9999 -9999 -9999 -9999
0.6437042 0.6558836 -9999 -9999 0.6924945 0.7047202 0.7169561 0.7292015 0.741456 0.7537193 -9999 -9999 -9999 -9999 -9999 0.8274593 0.8357511 0.8237578 0.8117805 0.7998197 0.7878763 0.775951 0.7640446 0.7521583 0.7402926 0.7284489 0.7166281 0.7048314 0.69306 0.6810852 0.6691303 0.6571965 0.6452848 0.6333964 0.6215328 0.6096955 0.5978858 0.5861056 0.5743566 0.5623623 0.5503913 -9999 -9999 -9999 -9999 -9999 -9999 -9999 -9999 -9999 -9999 -9999 -9999 -9999 0.3864578 0.3751404 0.3639016 0.352749 0.3416912 0.3307374 0.3198985 0.3091865 0.2986151 0.2881997 0.2779579 0.2679096 -9999 -9999 -9999
0.6408983 0.6531301 0.6653725 -9999 -9999 -9999 -9999 -9999 -9999 -9999 -9999 -9999 0.788274 0.8006032 0.812938 0.8252783 0.8376241 0.8274593 0.8155363 0.8036314 0.7917455 0.7798794 0.7680339 0.7562102 0.7444092 0.732632 0.7206624 0.7087117 0.696781 0.6848713 0.6729836 0.6611193 0.6492796 0.6374658 0.6256794 0.6139219 0.6019349 0.58997 0.5780284 0.5661119 -9999 -9999 -9999 -9999 -9999 -9999 -9999 -9999 -9999 -9999 -9999 -9999 -9999 -9999 0.391894 0.3807382 0.3696697 0.3586966 0.3478278 0.3370735 0.326445 0.3159551 0.3056179 0.2954495 0.2854679 -9999 -9999 -9999 -9999
0.6383256 0.6506057 0.6628948 -9999 -9999 -9999 -9999 -9999 -9999 -9999 -9999 0.7738274 0.7861838 0.7985451 0.8109113 0.8232821 0.8356572 0.8313327 0.8194662 0.8076193 0.7957929 0.783988 0.7722056 0.7602406 0.7482938 0.7363659 0.724458 0.712571 0.7007059 0.6888641 0.6770466 0.6652547 0.6534899 0.6415094 0.6295497 0.6176122 0.6056983 0.5938091 0.5819464 0.5701118 -9999 -9999 -9999 -9999 -9999 -9999 -9999 -9999 -9999 -9999 -9999 -9999 -9999 0.4087279 0.3976502 0.3866605 0.3757665 0.3649766 0.3543006 0.3437489 0.3333333 0.3230671 0.3129649 0.3030431 -9999 -9999 -9999 -9999 -9999
0.635989 0.6483134 0.6606451 -9999 -9999 -9999 -9999 0.7224 0.734768 0.747141 0.7595188 0.7719011 0.7842878 0.7966785 0.8090733 0.8214717 0.8338738 0.835376 0.8235676 0.8117805 0.7998197 0.7878763 0.775951 0.7640446 0.7521583 0.7402926 0.7284489 0.7166281 0.7048314 0.69306 0.6810852 0.6691303 0.6571965 0.6452848 0.6333964 0.6215328 0.6096955 0.5978858 -9999 0.5743566 0.5626409 -9999 -9999 -9999 -9999 -9999 -9999 -9999 -9999 -9999 -9999 -9999 -9999 -9999 -9999 -9999 0.3821762 0.3715725 0.3610915 0.3507442 0.3405426 0.3305004 0.3206325 -9999 -9999 -9999 -9999 -9999 -9999
0.6338911 0.6462554 0.6586257 0.6710014 -9999 -9999 -9999 0.7205536 0.7329528 0.745356 0.7577629 0.7701735 0.7825875 0.7950048 0.8074251 0.8198485 0.8322748 0.8393996 0.8274593 0.8155363 0.8036314 0.7917455 0.7798794 0.7680339 0.7562102 0.7444092 0.732632 0.7206624 0.7087117 0.696781 0.6848713 0.6729836 0.6611193 0.6492796 0.6374658 0.6256794 0.6139219 -9999 -9999 -9999 -9999 -9999 -9999 -9999 -9999 -9999 -9999 -9999 -9999 -9999 -9999 -9999 -9999 -9999 -9999 -9999 0.3888833 0.3784676 0.368183 0.3580406 0.348053 0.3382338 -9999 -9999 -9999 -9999 -9999 -9999 -9999
0.6320341 0.6444342 0.6568387 0.6692474 -9999 -9999 -9999 0.7189206 0.7313474 0.7437774 0.7562102 0.7686458 0.7810841 0.7935249 0.8059682 0.8184137 0.8308613 0.8432183 0.8313327 0.8194662 0.8076193 0.7957929 0.783988 0.7722056 0.7602406 0.7482938 0.7363659 0.724458 0.712571 0.7007059 0.6888641 0.6770466 0.6652547 0.6534899 0.6417536 0.6300474 -9999 -9999 -9999 -9999 -9999 -9999 -9999 -9999 -9999 -9999 -9999 -9999 -9999 -9999 -9999 -9999 -9999 -9999 -9999 -9999 0.3958728 0.3856459 0.3755579 0.3656202 -9999 -9999 -9999 -9999 -9999 -9999 -9999 -9999 -9999
0.6304204 0.6428515 0.655286 0.6677237 -9999 -9999 -9999 0.7175023 0.7299533 0.7424065 0.754862 0.7673194 0.7797789 0.7922402 0.8047032 0.8171681 0.8296344 0.8421023 0.835376 0.8235676 0.8117805 0.7998197 0.7878763 0.775951 0.7640446 0.7521583 0.7402926 0.7284489 0.7166281 0.7048314 0.69306 0.6813153 0.6695986 0.6579115 0.6462554 -9999 -9999 -9999 -9999 -9999 -9999 -9999 -9999 -9999 -9999 -9999 -9999 -9999 -9999 -9999 -9999 -9999 -9999 -9999 -9999 -9999 -9999 0.3930919 0.3831999 -9999 -9999 -9999 -9999 -9999 -9999 -9999 -9999 -9999 -9999
0.6290517 0.6415094 0.6539693 0.6664315 0.6788958 -9999 -9999 0.7163 0.7287715 0.7412446 0.7537193 0.7661953 0.7786728 0.7911515 0.8036314 0.8161126 0.8285949 0.8410782 0.8393996 0.8274593 0.8155363 0.8036314 0.7917455 0.7798794 0.7680339 0.7562102 0.7444092 0.732632 0.7208798 0.7091538 0.6974555 0.685786 0.674147 0.6625401 0.650967 -9999 -9999 -9999 -9999 -9999 -9999 -9999 -9999 -9999 -9999 -9999 -9999 -9999 -9999 -9999 -9999 -9999 -9999 -9999 -9999 -9999 -9999 -9999 -9999 -9999 -9999 -9999 -9999 -9999 -9999 -9999 -9999 -9999 -9999
0.6279296 0.6404091 0.6528901 0.6653725 0.6778563 -9999 -9999 -9999 0.7278032 0.7402926 0.752783 0.7652743 0.7777666 0.7902596 0.8027534 0.815248 0.8277434 0.8402393 0.8432183 0.8313327 0.8194662 0.8076193 0.7957929 0.783988 0.7722056 0.7604467 0.7487125 0.737004 0.7253227 0.7136697 0.7020466 0.6904547 0.6788958 0.6673715 0.6558836 -9999 -9999 -9999 -9999 -9999 -9999 -9999 -9999 -9999 -9999 -9999 -9999 -9999 -9999 -9999 -9999 -9999 -9999 -9999 -9999 -9999 -9999 -9999 -9999 -9999 -9999 -9999 -9999 -9999 -9999 -9999 -9999 -9999 -9999
0.6270554 0.639552 0.6520494 0.6645476 0.6770466 -9999 -9999 -9999 0.7270492 0.7395514 0.752054 0.7645573 0.777061 0.7895652 0.8020698 0.814575 0.8270804 0.8395863 0.8472047 0.835376 0.8235676 0.8117805 0.8000156 0.788274 0.7765567 0.7648647 0.7531993 0.7415617 0.7299533 0.7183754 0.7068297 0.6953176 0.6838408 -9999 -9999 -9999 -9999 -9999 -9999 -9999 -9999 -9999 -9999 -9999 -9999 -9999 -9999 -9999 -9999 -9999 -9999 -9999 -9999 -9999 -9999 -9999 -9999 -9999 -9999 -9999 -9999 -9999 -9999 -9999 -9999 -9999 -9999 -9999 -9999
0.6264303 0.6389391 0.6514483 0.6639578 0.6764677 -9999 -9999 0.7139991 0.7265101 0.7390214 0.7515329 0.7640446 0.7765567 0.7890689 0.8015813 0.8140938 0.8266066 0.8391195 0.8513566 0.8395863 0.827838 0.8161126 0.8044111 0.7927346 0.7810841 0.769461 0.7578663 0.7463015 0.734768 0.7232672 0.7118008 -9999 -9999 -9999 -9999 -9999 -9999 -9999 -9999 -9999 -9999 -9999 -9999 -9999 -9999 -9999 -9999 -9999 -9999 -9999 -9999 -9999 -9999 -9999 -9999 -9999 -9999 -9999 -9999 -9999 -9999 -9999 -9999 -9999 -9999 -9999 -9999 -9999 -9999
0.626055 0.6385711 0.6510873 0.6636037 0.67612 -9999 -9999 0.7136697 0.7261865 0.7387032 0.75122 0.763737 0.7762539 0.7887709 0.8012879 0.813805 0.8263222 0.8388393 0.8513566 0.8439614 0.8322748 0.8206128 0.8089764 0.7973667 0.785785 0.7742324 0.7627103 0.75122 0.7397633 0.7283413 0.7169561 0.7056092 -9999 -9999 -9999 -9999 -9999 -9999 -9999 -9999 -9999 -9999 -9999 -9999 -9999 -9999 -9999 -9999 -9999 -9999 -9999 -9999 -9999 -9999 -9999 -9999 -9999 -9999 -9999 -9999 -9999 -9999 -9999 -9999 -9999 -9999 -9999 -9999 -9999
0.6259298 0.6384484 0.650967 0.6634856 0.6760042 0.6885228 -9999 0.71356 0.7260786 0.7385972 0.7511157 0.7636343 0.7761529 0.7886716 0.8011901 0.8137087 0.8262273 0.8387459 0.8512645 0.8484986 0.8368754 0.8252783 0.8137087 0.8021675 0.7906561 0.7791758 0.7677279 0.7563139 0.7449353 0.7335939 0.7222915 -9999 -9999 -9999 -9999 -9999 -9999 -9999 -9999 -9999 -9999 -9999 -9999 -9999 -9999 -9999 -9999 -9999 -9999 -9999 -9999 -9999 -9999 -9999 -9999 -9999 -9999 -9999 -9999 -9999 -9999 -9999 -9999 -9999 -9999 -9999 -9999 -9999 -9999
0.6259298 0.6384484 0.650967 0.6634856 0.6760042 0.6885228 -9999 -9999 0.7260786 0.7385972 0.7511157 0.7636343 0.7761529 0.7886716 0.8011901 0.8137087 0.8262273 0.8387459 0.8512645 0.8531953 0.841637 0.8301065 0.8186052 0.807134 0.7956944 0.7842878 0.7729155 0.7615793 0.7502807 0.7390214 0.7278032 -9999 -9999 -9999 -9999 -9999 -9999 -9999 -9999 -9999 -9999 -9999 -9999 -9999 -9999 -9999 -9999 -9999 -9999 -9999 -9999 -9999 -9999 -9999 -9999 -9999 -9999 -9999 -9999 -9999 -9999 -9999 -9999 -9999 -9999 -9999 -9999 -9999 -9999
0.6259298 0.6384484 0.650967 0.6634856 0.6760042 0.6885228 -9999 -9999 -9999 0.7385972 0.7511157 0.7636343 0.7761529 0.7886716 0.8011901 0.8137087 0.8262273 0.8387459 0.8512645 0.8580491 0.846557 0.8350945 0.8236627 0.812263 0.8008966 0.7895652 0.7782701 0.767013 0.7557957 0.7446197 0.7334872 -9999 -9999 -9999 -9999 -9999 -9999 -9999 -9999 -9999 -9999 -9999 -9999 -9999 -9999 -9999 -9999 -9999 -9999 -9999 -9999 -9999 -9999 -9999 -9999 -9999 -9999 -9999 -9999 -9999 -9999 -9999 -9999 -9999 -9999 -9999 -9999 -9999 -9999
0.6259298 0.6384484 0.650967 0.6634856 0.6760042 0.6885228 -9999 -9999 -9999 -9999 -9999 -9999 0.7761529 0.7886716 0.8011901 0.8137087 0.8262273 0.8387459 0.8512645 0.8630571 0.8516327 0.8402393 0.8288785 0.8175516 0.8062598 0.7950048 0.7837881 0.7726114 0.7614765 0.7503851 0.7393394 -9999 -9999 -9999 -9999 -9999 -9999 -9999 -9999 -9999 -9999 -9999 -9999 -9999 -9999 -9999 -9999 -9999 -9999 -9999 -9999 -9999 -9999 -9999 -9999 -9999 -9999 -9999 -9999 -9999 -9999 -9999 -9999 -9999 -9999 -9999 -9999 -9999 -9999
0.6259298 0.6384484 0.650967 0.6634856 0.6760042 0.6885228 -9999 -9999 -9999 -9999 -9999 -9999 -9999 -9999 0.8011901 0.8137087 -9999 0.8387459 0.8512645 0.8637831 0.8568611 0.8455383 0.8342496 0.8229966 0.8117805 0.8006032 0.789466 0.7783709 0.7673194 -9999 -9999 -9999 -9999 -9999 -9999 -9999 -9999 -9999 -9999 -9999 -9999 -9999 -9999 -9999 -9999 -9999 -9999 -9999 -9999 -9999 -9999 -9999 -9999 -9999 -9999 -9999 -9999 -9999 -9999 -9999 -9999 -9999 -9999 -9999 -9999 -9999 -9999 -9999 -9999
0.6259298 0.6384484 0.650967 0.6634856 0.6760042 0.6885228 0.7010413 -9999 -9999 -9999 -9999 -9999 -9999 -9999 -9999 -9999 -9999 0.8387459 0.8512645 0.8637831 0.8622396 0.8509883 0.8397729 0.8285949 0.8174557 0.8063569 0.7953004 0.7842878 0.773321 -9999 -9999 -9999 -9999 -9999 -9999 -9999 -9999 -9999 -9999 -9999 -9999 -9999 -9999 -9999 -9999 -9999 -9999 -9999 -9999 -9999 -9999 -9999 -9999 -9999 -9999 -9999 -9999 -9999 -9999 -9999 -9999 -9999 -9999 -9999 -9999 -9999 -9999 -9999 -9999
0.626055 0.6385711 0.6510873 0.6636037 0.67612 0.6886365 0.7011532 -9999 -9999 -9999 -9999 -9999 -9999 -9999 -9999 -9999 -9999 -9999 -9999 -9999 0.8677654 0.8565867 0.8454456 0.8343435 0.8232821 0.812263 0.8012879 0.7903588 -9999 -9999 -9999 -9999 -9999 -9999 -9999 -9999 -9999 -9999 -9999 -9999 -9999 -9999 -9999 -9999 -9999 -9999 -9999 -9999 -9999 -9999 -9999 -9999 -9999 -9999 -9999 -9999 -9999 -9999 -9999 -9999 -9999 -9999 -9999 -9999 -9999 -9999 -9999 -9999 -9999
0.6264303 0.6389391 0.6514483 0.6639578 0.6764677 0.6889778 0.7014883 -9999 -9999 -9999 -9999 -9999 -9999 -9999 -9999 -9999 -9999 -9999 -9999 -9999 -9999 0.8623304 0.8512645 0.8402393 -9999 -9999 -9999 -9999 -9999 -9999 -9999 -9999 -9999 -9999 -9999 -9999 -9999 -9999 -9999 -9999 -9999 -9999 -9999 -9999 -9999 -9999 -9999 -9999 -9999 -9999 -9999 -9999 -9999 -9999 -9999 -9999 -9999 -9999 -9999 -9999 -9999 -9999 -9999 -9999 -9999 -9999 -9999 -9999 -9999
