02_Processed_Data/Guangdong-driving/Way/railway/railway-txt.txt
ncols         755
nrows         605
xllcorner     491130
yllcorner     2101946
cellsize      1000
NODATA_value  -9999
[rows 150 to 179 of 605, columns 345 to 413 of 755]
0.1465264 0.1348294 0.1232939 0.1119697 0.1001488 0.08763017 0.07511158 0.06259298 0.05007438 0.03755579 0.02503719 0.0125186 0 0.0125186 0.01770397 0.02799243 0.03958727 0.05007438 0.03755579 0.02503719 0.0125186 0 0.0125186 0.01770397 0.02799243 0.03958727 0.05161549 0.06383257 0.07614765 0.08851984 0.1009281 0.1119697 0.1232939 0.1348294 0.1459907 0.1568576 0.1679546 0.179239 0.1906776 0.2018563 0.2128161 0.2239394 0.2352031 0.2465877 0.2580774 0.2696588 0.2813205 0.2930528 0.3048477 0.3166982 0.3285982 0.3405426 0.3525269 0.364547 0.3765996 0.3886817 0.4007906 0.4129239 0.4250796 0.4372558 0.4494507 0.461663 0.4738913 0.4861343 0.4983911 0.5106605 0.5229418 0.535234 0.5475366
0.1427339 0.130698 0.1187618 0.1069589 0.09533878 0.0839773 0.07299533 0.06259298 0.05007438 0.03755579 0.02503719 0.0125186 0 0.0125186 0.02503719 0.03540794 0.04513644 0.04513644 0.03540794 0.02503719 0.0125186 0 0.0125186 0.01770397 0.02799243 0.03958727 0.05161549 0.06383257 0.07614765 0.08851984 0.1009281 0.1133607 0.1258103 0.1382724 0.1507439 0.1632225 0.1739139 0.1848349 0.195947 0.2072196 0.2186279 0.2298109 0.2408 0.2519319 0.2631884 0.2745543 0.2860163 0.2975636 0.3091865 0.3208768 0.3326274 0.3444321 0.3562855 0.368183 0.3801203 0.3920939 0.4041006 0.4161374 0.4282019 0.4402917 0.4524048 0.4645394 0.476694 0.4888668 0.5010567 0.5132625 0.5254829 0.537717 0.549964
0.1399622 0.1276651 0.1154158 0.103231 0.09113675 0.07917455 0.0674147 0.05598486 0.04513644 0.03540794 0.02503719 0.0125186 0 0.0125186 0.02503719 0.03755579 0.04513644 0.03540794 0.02799243 0.01770397 0.0125186 0 0 0.0125186 0.02503719 0.03755579 0.05007438 0.06259298 0.07511158 0.08763017 0.1001488 0.1126674 0.125186 0.1377046 0.1502232 0.1627418 0.1752603 0.1877789 0.2002975 0.2128161 0.2239394 0.2352031 0.2465877 0.2577737 0.2687857 0.2799243 0.2911751 0.3025255 0.3139648 0.3254835 0.3370735 0.3487277 0.3604399 0.3722046 0.384017 0.3958728 0.4077682 0.4196998 0.4316647 0.4436602 0.4556838 0.4677333 0.4798069 0.4919028 0.5040193 0.5161549 0.5283085 0.5404787 0.5526645
0.1348294 0.1232939 0.1119697 0.1009281 0.08851984 0.07614765 0.06383257 0.05161549 0.03958727 0.02799243 0.01770397 0.0125186 0 0.0125186 0.02503719 0.03755579 0.03958727 0.02799243 0.01770397 0.0125186 0 0 0.0125186 0.01770397 0.02799243 0.03958727 0.05161549 0.06383257 0.07614765 0.08851984 0.1009281 0.1133607 0.1258103 0.1382724 0.1507439 0.1632225 0.1757069 0.1881958 0.2006884 0.213184 0.2256822 0.2381825 0.2506847 0.2631884 0.2748395 0.2857423 0.2967726 0.3079167 0.3191628 0.3305004 0.3419204 0.3534148 0.3649766 0.3765996 0.3882783 0.4000078 0.4117838 0.4236023 0.43546 0.4473537 0.4592806 0.4712382 0.4832243 0.4952367 0.5072735 0.5193332 0.531414 0.5435147 0.5556339
0.130698 0.1187618 0.1069589 0.09533878 0.0839773 0.07299533 0.06259298 0.05007438 0.03755579 0.02503719 0.0125186 0 0.0125186 0.01770397 0.02799243 0.03958727 0.03755579 0.02503719 0.0125186 0 0.0125186 0.0125186 0.01770397 0.02799243 0.03540794 0.04513644 0.05598486 0.0674147 0.07917455 0.09113675 0.103231 0.1154158 0.1276651 0.1399622 0.1522953 0.1646564 0.1770397 0.1894407 0.2018563 0.2142838 0.2267214 0.2391674 0.2516207 0.2640801 0.2765448 0.2890142 0.3014877 0.3137151 0.3247605 0.3359092 0.3471513 0.358478 0.3698816 0.3813551 0.3928925 0.4044882 0.4161374 0.4278357 0.4395792 0.4513644 0.4631881 0.4750473 0.4869396 0.4988625 0.5108139 0.5227919 0.5347946 0.5468205 0.558868
0.1276651 0.1154158 0.103231 0.09113675 0.07917455 0.0674147 0.05598486 0.04513644 0.03540794 0.02503719 0.0125186 0 0.0125186 0.02503719 0.03540794 0.04513644 0.03540794 0.02503719 0.0125186 0 0.0125186 0.02503719 0.02799243 0.03540794 0.04513644 0.0531119 0.06259298 0.07299533 0.0839773 0.09533878 0.1069589 0.1187618 0.130698 0.1427339 0.1548465 0.1670189 0.179239 0.1914977 0.203788 0.2161045 0.2284429 0.2408 0.2531729 0.2655595 0.2779579 0.2903666 0.3027844 0.3152102 0.327643 0.3400821 0.3525269 0.3639016 0.3751404 0.3864578 0.3978472 0.4093026 0.4208185 0.4323902 0.4440133 0.4556838 0.4673982 0.4791533 0.4909461 0.502774 0.5146346 0.5265256 0.5384452 0.5503913 0.5623623
0.1232939 0.1119697 0.1009281 0.08851984 0.07614765 0.06383257 0.05161549 0.03958727 0.02799243 0.01770397 0.0125186 0 0.0125186 0.02503719 0.03755579 0.03540794 0.02799243 0.01770397 0.0125186 0 0.0125186 0.02503719 0.03755579 0.04513644 0.0531119 0.06259298 0.07081588 0.08015812 0.09027288 0.1009281 0.1119697 0.1232939 0.1348294 0.1465264 0.1583491 0.1702713 0.1822735 0.1943409 0.206462 0.2186279 0.2308315 0.2430672 0.2553303 0.267617 0.2799243 0.2922496 0.3045906 0.3169456 0.3293128 0.3416912 0.3540794 0.3664764 0.3788815 0.3912937 0.4031299 0.4144393 0.4258163 0.4372558 0.4487528 0.4603031 0.4719029 0.4835485 0.4952367 0.5069645 0.5187293 0.5305285 0.5423601 0.5542219 0.5661119
0.1181002 0.1069589 0.09533878 0.0839773 0.07299533 0.06259298 0.05007438 0.03755579 0.02503719 0.0125186 0 0.0125186 0.01770397 0.02799243 0.03540794 0.02799243 0.01770397 0.0125186 0 0.0125186 0.01770397 0.02799243 0.03958727 0.05161549 0.06259298 0.07081588 0.08015812 0.08851984 0.09777336 0.107689 0.1181002 0.1288868 0.1399622 0.1512628 0.1627418 0.1743639 0.1861023 0.1979364 0.2098499 0.2218301 0.2338667 0.2459514 0.2580774 0.2702394 0.2824324 0.2946528 0.3068971 0.3191628 0.3314474 0.3437489 0.3560655 0.3683957 0.3807382 0.3930919 0.4054556 0.4178286 0.4302101 0.4424222 0.4537883 0.4652137 0.476694 0.4882252 0.499804 0.5114271 0.5230916 0.5347946 0.5465339 0.5583069 0.5701118
0.1119697 0.1009281 0.09027288 0.07917455 0.0674147 0.05598486 0.04513644 0.03540794 0.02503719 0.0125186 0 0.0125186 0.02503719 0.03540794 0.02799243 0.01770397 0.0125186 0 0.0125186 0.01770397 0.02799243 0.03540794 0.04513644 0.05598486 0.0674147 0.07917455 0.08851984 0.09777336 0.1062238 0.1154158 0.125186 0.1354093 0.1459907 0.1568576 0.1679546 0.179239 0.1906776 0.2022441 0.2139179 0.2256822 0.2375237 0.2494313 0.261396 0.2734103 0.2854679 0.2975636 0.3096929 0.3218521 0.3340378 0.3462473 0.358478 0.370728 0.3829954 0.3952785 0.4075759 0.4198865 0.4322089 0.4445424 0.4568858 0.4692386 0.4816 0.4931754 0.5046408 0.5161549 0.5277148 0.5393176 0.5509605 0.5626409 0.5743566
0.1069589 0.09533878 0.0839773 0.07299533 0.06259298 0.05161549 0.03958727 0.02799243 0.01770397 0.0125186 0 0.0125186 0.02503719 0.02503719 0.01770397 0.0125186 0 0.0125186 0.01770397 0.02799243 0.03540794 0.04513644 0.0531119 0.06259298 0.07299533 0.0839773 0.09533878 0.1062238 0.1154158 0.1239278 0.1330745 0.1427339 0.1528089 0.1632225 0.1739139 0.1848349 0.195947 0.2072196 0.2186279 0.2301516 0.2417742 0.2534823 0.2652643 0.2771109 0.2890142 0.3009675 0.3129649 0.3250017 0.3370735 0.3491768 0.3613085 0.3734656 0.3856459 0.3978472 0.4100676 0.4223055 0.4345594 0.4468279 0.45911 0.4714045 0.4837105 0.4960271 0.5083537 0.5206893 0.5325923 0.5440911 0.5556339 0.5672181 0.5788412
0.1009281 0.09027288 0.07917455 0.0674147 0.05598486 0.04513644 0.03540794 0.02503719 0.0125186 0 0.0125186 0.01770397 0.01770397 0.0125186 0.0125186 0 0.0125186 0.01770397 0.02799243 0.03540794 0.04513644 0.0531119 0.06259298 0.07081588 0.08015812 0.09027288 0.1009281 0.1119697 0.1232939 0.1330745 0.1416318 0.1507439 0.1603162 0.1702713 0.1805458 0.1910881 0.2018563 0.2128161 0.2239394 0.2352031 0.2465877 0.2580774 0.2696588 0.2813205 0.2930528 0.3048477 0.3166982 0.3285982 0.3405426 0.3525269 0.364547 0.3765996 0.3886817 0.4007906 0.4129239 0.4250796 0.4372558 0.4494507 0.461663 0.4738913 0.4861343 0.4983911 0.5106605 0.5229418 0.535234 0.5475366 0.5598486 0.5720327 0.58356
0.09533878 0.0839773 0.07299533 0.06259298 0.05161549 0.03958727 0.02799243 0.01770397 0.0125186 0 0.0125186 0.01770397 0.0125186 0 0 0 0.0125186 0.02503719 0.03540794 0.04513644 0.0531119 0.06259298 0.07081588 0.08015812 0.08851984 0.09777336 0.107689 0.1181002 0.1288868 0.1399622 0.1507439 0.1593357 0.1684205 0.1779227 0.1877789 0.1979364 0.208351 0.218986 0.2298109 0.2408 0.2519319 0.2631884 0.2745543 0.2860163 0.2975636 0.3091865 0.3208768 0.3326274 0.3444321 0.3562855 0.368183 0.3801203 0.3920939 0.4041006 0.4161374 0.4282019 0.4402917 0.4524048 0.4645394 0.476694 0.4888668 0.5010567 0.5132625 0.5254829 0.537717 0.549964 0.562223 0.5744931 0.5867737
0.09027288 0.07917455 0.0674147 0.05598486 0.04513644 0.03540794 0.02503719 0.0125186 0 0.0125186 0.0125186 0.0125186 0 0.0125186 0.0125186 0.0125186 0.01770397 0.02799243 0.03958727 0.05161549 0.06259298 0.07081588 0.08015812 0.08851984 0.09777336 0.1062238 0.1154158 0.125186 0.1354093 0.1459907 0.1568576 0.1679546 0.1770397 0.1861023 0.1955467 0.2053202 0.2153781 0.2256822 0.2362004 0.2469053 0.2577737 0.2687857 0.2799243 0.2911751 0.3025255 0.3139648 0.3254835 0.3370735 0.3487277 0.3604399 0.3722046 0.384017 0.3958728 0.4077682 0.4196998 0.4316647 0.4436602 0.4556838 0.4677333 0.4798069 0.4919028 0.5040193 0.5161549 0.5283085 0.5404787 0.5526645 0.5648648 0.5770788 0.5893055
0.0839773 0.07299533 0.06259298 0.05161549 0.03958727 0.02799243 0.01770397 0.0125186 0 0.0125186 0 0 0.0125186 0.01770397 0.02503719 0.02503719 0.02799243 0.03540794 0.04513644 0.05598486 0.0674147 0.07917455 0.08851984 0.09777336 0.1062238 0.1154158 0.1239278 0.1330745 0.1427339 0.1528089 0.1632225 0.1739139 0.1848349 0.1947436 0.203788 0.213184 0.2228873 0.2328594 0.2430672 0.2534823 0.2640801 0.2748395 0.2857423 0.2967726 0.3079167 0.3191628 0.3305004 0.3419204 0.3534148 0.3649766 0.3765996 0.3882783 0.4000078 0.4117838 0.4236023 0.43546 0.4473537 0.4592806 0.4712382 0.4832243 0.4952367 0.5072735 0.5193332 0.531414 0.5435147 0.5556339 0.5677704 0.5799232 0.5920912
0.07917455 0.0674147 0.05598486 0.04513644 0.03540794 0.02503719 0.0125186 0 0.0125186 0.0125186 0 0.0125186 0.01770397 0.02799243 0.03540794 0.03755579 0.03958727 0.04513644 0.0531119 0.06259298 0.07299533 0.0839773 0.09533878 0.1062238 0.1154158 0.1239278 0.1330745 0.1416318 0.1507439 0.1603162 0.1702713 0.1805458 0.1910881 0.2018563 0.2124476 0.2214766 0.2308315 0.2404744 0.2503719 0.2604951 0.2708187 0.2813205 0.2919813 0.3027844 0.3137151 0.3247605 0.3359092 0.3471513 0.358478 0.3698816 0.3813551 0.3928925 0.4044882 0.4161374 0.4278357 0.4395792 0.4513644 0.4631881 0.4750473 0.4869396 0.4988625 0.5108139 0.5227919 0.5347946 0.5468205 0.558868 0.5709358 0.5830226 0.5951272
0.07299533 0.06259298 0.05161549 0.03958727 0.02799243 0.01770397 0.0125186 0 0.0125186 0 0 0.0125186 0.02503719 0.03540794 0.04513644 0.05007438 0.05161549 0.05598486 0.06259298 0.07081588 0.08015812 0.09027288 0.1009281 0.1119697 0.1232939 0.1330745 0.1416318 0.1507439 0.1593357 0.1684205 0.1779227 0.1877789 0.1979364 0.208351 0.218986 0.2298109 0.2391674 0.248487 0.2580774 0.2679096 0.2779579 0.2881997 0.2986151 0.3091865 0.3198985 0.3307374 0.3416912 0.352749 0.3639016 0.3751404 0.3864578 0.3978472 0.4093026 0.4208185 0.4323902 0.4440133 0.4556838 0.4673982 0.4791533 0.4909461 0.502774 0.5146346 0.5265256 0.5384452 0.5503913 0.5623623 0.5743566 0.5863729 0.5984098
0.0674147 0.05598486 0.04513644 0.03540794 0.02503719 0.0125186 0 0.0125186 0.0125186 0 0.0125186 0.01770397 0.02799243 0.03958727 0.05161549 0.06259298 0.06383257 0.0674147 0.07299533 0.08015812 0.08851984 0.09777336 0.107689 0.1181002 0.1288868 0.1399622 0.1507439 0.1593357 0.1684205 0.1770397 0.1861023 0.1955467 0.2053202 0.2153781 0.2256822 0.2362004 0.2469053 0.2568601 0.266149 0.2756935 0.2854679 0.2954495 0.3056179 0.3159551 0.326445 0.3370735 0.3478278 0.3586966 0.3696697 0.3807382 0.391894 0.4031299 0.4144393 0.4258163 0.4372558 0.4487528 0.4603031 0.4719029 0.4835485 0.4952367 0.5069645 0.5187293 0.5305285 0.5423601 0.5542219 0.5661119 0.5780284 0.58997 0.6019349
0.06383257 0.05161549 0.03958727 0.02799243 0.01770397 0.0125186 0 0.0125186 0.0125186 0 0.0125186 0.02503719 0.03540794 0.04513644 0.05598486 0.0674147 0.07614765 0.07917455 0.0839773 0.09027288 0.09777336 0.1062238 0.1154158 0.125186 0.1354093 0.1459907 0.1568576 0.1679546 0.1770397 0.1861023 0.1947436 0.203788 0.213184 0.2228873 0.2328594 0.2430672 0.2534823 0.2640801 0.2745543 0.2838162 0.2933201 0.3030431 0.3129649 0.3230671 0.3333333 0.3437489 0.3543006 0.3649766 0.3757665 0.3866605 0.3976502 0.4087279 0.4198865 0.4311198 0.4424222 0.4537883 0.4652137 0.476694 0.4882252 0.499804 0.5114271 0.5230916 0.5347946 0.5465339 0.5583069 0.5701118 0.5819464 0.5938091 0.6056983
0.06259298 0.05007438 0.03755579 0.02503719 0.0125186 0 0 0.0125186 0 0.0125186 0.01770397 0.02799243 0.03958727 0.05161549 0.06259298 0.07299533 0.0839773 0.09113675 0.09533878 0.1009281 0.107689 0.1154158 0.1239278 0.1330745 0.1427339 0.1528089 0.1632225 0.1739139 0.1848349 0.1947436 0.203788 0.2124476 0.2214766 0.2308315 0.2404744 0.2503719 0.2604951 0.2708187 0.2813205 0.2919813 0.3014877 0.3109555 0.3206325 0.3305004 0.3405426 0.3507442 0.3610915 0.3715725 0.3821762 0.3928925 0.4037126 0.4146283 0.4256323 0.4367178 0.4478789 0.45911 0.4704061 0.4817626 0.4931754 0.5046408 0.5161549 0.5277148 0.5393176 0.5509605 0.5626409 0.5743566 0.5861056 0.5978858 0.6096955
0.06259298 0.05007438 0.03755579 0.02503719 0.0125186 0 0.0125186 0.0125186 0 0.0125186 0.02503719 0.03540794 0.04513644 0.05598486 0.0674147 0.07917455 0.09027288 0.1009281 0.1069589 0.1119697 0.1181002 0.125186 0.1330745 0.1416318 0.1507439 0.1603162 0.1702713 0.1805458 0.1910881 0.2018563 0.2124476 0.2214766 0.2301516 0.2391674 0.248487 0.2580774 0.2679096 0.2779579 0.2881997 0.2986151 0.3091865 0.3191628 0.3285982 0.3382338 0.348053 0.3580406 0.368183 0.3784676 0.3888833 0.3994197 0.4100676 0.4208185 0.4316647 0.4425992 0.4536156 0.4647081 0.4758713 0.4871005 0.4983911 0.509739 0.5211406 0.5325923 0.5440911 0.5556339 0.5672181 0.5788412 0.590501 0.6021952 0.6139219
0.06259298 0.05007438 0.03755579 0.02503719 0.0125186 0 0.0125186 0.0125186 0 0.0125186 0.02503719 0.03755579 0.05007438 0.06259298 0.07299533 0.0839773 0.09533878 0.1069589 0.1181002 0.1232939 0.1288868 0.1354093 0.1427339 0.1507439 0.1593357 0.1684205 0.1779227 0.1877789 0.1979364 0.208351 0.218986 0.2298109 0.2391674 0.2478556 0.2568601 0.266149 0.2756935 0.2854679 0.2954495 0.3056179 0.3159551 0.326445 0.336841 0.3462473 0.3558453 0.3656202 0.3755579 0.3856459 0.3958728 0.4062279 0.4167019 0.4272859 0.437972 0.4487528 0.4596218 0.4705727 0.4816 0.4926986 0.5038638 0.5150912 0.5263768 0.537717 0.5491085 0.560548 0.5720327 0.58356 0.5951272 0.6067323 0.618373
0.05598486 0.04513644 0.03540794 0.02503719 0.0125186 0 0.0125186 0.0125186 0 0.0125186 0.02503719 0.03755579 0.05007438 0.06259298 0.07511158 0.08763017 0.1001488 0.1119697 0.1232939 0.1348294 0.1399622 0.1459907 0.1528089 0.1603162 0.1684205 0.1770397 0.1861023 0.1955467 0.2053202 0.2153781 0.2256822 0.2362004 0.2469053 0.2568601 0.2655595 0.2745543 0.2838162 0.2933201 0.3030431 0.3129649 0.3230671 0.3333333 0.3437489 0.3543006 0.3639016 0.3734656 0.3831999 0.3930919 0.4031299 0.4133033 0.4236023 0.4340181 0.4445424 0.4551676 0.4658869 0.476694 0.4875828 0.4985483 0.5095853 0.5206893 0.5318562 0.543082 0.5543633 0.5656965 0.5770788 0.5885072 0.5999791 0.6114921 0.6230438
0.05161549 0.03958727 0.02799243 0.01770397 0.0125186 0 0.0125186 0.0125186 0 0.0125186 0.02503719 0.03755579 0.05007438 0.06259298 0.07511158 0.08763017 0.1001488 0.1126674 0.125186 0.1377046 0.1502232 0.1568576 0.1632225 0.1702713 0.1779227 0.1861023 0.1947436 0.203788 0.213184 0.2228873 0.2328594 0.2430672 0.2534823 0.2640801 0.2745543 0.2832635 0.2922496 0.3014877 0.3109555 0.3206325 0.3305004 0.3405426 0.3507442 0.3610915 0.3715725 0.3815606 0.3910934 0.4007906 0.4106404 0.4206322 0.4307561 0.4410029 0.4513644 0.4618327 0.4724008 0.4830621 0.4938106 0.5046408 0.5155473 0.5265256 0.5375713 0.5486802 0.5598486 0.5710731 0.5823502 0.5936772 0.605051 0.6164693 0.6279296
0.05007438 0.03755579 0.02503719 0.0125186 0 0.0125186 0.01770397 0.0125186 0 0.0125186 0.02503719 0.03755579 0.05007438 0.06259298 0.07511158 0.08763017 0.1001488 0.1126674 0.125186 0.1377046 0.1502232 0.1627418 0.1739139 0.1805458 0.1877789 0.1955467 0.203788 0.2124476 0.2214766 0.2308315 0.2404744 0.2503719 0.2604951 0.2708187 0.2813205 0.2919813 0.3009675 0.3099459 0.3191628 0.3285982 0.3382338 0.348053 0.3580406 0.368183 0.3784676 0.3888833 0.3992235 0.4087279 0.4183909 0.4282019 0.4381509 0.4482287 0.4584268 0.4687374 0.4791533 0.4896676 0.5002741 0.5109673 0.5217417 0.5325923 0.5435147 0.5545046 0.565558 0.5766712 0.587841 0.5990642 0.6103377 0.6216589 0.6330252
0.05007438 0.03755579 0.02503719 0.0125186 0 0.0125186 0.02503719 0.0125186 0 0.0125186 0.02503719 0.03755579 0.05007438 0.06259298 0.07511158 0.08763017 0.1001488 0.1126674 0.125186 0.1377046 0.1502232 0.1627418 0.1752603 0.1877789 0.1979364 0.2053202 0.213184 0.2214766 0.2301516 0.2391674 0.248487 0.2580774 0.2679096 0.2779579 0.2881997 0.2986151 0.3091865 0.3186714 0.327643 0.336841 0.3462473 0.3558453 0.3656202 0.3755579 0.3856459 0.3958728 0.4062279 0.4167019 0.426368 0.4359995 0.4457745 0.4556838 0.4657187 0.4758713 0.4861343 0.4965008 0.5069645 0.5175194 0.5281602 0.5388816 0.549679 0.560548 0.5714845 0.5824847 0.5935451 0.6046625 0.6158335 0.6270554 0.6383256
0.05007438 0.03755579 0.02503719 0.0125186 0 0.0125186 0.01770397 0.0125186 0 0.0125186 0.02503719 0.03755579 0.05007438 0.06259298 0.07511158 0.08763017 0.1001488 0.1126674 0.125186 0.1377046 0.1502232 0.1627418 0.1752603 0.1877789 0.2002975 0.2128161 0.2228873 0.2308315 0.2391674 0.2478556 0.2568601 0.266149 0.2756935 0.2854679 0.2954495 0.3056179 0.3159551 0.326445 0.3363754 0.3453408 0.3545217 0.3639016 0.3734656 0.3831999 0.3930919 0.4031299 0.4133033 0.4236023 0.4340181 0.4440133 0.4536156 0.4633572 0.4732294 0.4832243 0.4933343 0.5035526 0.5138727 0.5242886 0.5347946 0.5453857 0.5560568 0.5668035 0.5776216 0.5885072 0.5994565 0.6104661 0.6215328 0.6326537 0.6438259
0.04513644 0.03540794 0.02503719 0.0125186 0 0.0125186 0.0125186 0 0 0.0125186 0.02503719 0.03755579 0.05007438 0.06259298 0.07511158 0.08763017 0.1001488 0.1126674 0.125186 0.1377046 0.1502232 0.1627418 0.1752603 0.1877789 0.2002975 0.2128161 0.2253347 0.2378533 0.248487 0.2568601 0.2655595 0.2745543 0.2838162 0.2933201 0.3030431 0.3129649 0.3230671 0.3333333 0.3437489 0.3540794 0.3630393 0.3722046 0.3815606 0.3910934 0.4007906 0.4106404 0.4206322 0.4307561 0.4410029 0.4513644 0.461663 0.4712382 0.4809487 0.4907864 0.5007438 0.5108139 0.5209902 0.5312666 0.5416373 0.552097 0.5626409 0.5732642 0.5839626 0.5947321 0.6055689 0.6164693 0.6274302 0.6384484 0.6495209
0.03958727 0.02799243 0.01770397 0.0125186 0 0.0125186 0.0125186 0 0.0125186 0.01770397 0.02799243 0.03958727 0.05161549 0.06383257 0.07614765 0.08851984 0.1009281 0.1133607 0.1258103 0.1382724 0.1507439 0.1632225 0.1757069 0.1881958 0.2006884 0.213184 0.2256822 0.2381825 0.2506847 0.2631884 0.2745543 0.2832635 0.2922496 0.3014877 0.3109555 0.3206325 0.3305004 0.3405426 0.3507442 0.3610915 0.3715725 0.3807382 0.3898894 0.3992235 0.4087279 0.4183909 0.4282019 0.4381509 0.4482287 0.4584268 0.4687374 0.4791533 0.4888668 0.4985483 0.5083537 0.5182759 0.5283085 0.5384452 0.5486802 0.5590082 0.5694241 0.5799232 0.590501 0.6011533 0.6118764 0.6226664 0.6335201 0.6444342 0.6554056
0.03755579 0.02503719 0.0125186 0 0.0125186 0.01770397 0.0125186 0 0 0.0125186 0.02503719 0.03755579 0.05007438 0.06259298 0.07511158 0.08763017 0.1001488 0.1126674 0.125186 0.1377046 0.1502232 0.1627418 0.1752603 0.1877789 0.2002975 0.2128161 0.2253347 0.2378533 0.2503719 0.2628905 0.2754091 0.2879277 0.3004463 0.3099459 0.3191628 0.3285982 0.3382338 0.348053 0.3580406 0.368183 0.3784676 0.3888833 0.3984376 0.4075759 0.4168899 0.426368 0.4359995 0.4457745 0.4556838 0.4657187 0.4758713 0.4861343 0.4965008 0.5065006 0.5161549 0.52593 0.5358193 0.5458165 0.5559159 0.5661119 0.5763994 0.5867737 0.5972302 0.6077646 0.618373 0.6290517 0.639797 0.6506057 0.6614748
0.03755579 0.02503719 0.0125186 0 0.0125186 0.02503719 0.0125186 0 0 0.0125186 0.02503719 0.03755579 0.05007438 0.06259298 0.07511158 0.08763017 0.1001488 0.1126674 0.125186 0.1377046 0.1502232 0.1627418 0.1752603 0.1877789 0.2002975 0.2128161 0.2253347 0.2378533 0.2503719 0.2628905 0.2754091 0.2879277 0.3004463 0.3129649 0.3254835 0.336841 0.3462473 0.3558453 0.3656202 0.3755579 0.3856459 0.3958728 0.4062279 0.4161374 0.4252639 0.4345594 0.4440133 0.4536156 0.4633572 0.4732294 0.4832243 0.4933343 0.5035526 0.5138727 0.5241391 0.5337681 0.5435147 0.5533729 0.5633368 0.5734009 0.58356 0.5938091 0.6041439 0.6145598 0.6250529 0.6356193 0.6462554 0.656958 0.6677237
