02_Processed_Data/Guangdong-driving/POP/2019/gd-pop-19-txt.txt
ncols         755
nrows         605
xllcorner     491130
yllcorner     2101946
cellsize      1000
NODATA_value  -9999
[rows 174 to 202 of 605, columns 670 to 736 of 755]
0.02321197 0.02303523 0.02413495 0.02295668 0.0312635 0.02299595 0.02177841 0.02287813 0.02391893 0.02268175 0.02256392 0.02252465 0.02250501 0.02252465 0.02246573 0.02264247 0.01637799 0.01692785 0.01728133 0.02238718 0.05347394 0.05323829 0.05463257 0.05478968 0.05818703 0.05518243 0.05746043 0.03092966 0.02688425 0.02953537 0.02920152 0.02904442 0.02886768 0.02918189 0.02910333 0.01893091 0.01873454 0.0327167 0.02554888 0.01730097 0.02841601 0.02827854 0.02918189 0.01855779 0.01810612 0.03263815 0.03063509 0.03024233 0.03338439 0.02994776 0.03248105 0.04850556 0.05681238 0.02821963 0.02733593 0.02711991 0.02692353 0.005518244 -9999 0.005400416 -9999 0.005636071 0.006244845 -9999 -9999 -9999 -9999
0.03147952 0.02309414 0.02413495 0.02439024 0.0314206 0.02295668 0.0311064 0.03581949 0.03118495 0.03098857 0.02258356 0.0226032 0.02254428 0.0226032 0.02258356 0.0227603 0.02254428 0.01718314 0.03096893 0.03055654 0.05259024 0.05300263 0.05296336 0.05598759 0.05909037 0.05606614 0.057755 0.03147952 0.03257924 0.02252465 0.01516044 0.01486587 0.03173481 0.02933899 0.02886768 0.01877381 0.0246259 0.02507757 0.02484192 0.02531322 0.0299674 0.01855779 0.02845529 0.03145988 0.02906406 0.05288481 0.03576057 0.05027297 0.03002631 0.03212757 0.03884372 0.05577157 0.03454303 0.04178941 0.02719846 0.02688425 -9999 0.006303759 0.005400416 0.005361141 -9999 0.005596795 -9999 -9999 -9999 -9999 -9999
0.02460626 0.02439024 0.02440988 0.02521504 0.03185264 0.0312635 0.03118495 0.03112604 0.03193119 0.03607478 0.03568202 0.02313342 0.02525431 0.02346726 0.02912297 0.02440988 0.02289777 0.04092534 0.03051726 0.02533286 0.05288481 0.05219748 0.05270806 0.051844 0.05669455 0.05367032 0.05198146 0.0527277 0.0183025 0.01590668 0.02274066 0.02199442 0.01457131 0.01851852 0.01924512 0.03153843 0.01796866 0.03491615 0.04524567 0.04453871 0.02499902 0.02806253 0.02845529 0.03151879 0.03032088 0.050705 0.05137269 0.05249204 0.030694 0.03719414 0.05437728 0.04216252 0.03409136 0.04133773 0.02757158 0.02660932 -9999 0.005400416 0.005341503 0.005341503 0.005321865 0.01056518 -9999 -9999 -9999 -9999 -9999
0.04061113 0.04084678 0.03597659 0.03876517 0.03242214 0.03362004 0.03244177 0.03621225 0.03680138 0.03208829 0.03615333 0.03617297 0.02427242 0.02796434 0.0312635 0.03259888 0.02884804 0.0325596 0.02338871 0.02331016 0.02368328 0.05139232 0.05097993 0.05090138 0.05237422 0.05286517 0.02411531 0.02374219 0.02395821 0.02321197 0.02248537 0.02238718 0.02195515 0.01459094 0.02166058 0.02460626 0.0170064 0.06064177 0.04848592 0.04587408 0.05681238 0.02440988 0.02450807 0.05156907 0.0520011 0.05145124 0.05202074 0.05341503 0.1037862 0.04241782 0.04218216 0.04159303 0.04167158 0.02713955 0.02698244 0.02658969 0.02627548 -9999 -9999 0.005714622 0.005420054 0.005341503 -9999 -9999 -9999 -9999 -9999
0.02437061 0.04110208 0.03242214 0.0332862 0.04155375 0.0349947 0.03519108 0.03275598 0.03295236 0.03216684 0.03169553 0.03169553 0.0316759 0.02788579 0.03454303 0.03460194 0.03248105 0.03159735 0.02340835 0.02325125 0.02437061 0.02336907 0.02287813 0.02366364 0.02541141 0.01806685 0.02403676 0.0233298 0.02321197 0.02957464 0.02845529 0.02391893 0.02311378 0.02782687 0.01445348 0.02166058 0.04797534 0.04860375 0.04903578 0.04451907 0.04373355 0.04532422 0.04632575 0.05186363 0.02984957 0.05288481 0.05496642 0.05783355 0.1052394 0.04642394 0.04357645 0.04202506 0.04178941 0.04094497 0.04031656 0.02637367 -9999 -9999 0.005321865 0.01170417 0.008660304 0.0103688 0.01082047 -9999 -9999 -9999 -9999
0.02537214 0.03283453 0.0319901 0.031833 0.03560347 0.0358784 0.0257649 0.03165626 0.04098425 0.03265779 0.03195083 0.0331291 0.04067004 0.03352186 0.04070932 0.03275598 0.04004163 0.03246141 0.03267743 0.02309414 0.02413495 0.02382074 0.02334944 0.02334944 0.02790542 0.030694 0.02605946 0.02511685 0.02246573 0.02963356 0.01651545 0.02295668 0.0213071 0.02651113 0.02505793 0.01413927 0.04332116 0.04506893 0.06223243 0.05783355 0.04499038 0.04449943 0.05537881 0.05530026 0.03446447 0.03045835 0.04607046 0.1088331 0.104395 0.1013904 0.04601155 0.03250069 0.04192687 0.04057185 0.02635403 -9999 -9999 -9999 -9999 0.006048466 -9999 0.008660304 -9999 -9999 -9999 -9999 -9999
0.03656573 0.03236322 0.02490083 0.03250069 0.03112604 0.03974706 0.03866698 0.0361337 0.03739052 0.03283453 0.0331291 0.04281057 0.03348258 0.04120027 0.03147952 0.03165626 0.0311064 0.03929539 0.03646754 0.02287813 0.02880877 0.02376183 0.02336907 0.02346726 0.03293272 0.03159735 0.02301559 0.0285142 0.01580849 0.0292408 0.01553356 0.01769373 0.01686894 0.02776796 0.02786615 0.02545069 0.0244688 0.01708495 0.04630611 0.04742547 0.04577589 0.04451907 0.04318369 0.04418522 0.03462158 0.03648718 0.1046306 0.1014493 0.09928911 0.04391029 0.04212325 0.04129846 0.02808216 0.04067004 0.02613802 -9999 -9999 -9999 -9999 -9999 -9999 -9999 -9999 -9999 -9999 -9999 -9999
0.02971211 0.02902478 0.02354581 0.02827854 0.03750835 0.04777896 0.04919288 0.04815207 0.03962924 0.03625152 0.0420447 0.0324025 0.03155807 0.03096893 0.02366364 0.03102785 0.03089038 0.03658536 0.03676211 0.03570166 0.03507325 0.0357213 0.02274066 0.02531322 0.0296532 0.01847924 0.0257649 0.02407604 0.02289777 0.02429205 0.01547465 0.02181768 0.01463022 0.02232827 0.02136601 0.01692785 0.01663328 0.01408036 0.0442245 0.04263383 0.04465653 0.0430855 0.04341935 0.04440124 0.04430305 0.04815207 0.1069282 0.09978005 0.03022269 0.0545933 0.04123954 0.04255528 0.04190723 0.02657005 0.02578453 -9999 -9999 -9999 -9999 -9999 -9999 -9999 -9999 -9999 -9999 -9999 -9999
0.08204705 0.03100821 0.03169553 0.04061113 0.09432073 0.08055457 0.08204705 0.08075095 0.07758925 0.04224107 0.04021837 0.03138133 0.03128314 0.02403676 0.03102785 0.03102785 0.03642826 0.03731197 0.03652645 0.0355642 0.02503829 0.03554456 0.02230863 0.0238993 0.02356545 0.0234869 0.0348376 0.03161698 0.02366364 0.02961392 0.02916225 0.02350654 0.0231727 0.01614233 0.02782687 0.01447312 0.03619261 0.03022269 0.04489219 0.02949609 0.04324261 0.05119595 0.03189191 0.03517144 0.03307018 0.1050823 0.1004674 0.04165194 0.02739484 0.04118063 0.0409057 0.04080751 0.04070932 0.04063077 0.02560779 -9999 -9999 -9999 -9999 -9999 -9999 -9999 -9999 -9999 -9999 -9999 -9999
0.08727073 0.09027532 0.03636935 0.08784023 0.08232198 0.08112407 0.07466321 0.07511488 0.07698048 0.07741252 0.03703704 0.0242135 0.03623188 0.03591768 0.03144024 0.03762617 0.06676878 0.0482699 0.03913829 0.03958996 0.03691921 0.0360355 0.03666392 0.02423314 0.02495974 0.02407604 0.02022701 0.02668788 0.03067436 0.02325125 0.02331016 0.02195515 0.0292408 0.02933899 0.02230863 0.0216213 0.01604415 0.04673815 0.04652213 0.03591768 0.02961392 0.03623188 0.04379247 0.03224539 0.03432701 0.1062998 0.04369428 0.04167158 0.0406504 0.04031656 0.04025765 0.04120027 0.02711991 0.02564707 0.02543105 -9999 -9999 -9999 -9999 -9999 -9999 -9999 -9999 -9999 -9999 -9999 -9999
0.09463494 0.09563646 0.09025569 0.09100193 0.05139232 0.04469581 0.08406975 0.02967283 0.08648521 0.07641098 0.07413299 0.03921684 0.03703704 0.03654609 0.02651113 0.04685597 0.055477 0.04944818 0.04063077 0.03788147 0.03931503 0.02258356 0.02268175 0.02277994 0.02052158 0.02959428 0.01961824 0.02409567 0.03259888 0.02678606 0.02321197 0.01502298 0.02195515 0.02816072 0.0214642 0.02128746 0.01429638 0.049566 0.05897254 0.04481364 0.03055654 0.05922784 0.06191823 0.04063077 0.1075763 0.1057892 0.04428341 0.04229999 0.0410628 0.04023801 0.04008091 0.02741448 0.02600055 0.02539178 0.02525431 -9999 -9999 -9999 -9999 -9999 -9999 -9999 -9999 -9999 -9999 -9999 -9999
0.08880248 0.1023723 0.09349594 0.09288716 0.08958799 0.09516516 0.0939476 0.04072896 0.04218216 0.08422685 0.02715918 0.03796002 0.03686029 0.0375869 0.03104748 0.04068968 0.03481796 0.04907506 0.03929539 0.03666392 0.03638899 0.03047799 0.02920152 0.02342799 0.03024233 0.01853816 0.02941754 0.03128314 0.03189191 0.02531322 0.03193119 0.02425278 0.02407604 0.0293979 0.02378147 0.02880877 0.0161227 0.04565807 0.04477436 0.04444052 0.0293979 0.04330152 0.04341935 0.04544205 0.1057303 0.107321 0.04923216 0.04487255 0.04316406 0.0410628 0.04015946 0.02639331 0.02574526 -9999 -9999 -9999 -9999 -9999 -9999 -9999 -9999 -9999 -9999 -9999 -9999 -9999 -9999
0.08915596 0.03813676 0.0903146 0.03929539 0.09298535 0.08868466 0.03998272 0.05302227 0.05131377 0.02929971 0.08438396 0.04304623 0.03878481 0.03752798 0.03352186 0.03073328 0.03636935 0.03593732 0.03542673 0.03599623 0.02160167 0.02205334 0.02252465 0.01569066 0.0290837 0.01789011 0.02933899 0.01863635 0.02963356 0.03310946 0.03401281 0.02984957 0.02270139 0.01474805 0.02148384 0.02248537 0.02152311 0.04379247 0.04263383 0.03310946 0.04506893 0.04591336 0.03460194 0.09952477 0.1101881 0.1068693 0.1013904 0.04214289 0.04175013 0.04123954 0.04100389 0.02617729 0.02554888 -9999 -9999 -9999 -9999 -9999 -9999 -9999 -9999 -9999 -9999 -9999 -9999 -9999 -9999
0.08744747 0.08960763 0.09276933 0.08711363 0.08807588 0.048427 0.0404933 0.05337575 0.05105848 0.04304623 0.03962924 0.03750835 0.03994344 0.04224107 0.0460901 0.03839205 0.03678174 0.03477868 0.03434665 0.03381642 0.02297632 0.02124818 0.02299595 0.0213071 0.01739916 0.01600487 0.02142492 0.01716351 0.02299595 0.03316838 0.03149915 0.0316759 0.02928008 0.02843565 0.02156239 0.02246573 0.01533718 0.04392993 0.03684066 0.03858843 0.03748871 0.0473862 0.0486823 0.04055222 0.1065158 0.1048074 0.09856251 0.04430305 0.04271238 0.04104316 0.0277876 0.02743411 0.02533286 -9999 -9999 -9999 -9999 -9999 -9999 -9999 -9999 -9999 -9999 -9999 -9999 -9999 -9999
0.08597463 0.08670123 0.09186599 0.08542477 0.09025569 0.04848592 0.04825027 0.05639999 0.04658104 0.0590511 0.04363536 0.02833746 0.03839205 0.0438121 0.05011586 0.04736656 0.03578021 0.03462158 0.02450807 0.02417423 0.02403676 0.0148266 0.01624052 0.02672715 0.02407604 0.01610306 0.01584777 0.02346726 0.02657005 0.03083147 0.02998704 0.03375751 0.03045835 0.02963356 0.02254428 0.02215153 0.02819999 0.01429638 0.05812812 0.04526531 0.05096029 0.06796669 0.08128118 0.08312713 0.03868662 0.09966223 0.03273634 0.04687561 0.04465653 0.04194651 0.04367464 0.04025765 0.02603983 -9999 -9999 -9999 -9999 -9999 -9999 -9999 -9999 -9999 -9999 -9999 -9999 -9999 -9999
0.08438396 0.04159303 0.04061113 0.04059149 0.02745375 0.0808295 0.04927143 0.05524135 0.05437728 0.04392993 0.04010054 0.03803857 0.03611406 0.048427 0.05154943 0.04807352 0.04497074 0.03450375 0.02584345 0.0238993 0.02372256 0.02765013 0.01527827 0.02240682 0.02340835 0.01761518 0.02224972 0.01592632 0.0273752 0.02988885 0.02914261 0.03094929 0.03091002 0.03022269 0.04453871 0.02386002 0.02941754 0.01453203 0.04471545 0.06541377 0.07132477 0.06920388 0.08540513 0.07442755 0.06883076 0.03403244 0.04312478 0.05901182 0.04273202 0.0438121 0.04198578 0.02631476 0.02688425 -9999 -9999 -9999 -9999 -9999 -9999 -9999 -9999 -9999 -9999 -9999 -9999 -9999 -9999
0.08304858 0.08742783 0.03845096 0.03631043 0.03234359 0.02975138 0.05710695 0.04772004 0.05494678 0.04275166 0.03870626 0.02523467 0.02515612 0.03986489 0.04094497 0.05268843 0.03794038 0.03397353 0.03354149 0.02393857 0.02497938 0.02342799 0.01447312 0.01641726 0.02391893 0.02075724 0.02191587 0.01537646 0.01533718 0.02386002 0.02861239 0.02865166 0.02415459 0.03416991 0.04267311 0.03234359 0.02397785 0.01516044 0.01449275 0.06321432 0.07234594 0.06714191 0.08422685 0.07171753 0.06987157 0.06963591 0.03654609 0.04447979 0.0409057 0.02857311 0.04047367 0.02772868 -9999 -9999 -9999 -9999 -9999 -9999 -9999 -9999 -9999 -9999 -9999 -9999 -9999 -9999 -9999
0.08306822 0.08022073 0.08027964 0.03672283 0.05765681 0.05636071 0.05820667 0.062527 0.04424414 0.04133773 0.04789678 0.0550057 0.06963591 0.05494678 0.05408271 0.05903146 0.0488394 0.02653077 0.02376183 0.02494011 0.02474373 0.02329052 0.02452771 0.02311378 0.02331016 0.02442952 0.02042339 0.02030556 0.01510153 0.01531754 0.02329052 0.02884804 0.0234869 0.02847492 0.04338007 0.03819567 0.02570598 0.0292408 0.07535054 0.04440124 0.0856997 0.05810848 0.06380346 0.07073563 0.06910569 0.07482031 0.05296336 0.04314442 0.04862338 0.04746475 -9999 0.04442088 0.03996308 -9999 -9999 -9999 -9999 -9999 -9999 -9999 -9999 -9999 -9999 -9999 -9999 -9999 -9999
0.04053258 0.02609874 0.03591768 0.05486823 0.06924316 0.0551628 0.07203174 0.05973842 0.04025765 0.03953105 0.05610542 0.05649817 0.05361141 0.0675543 0.05266879 0.03503397 0.04485291 0.02947645 0.02433133 0.02492047 0.0233298 0.02321197 0.03246141 0.0229174 0.02413495 0.02429205 0.03234359 0.03208829 0.02688425 0.02431169 0.02056086 0.03047799 0.03175445 0.03354149 0.0349947 0.03228467 0.03112604 0.08285221 0.07267979 0.07739288 0.08240053 0.0618004 0.06727937 0.09398688 0.04783787 0.04850556 0.04952673 0.0531401 0.05767645 0.05119595 0.09887671 0.04243745 0.02547033 0.04006127 -9999 -9999 -9999 -9999 -9999 -9999 -9999 -9999 -9999 -9999 -9999 -9999 -9999
0.04728801 0.04528495 0.03568202 0.05480932 0.0538667 0.06892895 0.05494678 0.0442245 0.03797965 0.04129846 0.05494678 0.07279761 0.05335611 0.06716154 0.03972743 0.03420918 0.04377283 0.03489651 0.02605946 0.03079219 0.02494011 0.0332862 0.02295668 0.0227603 0.0226032 0.06820235 0.09579357 0.03287381 0.03316838 0.02482228 0.03356113 0.0216213 0.03413063 0.03085111 0.03430737 0.03181336 0.1499156 0.06802561 0.08275402 0.06484427 0.07529163 0.1039236 0.1624249 0.1458701 0.07309218 0.04446016 0.06207533 0.04322297 0.09828757 0.1035702 0.1004477 0.04430305 0.03091002 -9999 -9999 -9999 -9999 -9999 -9999 -9999 -9999 -9999 -9999 -9999 -9999 -9999 -9999
0.0422018 0.03931503 0.05488787 0.05425946 0.05359177 0.05392561 0.05477004 0.05435764 0.03796002 0.05461294 0.07048034 0.05420054 0.05245277 0.05247241 0.0348376 0.03532854 0.03617297 0.0342681 0.03493578 0.03387534 0.03513216 0.02625584 0.0229174 0.02289777 0.02272102 0.06837909 0.07110875 0.09606849 0.03305055 0.03360041 0.04339971 0.02056086 0.02694317 0.02362437 0.03108676 0.1588704 0.1191626 0.1434743 0.08556223 0.06790778 0.06892895 0.1601076 0.150544 0.04876085 0.06806488 0.06967519 0.06969482 0.0682809 0.06321432 0.1018813 0.0426142 -9999 -9999 0.03684066 -9999 -9999 -9999 -9999 -9999 -9999 -9999 -9999 -9999 -9999 -9999 -9999 -9999
0.03579985 0.02912297 0.05834413 0.05535918 0.05530026 0.05524135 0.0499784 0.05744079 0.05431837 0.05331684 0.05310082 0.06731864 0.05237422 0.03505361 0.03393425 0.03438592 0.02401712 0.0379011 0.03440556 0.03495542 0.03416991 0.04734692 0.03666392 0.02494011 0.02279958 0.03228467 0.02853384 0.08864538 0.0240564 0.03275598 0.02256392 0.01394289 0.01490515 0.02674679 0.1407643 0.1325164 0.1208122 0.2410942 0.1531754 0.15618 0.06712227 0.1545305 0.05398453 0.05323829 0.07132477 0.06961627 0.06938062 0.06633675 0.04176977 0.04579553 -9999 -9999 -9999 -9999 -9999 -9999 -9999 -9999 -9999 -9999 -9999 -9999 -9999 -9999 -9999 -9999 -9999
0.02584345 0.02613802 0.0453635 0.08410903 0.06193786 0.08008327 0.07209065 0.05740152 0.06657241 0.06032756 0.05638035 0.05298299 0.05488787 0.05176545 0.03371824 0.03332548 0.02232827 0.0345823 0.03416991 0.03477868 0.03263815 0.03295236 0.04228035 0.02633439 0.02497938 0.03605514 0.04104316 0.1038255 0.07152115 0.07639135 0.07537018 0.07338675 0.0779231 0.09357449 0.1004085 0.1364833 0.1385452 0.234162 0.145497 0.15347 0.07668591 0.07703939 0.07627352 0.07374023 0.07332783 0.07784455 0.07138368 0.0688504 0.06757393 0.04125918 -9999 -9999 -9999 -9999 -9999 -9999 -9999 -9999 -9999 -9999 -9999 -9999 -9999 -9999 -9999 -9999 -9999
0.03768509 0.03970779 0.0375869 0.05280625 0.04076823 0.03764581 0.03972743 0.03955068 0.04206434 0.05830486 0.04328188 0.05286517 0.07207101 0.06727937 0.03646754 0.05156907 0.0512745 0.05025333 0.05001767 0.03332548 0.0331291 0.04946781 0.03157771 0.03204902 0.03222576 0.105259 0.1126036 0.09021641 0.09296571 0.09514552 0.1114646 0.1041986 0.1166294 0.1382507 0.07358313 0.2533286 0.114587 0.08988257 0.1501708 0.1591846 0.09697184 0.07391697 0.06617965 0.07440792 0.07843369 0.08090805 0.08401084 0.0746043 0.07028396 0.05606614 -9999 -9999 -9999 -9999 -9999 -9999 -9999 -9999 -9999 -9999 -9999 -9999 -9999 -9999 -9999 -9999 -9999
0.03937395 0.04121991 0.03913829 0.03939358 0.03992381 0.03693885 0.03892227 0.03878481 0.0407486 0.03666392 0.03841169 0.03852952 0.05062645 0.05084246 0.05107812 0.04039511 0.0407486 0.04057185 0.05005695 0.03295236 0.04942854 0.03257924 0.0494089 0.03250069 0.02134637 0.09428145 0.09614705 0.0731511 0.08432505 0.08778131 0.1196536 0.1470877 0.159597 0.1408232 0.115942 0.2425474 0.2427045 0.2559601 0.1594007 0.1599505 0.07340638 0.1493264 0.1562979 0.1453007 0.0734653 0.0779231 0.08277366 0.07044107 0.06818271 -9999 -9999 -9999 -9999 -9999 -9999 -9999 -9999 -9999 -9999 -9999 -9999 -9999 -9999 -9999 -9999 -9999 -9999
0.03907938 0.03892227 0.03890264 0.06655277 0.03909902 0.03862771 0.0384706 0.04047367 0.03829386 0.03813676 0.03805821 0.03996308 0.03823495 0.03576057 0.03760654 0.05017478 0.05107812 0.0515887 0.05009622 0.04938926 0.03273634 0.03236322 -9999 0.02044303 0.03032088 0.06215388 0.0618004 0.09357449 0.09312282 0.0886061 0.09449746 0.09844468 0.1166686 0.158242 0.2529359 0.2665449 0.2544676 0.2586898 0.2644829 0.271965 0.1643494 0.1640352 0.1629355 0.1542163 0.0531401 0.08685833 0.07493814 0.07099093 -9999 -9999 -9999 -9999 -9999 -9999 -9999 -9999 -9999 -9999 -9999 -9999 -9999 -9999 -9999 -9999 -9999 -9999 -9999
0.03868662 0.03868662 0.03854915 0.03843133 0.03817603 0.0381564 0.03809748 0.03882409 0.03884372 0.05064609 0.03780292 0.03768509 0.03776364 0.05076391 0.03794038 0.03898119 0.05471113 0.05447547 0.06965555 0.04938926 0.03265779 0.03226503 -9999 -9999 0.02177841 0.06089706 0.06117199 0.06026865 0.06187895 0.125977 0.1313578 0.1056518 0.08626919 0.1724598 0.1077727 0.3675229 0.2545069 0.2713955 0.2698244 0.1796473 0.1671183 0.1657437 0.1724795 0.1772908 0.1500727 0.07650917 0.06867366 -9999 -9999 -9999 -9999 -9999 -9999 -9999 -9999 -9999 -9999 -9999 -9999 -9999 -9999 -9999 -9999 -9999 -9999 -9999 -9999
0.01997172 0.01869526 0.03813676 0.03801893 0.0420447 0.03786183 0.03782255 0.05852088 0.06127018 0.03786183 0.0381564 0.03754762 0.06466753 0.03921684 0.05119595 0.05614469 0.05480932 0.04129846 0.06722046 0.05007659 0.03242214 0.03210793 -9999 -9999 -9999 -9999 -9999 0.06030792 0.06085778 0.06317505 0.1001532 0.1304544 0.09571502 0.09441891 0.08475708 0.261714 0.2479478 0.2646204 0.2618907 0.2783473 0.1625427 0.161011 0.1594596 0.1626802 0.1525863 0.07156043 -9999 -9999 -9999 -9999 -9999 -9999 -9999 -9999 -9999 -9999 -9999 -9999 -9999 -9999 -9999 -9999 -9999 -9999 -9999 -9999 -9999
0.02020738 0.01897019 0.03589804 0.03784219 0.03560347 0.03764581 0.0583245 0.05826558 0.0614862 0.06011154 0.04190723 0.03827422 0.03762617 0.05097993 0.03813676 0.05600723 0.05748007 0.07026432 0.07126585 0.04952673 0.04893759 0.03185264 0.03191155 -9999 -9999 -9999 -9999 -9999 0.05971878 0.09188563 0.08188995 0.09441891 0.06207533 -9999 0.09007894 0.2498724 0.2504811 0.2575704 0.2573544 0.2641884 0.1615608 0.1774086 0.1696713 0.1570834 0.1642708 -9999 -9999 -9999 -9999 -9999 -9999 -9999 -9999 -9999 -9999 -9999 -9999 -9999 -9999 -9999 -9999 -9999 -9999 -9999 -9999 -9999 -9999
