02_Processed_Data/Guangdong-driving/POP/2019/gd-pop-19-txt.txt
ncols         755
nrows         605
xllcorner     491130
yllcorner     2101946
cellsize      1000
NODATA_value  -9999
[rows 377 to 405 of 605, columns 67 to 133 of 755]
-9999 -9999 -9999 -9999 -9999 -9999 -9999 -9999 -9999 -9999 -9999 -9999 -9999 -9999 -9999 -9999 -9999 -9999 -9999 -9999 -9999 -9999 -9999 -9999 -9999 -9999 -9999 -9999 -9999 -9999 -9999 -9999 -9999 0.008071167 0.008090805 0.007992616 0.00767841 0.007658772 0.007619496 0.007619496 0.007894427 0.007874789 0.01080083 0.007521307 0.006048466 0.006048466 0.004830918 0.004791642 0.004772004 0.004752366 0.004772004 0.004752366 0.004516712 0.004497074 0.004477436 0.004870194 0.004850556 0.007305291 0.004457798 0.004418523 0.006598327 0.006559051 0.004320333 0.004300695 0.004281058 0.00426142 0.00426142
-9999 -9999 -9999 -9999 -9999 -9999 -9999 -9999 -9999 -9999 -9999 -9999 -9999 -9999 -9999 -9999 -9999 -9999 -9999 -9999 -9999 -9999 -9999 -9999 -9999 -9999 -9999 -9999 -9999 -9999 -9999 -9999 -9999 0.009818939 0.009995679 0.007698048 0.01091866 0.007639134 0.007599859 0.007914064 0.007855151 0.007835513 0.007815875 0.004654177 0.006028828 0.004791642 0.005989552 0.004772004 0.004752366 0.004752366 0.004713091 0.007305291 0.004477436 0.004457798 0.00675543 0.006873257 0.00665724 0.004614901 0.006617965 0.004359609 0.00453635 0.004320333 0.004300695 0.006951808 0.00426142 0.004241782 0.004222143
-9999 -9999 -9999 -9999 -9999 -9999 -9999 -9999 -9999 -9999 -9999 -9999 -9999 -9999 -9999 -9999 -9999 -9999 -9999 -9999 -9999 -9999 -9999 -9999 -9999 -9999 -9999 -9999 -9999 -9999 -9999 0.007756962 0.007737324 0.008031892 0.008188995 0.007972978 0.007639134 0.007894427 0.007874789 0.00767841 0.007560583 0.01076156 0.004634539 0.004614901 0.00600919 0.004772004 0.004555988 0.004772004 0.004732728 0.004713091 0.004713091 0.004693453 0.005871725 0.006696516 0.006873257 0.007305291 0.004595263 0.004575626 0.004359609 0.004320333 0.007010722 0.006971446 0.006932171 0.006912533 0.006892895 0.006873257 0.006833981
-9999 -9999 -9999 -9999 -9999 -9999 -9999 -9999 -9999 -9999 -9999 -9999 -9999 -9999 -9999 -9999 -9999 -9999 -9999 -9999 -9999 -9999 -9999 -9999 -9999 -9999 -9999 -9999 -9999 0.007756962 0.007737324 0.007737324 0.007698048 0.009760025 0.007698048 0.008503201 0.007580221 0.007560583 0.007521307 0.01076156 0.007482031 0.007462393 0.007423118 0.004575626 0.004555988 0.004555988 0.004732728 0.004713091 0.004693453 0.004673815 0.004673815 0.007285653 0.006716154 0.006892895 0.007344566 0.007207101 0.004359609 0.004339971 0.004320333 0.004300695 0.006951808 0.01019206 0.006912533 0.006892895 0.01011351 0.006833981 0.006814343
-9999 -9999 -9999 -9999 -9999 -9999 -9999 -9999 -9999 -9999 -9999 -9999 -9999 -9999 -9999 -9999 -9999 -9999 -9999 -9999 -9999 -9999 -9999 -9999 -9999 -9999 -9999 -9999 -9999 0.00805153 0.007737324 0.008012254 0.007658772 0.007933702 0.009720749 0.007619496 0.007540945 0.007521307 0.007501669 0.007462393 0.007756962 0.007423118 0.007383842 0.004555988 0.00453635 0.004516712 0.005911001 0.006696516 0.007246377 0.007246377 0.004457798 0.007324928 0.007010722 0.004300695 0.007226739 0.004575626 0.00453635 0.007010722 0.004300695 0.006951808 0.006932171 0.006912533 0.006873257 0.01009387 0.006814343 0.006775068 0.006775068
-9999 -9999 -9999 -9999 -9999 -9999 -9999 -9999 -9999 -9999 -9999 -9999 -9999 -9999 -9999 -9999 -9999 -9999 -9999 -9999 -9999 -9999 -9999 -9999 -9999 -9999 -9999 -9999 -9999 0.007698048 0.008463926 0.008012254 0.007933702 0.007914064 0.008483564 0.008444287 0.007815875 0.007482031 0.007462393 0.009504733 0.007717686 0.007383842 0.009426181 0.007324928 0.007285653 0.007266015 0.007266015 0.007226739 0.01046699 0.01042771 0.004673815 0.004909469 0.00675543 0.004614901 0.004555988 0.004339971 0.006991084 0.007266015 0.006951808 0.006971446 0.006912533 0.006873257 0.006833981 0.006814343 0.006775068 0.00675543 0.006735792
-9999 -9999 -9999 -9999 -9999 -9999 -9999 -9999 -9999 -9999 -9999 -9999 -9999 -9999 -9999 -9999 -9999 -9999 -9999 -9999 -9999 -9999 -9999 -9999 -9999 -9999 -9999 -9999 -9999 0.006775068 0.007992616 0.007756962 0.007599859 0.007874789 0.009602922 0.007815875 0.007776599 0.009524371 0.007717686 0.007698048 0.00767841 0.007933702 0.007324928 0.007285653 0.007266015 0.007246377 0.01048663 0.007207101 0.007167825 0.007737324 0.007756962 0.007855151 0.00740348 0.005793174 0.007344566 0.01025097 0.0102117 0.007226739 0.006912533 0.006892895 0.006853619 0.006833981 0.006814343 0.006775068 0.00675543 0.006716154 0.006696516
-9999 -9999 -9999 -9999 -9999 -9999 -9999 -9999 -9999 -9999 -9999 -9999 -9999 -9999 -9999 -9999 -9999 -9999 -9999 -9999 -9999 -9999 -9999 -9999 -9999 -9999 -9999 -9999 -9999 -9999 -9999 0.007580221 0.007540945 0.007815875 0.008385373 0.007462393 0.007442756 0.007717686 0.00740348 0.007364204 0.01062409 0.007344566 0.007599859 0.007266015 0.009308354 0.009288716 0.007187463 0.007462393 0.007442756 0.007737324 0.007717686 0.007874789 0.007089274 0.007364204 0.007305291 0.007560583 0.006951808 0.006932171 0.006892895 0.008935235 0.008915597 0.006794706 0.006775068 0.006735792 0.009976042 0.006696516 0.006971446
-9999 -9999 -9999 -9999 0.01050626 0.01266643 0.01013314 -9999 -9999 -9999 -9999 -9999 -9999 -9999 -9999 -9999 -9999 -9999 -9999 -9999 -9999 -9999 -9999 -9999 -9999 -9999 -9999 -9999 -9999 -9999 -9999 0.00665724 0.009583284 0.007482031 0.007442756 0.007423118 0.00740348 0.01066337 0.007658772 0.01060445 0.007599859 0.007305291 0.007285653 0.007246377 0.007226739 0.007482031 0.009229803 0.01127214 0.007108912 0.009170889 0.009151251 0.00805153 0.00740348 0.007305291 0.007246377 0.007226739 0.007207101 0.007167825 0.007148188 0.006853619 0.01009387 0.006775068 0.006735792 0.009956404 0.006676878 0.00665724 0.006617965
-9999 -9999 -9999 -9999 0.01009387 0.01044735 0.01005459 0.01042771 -9999 -9999 -9999 -9999 -9999 -9999 -9999 -9999 -9999 -9999 -9999 0.009799301 0.009779663 0.01225404 -9999 -9999 -9999 -9999 -9999 -9999 -9999 -9999 -9999 -9999 0.00805153 0.009504733 0.00740348 0.00740348 0.009504733 0.007364204 0.007324928 0.007894427 0.007285653 0.007266015 0.007246377 0.007187463 0.007167825 0.007148188 0.007423118 0.007089274 0.007069636 0.007049998 0.007049998 0.01168454 0.009131613 0.007266015 0.007226739 0.007187463 0.008935235 0.00712855 0.01007423 0.006814343 0.006775068 0.006735792 0.006696516 0.006696516 0.009917128 0.009877852 0.006284121
-9999 -9999 -9999 -9999 0.01003496 0.01001532 0.009995679 0.009995679 0.01396253 -9999 -9999 -9999 -9999 -9999 -9999 -9999 -9999 -9999 0.009760025 0.009740387 0.01225404 0.01221476 0.01001532 0.009995679 -9999 -9999 -9999 -9999 -9999 -9999 -9999 0.006519775 0.009386905 0.00740348 0.00740348 0.0115078 0.007658772 0.007324928 0.007305291 0.007266015 0.007246377 0.009288716 0.007187463 0.007148188 0.00712855 0.00712855 0.009151251 0.007049998 0.00703036 0.009111975 0.007010722 0.007069636 0.009053062 0.007226739 0.007482031 0.007442756 0.006814343 0.006794706 0.007069636 0.007049998 0.00675543 0.006716154 0.009936766 0.006951808 0.006912533 0.006284121 0.006853619
-9999 -9999 0.007698048 0.01001532 0.009995679 0.009976042 0.01032952 0.0149837 0.009917128 0.01241114 -9999 -9999 -9999 -9999 -9999 -9999 -9999 0.009740387 0.009701111 0.01005459 0.01003496 0.009995679 0.009976042 0.009583284 -9999 -9999 -9999 -9999 -9999 -9999 0.009406543 0.01455167 0.00934763 0.009504733 0.007423118 0.007540945 0.007364204 0.007305291 0.007285653 0.007246377 0.007796237 0.007187463 0.007167825 0.008012254 0.007992616 0.009151251 0.00795334 0.007619496 0.007010722 0.006991084 0.006951808 0.007167825 0.006932171 0.007167825 0.00712855 0.006814343 0.006775068 0.00675543 0.006735792 0.007010722 0.009956404 0.006676878 0.006676878 0.009936766 0.006323397 0.006264483 0.006225207
-9999 -9999 0.009976042 0.01248969 0.009917128 0.00989749 0.00989749 0.009858214 0.009838576 0.009838576 0.009838576 -9999 -9999 -9999 -9999 -9999 -9999 0.009681473 0.009661836 0.009995679 0.01032952 0.009602922 0.01209693 0.009524371 -9999 -9999 -9999 -9999 -9999 0.009386905 0.009386905 0.009367268 0.009367268 0.01203802 0.00924944 0.0115078 0.007383842 0.0105259 0.008130081 0.007207101 0.007167825 0.007148188 0.00712855 0.007108912 0.007069636 0.007049998 0.007010722 0.006991084 0.006991084 0.0110954 0.006951808 0.007462393 0.007285653 0.007148188 0.007089274 0.007069636 0.00675543 0.006716154 0.006696516 0.008169357 0.006971446 0.01080083 0.00869958 0.008660304 0.006853619 0.006244845 0.006500138
0.01392325 0.009956404 0.009917128 0.009877852 0.009877852 0.009858214 0.009838576 0.009818939 0.009799301 0.009799301 0.01015278 0.009779663 0.006833981 -9999 -9999 -9999 -9999 0.009642198 0.00962256 0.009602922 0.009563646 0.009544008 0.009524371 0.009485095 0.009445819 0.009406543 0.009386905 0.00934763 0.009327992 0.009327992 0.009308354 0.009288716 0.01321629 0.01319665 0.009170889 0.007266015 0.007266015 0.007246377 0.007207101 0.007167825 0.007148188 0.00712855 0.007383842 0.009131613 0.007049998 0.009092337 0.006991084 0.006951808 0.007521307 0.006912533 0.008994148 0.007521307 0.007207101 0.007108912 0.006775068 0.006735792 0.006716154 0.006696516 0.006971446 0.006951808 0.006991084 0.01095794 0.01076156 0.006559051 0.006833981 0.006205569 0.006185932
0.01025097 0.009877852 0.009858214 0.009838576 0.009818939 0.009799301 0.009779663 0.009760025 0.009779663 0.009760025 0.009740387 0.009720749 -9999 -9999 -9999 0.01034916 0.00962256 0.00924944 0.009583284 0.009544008 0.009524371 0.009504733 0.009445819 0.009445819 0.009406543 0.009367268 0.00934763 0.009681473 0.01327521 0.009288716 0.01429638 0.009210165 0.009917128 0.009170889 0.009131613 0.009131613 0.007187463 0.00924944 0.007207101 0.007148188 0.00712855 0.007089274 0.007069636 0.00703036 0.007305291 0.006991084 0.007246377 0.006912533 0.006912533 0.006892895 0.006873257 0.00712855 0.007796237 0.007089274 0.006735792 0.006696516 0.006971446 0.006951808 0.006951808 0.009936766 0.008738856 0.01080083 0.006578689 0.006539413 0.006794706 0.006775068 0.006146656
0.01380543 0.009818939 0.009838576 0.009779663 0.009760025 0.009779663 0.009406543 0.009740387 0.009720749 0.0136876 0.009701111 0.009681473 0.009642198 0.00962256 0.009602922 0.009956404 0.009583284 0.009544008 0.01205766 0.009858214 0.009465457 0.009799301 0.009406543 0.01337339 0.00934763 0.009308354 0.009288716 0.009269078 0.00924944 0.009229803 0.01174345 0.009170889 0.007835513 0.007226739 0.009092337 0.007187463 0.007148188 0.007148188 0.009210165 0.007148188 0.00767841 0.00675543 0.00703036 0.006991084 0.006971446 0.007226739 0.008385373 0.006892895 0.01101685 0.006873257 0.006814343 0.006873257 0.007521307 0.007108912 0.007305291 0.006676878 0.006676878 0.01080083 0.008719218 0.008758494 0.006912533 0.01072228 0.006539413 0.006794706 0.00675543 0.006441224 0.006421586
0.009779663 0.009760025 0.009760025 0.009740387 0.009720749 0.009740387 0.009701111 0.009701111 0.01366796 0.009681473 0.009661836 0.00962256 0.009602922 0.009583284 0.009563646 0.009563646 0.00989749 0.009504733 0.009485095 0.009818939 0.009445819 0.009406543 0.009406543 0.009406543 0.009681473 0.009269078 0.009602922 0.01319665 0.009190527 0.009190527 0.01168454 0.007815875 0.007207101 0.01044735 0.01040808 0.00712855 0.00712855 0.007108912 0.007089274 0.007089274 0.009131613 0.007010722 0.006971446 0.006951808 0.006951808 0.006892895 0.006873257 0.006853619 0.01009387 0.01007423 0.006794706 0.008856683 0.009092337 0.007364204 0.00703036 0.006991084 0.008719218 0.0107812 0.006637603 0.006873257 0.008031892 0.006519775 0.006794706 0.006460862 0.006441224 0.009661836 0.009642198
0.009720749 0.009720749 0.009720749 0.009681473 0.009681473 0.01040808 0.009701111 0.0122344 0.009642198 0.00962256 0.009602922 0.009583284 0.009544008 0.009524371 0.009504733 0.009485095 0.01201838 0.01019206 0.009799301 0.009760025 0.009760025 0.00934763 0.009367268 0.01445348 0.009661836 0.009229803 0.009210165 0.009524371 0.01313774 0.009504733 0.007207101 0.007187463 0.01131142 0.007148188 0.00712855 0.007089274 0.007069636 0.007933702 0.00703036 0.007010722 0.006991084 0.007894427 0.01019206 0.006912533 0.006892895 0.006853619 0.006833981 0.006814343 0.006794706 0.006775068 0.01001532 0.00675543 0.006853619 0.006971446 0.007148188 0.008778132 0.006932171 0.006578689 0.006559051 0.006833981 0.007108912 0.0064805 0.009701111 0.006716154 0.006401948 0.006362672 0.009602922
0.009701111 0.009681473 0.01219512 0.009661836 0.009661836 0.01219512 0.01219512 0.009642198 0.00962256 0.009583284 0.01027061 0.009524371 0.009524371 0.009504733 0.009465457 0.009445819 0.009426181 0.009406543 0.009386905 0.00934763 0.009327992 0.009288716 0.009288716 0.00962256 0.01176309 0.009563646 0.009170889 0.009131613 0.01162562 0.01160599 0.007167825 0.007148188 0.00712855 0.007108912 0.009151251 0.007049998 0.007049998 0.007914064 0.007305291 0.006696516 0.006951808 0.006932171 0.006912533 0.008954872 0.006853619 0.006833981 0.006814343 0.006775068 0.007639134 0.008208632 0.006716154 0.006775068 0.00712855 0.01113468 0.006441224 0.006912533 0.006853619 0.006539413 0.006519775 0.006794706 0.006460862 0.006441224 0.006421586 0.006696516 0.00665724 0.006343035 0.006617965
0.009642198 0.009642198 0.009642198 0.01219512 0.01023133 0.01235223 0.009288716 0.009583284 0.01461058 0.009524371 0.009524371 0.009485095 0.009465457 0.0119791 0.01015278 0.009406543 0.009386905 0.009367268 0.009681473 0.009661836 0.009642198 0.00924944 0.009210165 0.009544008 0.01168454 0.009524371 0.009111975 0.009799301 0.009053062 0.009033424 0.007148188 0.007108912 0.007089274 0.007069636 0.007049998 0.00703036 0.006991084 0.006971446 0.006951808 0.006912533 0.00897451 0.006873257 0.006873257 0.006833981 0.006814343 0.006794706 0.006775068 0.00675543 0.006735792 0.006716154 0.006696516 0.007167825 0.006912533 0.01082047 0.00869958 0.007148188 0.006814343 0.007992616 0.0064805 0.00675543 0.006421586 0.00638231 0.00638231 0.00665724 0.006637603 0.006637603 0.006598327
0.009602922 0.009602922 0.009602922 0.009602922 0.009583284 0.009563646 0.009544008 0.009504733 0.0102117 0.009465457 0.009465457 0.01015278 0.009426181 0.009386905 0.009367268 0.009367268 0.009327992 0.01003496 0.009288716 0.00924944 0.009602922 0.009563646 0.01313774 0.009131613 0.009111975 0.009465457 0.009426181 0.01301991 0.008660304 0.008994148 0.008954872 0.008935235 0.008915597 0.007049998 0.00703036 0.006991084 0.006951808 0.006932171 0.006892895 0.006873257 0.006853619 0.006833981 0.006814343 0.006814343 0.006794706 0.008837045 0.006735792 0.006716154 0.006696516 0.006676878 0.006853619 0.006853619 0.006362672 0.008679942 0.006853619 0.006814343 0.006794706 0.007069636 0.006441224 0.006401948 0.007855151 0.006362672 0.006362672 0.006932171 0.006617965 0.01054554 0.00675543
0.009563646 0.009563646 0.009563646 0.009544008 0.009504733 0.01201838 0.01199874 0.01017242 0.009445819 0.009426181 0.009406543 0.01335376 0.01333412 0.00934763 0.00934763 0.01001532 0.009288716 0.009976042 0.009229803 0.009190527 0.009170889 0.009504733 0.009131613 0.009092337 0.0090727 0.009033424 0.01154707 0.009779663 0.009701111 0.009308354 0.008935235 0.008895959 0.008876321 0.008837045 0.006951808 0.006951808 0.006912533 0.006892895 0.006559051 0.006853619 0.006833981 0.006794706 0.006775068 0.01015278 0.006814343 0.006735792 0.006716154 0.006676878 0.00665724 0.006676878 0.006971446 0.006637603 0.01074192 0.006559051 0.008581753 0.006775068 0.00675543 0.006735792 0.007894427 0.009642198 0.006343035 0.006343035 0.009583284 0.006617965 0.009563646 0.006617965 0.006716154
0.009544008 0.009524371 0.009858214 0.009504733 0.009838576 0.009445819 0.009426181 0.009406543 0.009386905 0.009386905 0.009367268 0.009367268 0.01331448 0.009661836 0.009288716 0.009269078 0.009229803 0.009190527 0.00989749 0.009858214 0.009485095 0.009092337 0.0090727 0.009033424 0.008994148 0.008994148 0.008994148 0.01152743 0.01146852 0.01142924 0.008876321 0.008837045 0.008837045 0.008817407 0.006932171 0.006892895 0.006873257 0.007462393 0.006853619 0.006814343 0.006794706 0.006775068 0.006735792 0.006716154 0.01005459 0.006716154 0.006696516 0.007246377 0.007246377 0.008130081 0.01115431 0.006716154 0.008679942 0.006814343 0.006775068 0.006735792 0.006421586 0.006421586 0.006460862 0.00665724 0.006617965 0.006303759 0.009544008 0.006264483 0.009524371 0.006578689 0.008738856
0.009858214 0.01201838 0.009818939 0.009799301 0.01013314 0.009033424 0.009367268 0.00934763 0.00934763 0.01186128 0.01331448 0.009308354 0.009308354 0.00924944 0.009583284 0.009229803 0.009190527 0.009151251 0.009131613 0.009092337 0.0090727 0.009053062 0.009740387 0.008994148 0.00897451 0.009681473 0.0115078 0.01144888 0.008876321 0.008856683 0.008837045 0.008797769 0.008778132 0.006912533 0.007482031 0.006873257 0.007423118 0.01007423 0.006814343 0.0064805 0.00675543 0.006735792 0.006696516 0.006696516 0.006696516 0.008758494 0.00989749 0.007226739 0.007324928 0.008738856 0.006578689 0.008837045 0.01080083 0.006775068 0.006460862 0.006421586 0.006401948 0.006991084 0.00638231 0.01046699 0.006303759 0.006578689 0.006244845 0.006519775 0.009583284 0.01066337 0.007423118
0.009818939 0.009779663 0.01193983 0.01084011 0.01188092 0.01009387 0.009327992 0.009308354 0.009288716 0.009269078 0.00924944 0.00924944 0.00924944 0.009229803 0.009170889 0.009151251 0.009858214 0.01415891 0.0090727 0.009053062 0.009033424 0.009367268 0.009681473 0.008954872 0.008915597 0.009269078 0.008876321 0.008856683 0.008837045 0.008797769 0.008758494 0.006892895 0.007482031 0.01011351 0.008915597 0.007423118 0.01005459 0.006794706 0.00675543 0.006735792 0.006716154 0.006676878 0.006676878 0.007226739 0.006617965 0.006617965 0.007246377 0.007501669 0.007167825 0.006539413 0.006519775 0.006794706 0.006441224 0.006716154 0.006401948 0.006676878 0.006343035 0.006637603 0.006598327 0.006284121 0.009504733 0.006225207 0.006225207 0.009485095 0.009956404 0.008287184 0.00822827
0.01015278 0.01011351 0.009740387 0.009701111 0.009681473 0.01329484 0.009760025 0.01323593 0.00924944 0.00924944 0.009210165 0.009190527 0.01170417 0.009151251 0.01417855 0.009111975 0.0090727 0.009053062 0.009033424 0.009033424 0.008994148 0.009681473 0.008935235 0.01144888 0.00924944 0.009602922 0.009583284 0.01386434 0.008797769 0.008758494 0.008738856 0.007187463 0.006853619 0.008895959 0.006814343 0.006794706 0.01001532 0.01087938 0.007599859 0.006991084 0.00665724 0.007226739 0.007501669 0.006598327 0.01072228 0.009858214 0.006991084 0.00869958 0.008640666 0.006519775 0.006500138 0.006166294 0.008503201 0.006676878 0.00665724 0.006637603 0.009563646 0.006598327 0.006539413 0.01038844 0.006500138 0.0064805 0.00712855 0.009838576 0.01060445 0.008208632 0.006401948
0.01009387 0.01009387 0.009681473 0.009681473 0.01003496 0.01003496 0.009661836 0.009229803 0.009210165 0.009190527 0.009151251 0.009151251 0.009131613 0.009111975 0.009111975 0.0090727 0.009760025 0.009033424 0.009720749 0.009701111 0.008954872 0.008915597 0.00924944 0.008876321 0.01137033 0.009170889 0.009583284 0.01127214 0.009445819 0.008719218 0.008679942 0.006833981 0.006814343 0.008876321 0.01091866 0.00675543 0.01087938 0.009956404 0.00665724 0.008719218 0.007207101 0.006598327 0.007167825 0.008640666 0.008621029 0.006559051 0.006932171 0.006716154 0.008562115 0.008522839 0.006716154 0.008463926 0.008444287 0.008405011 0.006617965 0.006598327 0.006264483 0.006539413 0.006519775 0.009465457 0.009445819 0.009426181 0.006794706 0.009583284 0.01027061 0.006087742 0.006048466
0.01192019 0.01007423 0.009681473 0.009661836 0.011822 0.01205766 0.01439456 0.009210165 0.009170889 0.009131613 0.009111975 0.009092337 0.0090727 0.009053062 0.009053062 0.009013786 0.008994148 0.008601391 0.008935235 0.01146852 0.008915597 0.01140961 0.008503201 0.008817407 0.01386434 0.01278426 0.01129178 0.00869958 0.008679942 0.008660304 0.008640666 0.006794706 0.006775068 0.01001532 0.006735792 0.00675543 0.006735792 0.009936766 0.007226739 0.007207101 0.008660304 0.006539413 0.006539413 0.006814343 0.008562115 0.0064805 0.007423118 0.006853619 0.006500138 0.009681473 0.006696516 0.007540945 0.008405011 0.008385373 0.006559051 0.006853619 0.006225207 0.006205569 0.009445819 0.005871725 0.009485095 0.008601391 0.006696516 0.006421586 0.006068104 0.006048466 0.00600919
0.01015278 0.01188092 0.01009387 0.01005459 0.01005459 0.01017242 0.009033424 0.009190527 0.009151251 0.009111975 0.009092337 0.0090727 0.009033424 0.009013786 0.01152743 0.00897451 0.008954872 0.008915597 0.008915597 0.008895959 0.009229803 0.01137033 0.009544008 0.008817407 0.009210165 0.01402144 0.0090727 0.008679942 0.008640666 0.008621029 0.007364204 0.007344566 0.006735792 0.008797769 0.008778132 0.009995679 0.0109383 0.007266015 0.007207101 0.006892895 0.007148188 0.006519775 0.008562115 0.0064805 0.006460862 0.006421586 0.006421586 0.006578689 0.006932171 0.006696516 0.00665724 0.006617965 0.008346098 0.008346098 0.006519775 0.006500138 0.006500138 0.006185932 0.006460862 0.006441224 0.006873257 0.006598327 0.009367268 0.009308354 0.008090805 0.00600919 0.005969915
