02_Processed_Data/Guangdong-driving/POP/2019/gd-pop-19-txt.txt
ncols         755
nrows         605
xllcorner     491130
yllcorner     2101946
cellsize      1000
NODATA_value  -9999
[rows 435 to 463 of 605, columns 67 to 133 of 755]
0.01207729 0.007639134 0.01201838 0.007482031 0.01178273 0.008954872 0.01294136 0.01174345 0.007737324 0.007717686 0.01025097 0.01027061 0.008031892 0.01272534 0.01270571 0.0128039 0.01054554 0.007717686 0.007599859 0.007540945 0.007521307 0.007501669 0.01001532 0.007462393 0.007442756 0.007442756 0.008169357 0.007540945 0.01009387 0.01270571 0.0125486 0.009956404 0.01241114 0.009877852 0.006951808 0.006932171 0.009818939 0.00740348 0.01262716 0.0131181 0.005675347 0.005891363 0.005557519 0.005537882 0.009642198 0.005498606 0.02415459 0.02411531 0.02403676 0.02423314 0.04078787 0.04008091 0.02886768 0.02331016 0.02853384 0.02629512 0.02466518 0.03962924 0.03958996 0.03964888 0.02590236 0.02613802 0.02580417 0.02342799 0.02531322 0.02297632 0.01288245
0.008719218 0.007599859 0.007580221 0.009229803 0.007423118 0.008503201 0.01174345 0.007756962 0.007737324 0.01168454 0.00767841 0.01160599 0.007972978 0.01015278 0.00805153 0.007972978 0.01278426 0.007599859 0.007540945 0.007501669 0.007482031 0.007462393 0.007462393 0.007462393 0.007423118 0.00740348 0.00740348 0.007933702 0.009976042 0.00989749 0.009877852 0.0123915 0.009838576 0.009838576 0.007344566 0.007580221 0.007737324 0.007855151 0.007698048 0.00740348 0.007148188 0.005577157 0.005537882 0.0242135 0.0242135 0.03953105 0.02407604 0.0394525 0.02403676 0.03941322 0.02429205 0.0240564 0.02397785 0.02407604 0.02311378 0.02319233 0.0292408 0.02892659 0.02499902 0.02440988 0.0255096 0.02497938 0.02409567 0.02344763 0.01439456 0.01292172 0.01284317
0.007580221 0.007560583 0.007540945 0.01172381 0.01172381 0.01170417 0.01274498 0.0116649 0.01164526 0.008365735 0.007639134 0.007599859 0.007580221 0.007580221 0.01011351 0.007540945 0.007540945 0.007560583 0.007501669 0.007462393 0.007442756 0.007442756 0.007423118 0.007776599 0.007383842 0.007364204 0.007442756 0.00989749 0.009917128 0.009877852 0.009838576 0.009838576 0.009818939 0.0112525 0.007874789 0.01331448 0.007658772 0.007482031 0.01233259 0.0122344 0.007187463 0.007089274 0.007089274 0.02427242 0.0242135 0.02415459 0.02403676 0.02397785 0.03931503 0.03943286 0.03968815 0.03943286 0.02403676 0.0240564 0.02433133 0.02484192 0.02437061 0.02439024 0.03008523 0.04021837 0.04127882 0.02631476 0.02299595 0.02240682 0.01315738 0.01300028 0.01408036
0.008267546 0.008640666 0.007383842 0.008090805 0.01170417 0.007344566 0.01162562 0.01160599 0.01160599 0.007599859 0.00795334 0.01152743 0.007521307 0.007521307 0.01005459 0.007482031 0.007482031 0.01003496 0.007462393 0.007442756 0.009976042 0.009936766 0.007383842 0.007383842 0.007344566 0.007344566 0.009877852 0.007737324 0.007796237 0.009976042 0.009877852 0.006951808 0.01237186 0.00805153 0.01301991 0.008954872 0.007972978 0.007324928 0.00795334 0.007874789 0.00795334 0.00740348 0.007089274 0.02429205 0.0394525 0.03939358 0.02411531 0.03935431 0.02411531 0.02439024 0.0246259 0.02470445 0.02448843 0.02444916 0.0246259 0.02831782 0.03862771 0.0314206 0.04764149 0.03214721 0.02873022 0.02690389 0.01596559 0.0138447 0.02246573 0.01309846 0.012961
0.007855151 0.007874789 0.007344566 0.007324928 0.007324928 0.01164526 0.008346098 0.01158635 0.007580221 0.007560583 0.007540945 0.007540945 0.007501669 0.007482031 0.01146852 0.007462393 0.007462393 0.009995679 0.007442756 0.00740348 0.007383842 0.007364204 0.007344566 0.007717686 0.00989749 0.007383842 0.00989749 0.009877852 0.007364204 0.00989749 0.01245041 0.007383842 0.007187463 0.01301991 0.007501669 0.007619496 0.007226739 0.007187463 0.007148188 0.007089274 0.007482031 0.00712855 0.007010722 0.02417423 0.02411531 0.02439024 0.0301245 0.03964888 0.0242135 0.02370292 0.02670751 0.02814108 0.04705235 0.02713955 0.02635403 0.0596206 0.08330388 0.08022073 0.07342602 0.07328856 0.07576293 0.0325596 0.04878049 0.02399749 0.01626016 0.01343231 0.0131181
0.007835513 0.01184164 0.007658772 0.007992616 0.01162562 0.008346098 0.01158635 0.01154707 0.007560583 0.007521307 0.01007423 0.007501669 0.007482031 0.007462393 0.007462393 0.01140961 0.01140961 0.00740348 0.01001532 0.00740348 0.007364204 0.007364204 0.007717686 0.007717686 0.009858214 0.006971446 0.0123915 0.007324928 0.01138997 0.01138997 0.01268607 0.007580221 0.008405011 0.007874789 0.007324928 0.007187463 0.007167825 0.00712855 0.01215585 0.007089274 0.00712855 0.007108912 0.01231295 0.02492047 0.04008091 0.02539178 0.03075292 0.0409057 0.0251954 0.04010054 0.02476336 0.02560779 0.04361572 0.04636503 0.0422018 0.07146224 0.07912101 0.07806056 0.07438828 0.07317073 0.07566474 0.07572366 0.03766545 0.02476336 0.02299595 0.02274066 0.02311378
0.007815875 0.007776599 0.007776599 0.007972978 0.01156671 0.00832646 0.008306822 0.01152743 0.007521307 0.007482031 0.007482031 0.007835513 0.007089274 0.007423118 0.00740348 0.00740348 0.007383842 0.009917128 0.00740348 0.007383842 0.007364204 0.007364204 0.007796237 0.007344566 0.009838576 0.007639134 0.007658772 0.006951808 0.01001532 0.01011351 0.01015278 0.01327521 0.007815875 0.01250933 0.007305291 0.007226739 0.007560583 0.007658772 0.007462393 0.01241114 0.007324928 0.007364204 0.007148188 0.02433133 0.02399749 0.03915793 0.0283571 0.02692353 0.02507757 0.02413495 0.02631476 0.02423314 0.02598091 0.03654609 0.04367464 0.04194651 0.07067672 0.07136405 0.07656808 0.07754998 0.07904246 0.07672518 0.07998507 0.07209065 0.0242135 0.01463022 0.0142571
0.008169357 0.008149719 0.008130081 0.007737324 0.008287184 0.01154707 0.007815875 0.007756962 0.007482031 0.007462393 0.007442756 0.007423118 0.007423118 0.007756962 0.009917128 0.00989749 0.01133106 0.0123915 0.009877852 0.007462393 0.007855151 0.007364204 0.007639134 0.007639134 0.0112525 0.0112525 0.007285653 0.007364204 0.007108912 0.01050626 0.009308354 0.02307451 0.008346098 0.008169357 0.007776599 0.007698048 0.007226739 0.007148188 0.007089274 0.00703036 0.007010722 0.01199874 0.006912533 0.0396096 0.03909902 0.02362437 0.02356545 0.0238993 0.03931503 0.03024233 0.03100821 0.02719846 0.0251954 0.02590236 0.04039511 0.02448843 0.02494011 0.07311182 0.07800165 0.07652881 0.07974942 0.07931739 0.07713758 0.04392993 0.01301991 0.01319665 0.01298064
0.0103688 0.008110443 0.008090805 0.007698048 0.00767841 0.01172381 0.007698048 0.007560583 0.01013314 0.007482031 0.007442756 0.01138997 0.007383842 0.007383842 0.007344566 0.009877852 0.009858214 0.007324928 0.007324928 0.009877852 0.007698048 0.007540945 0.01129178 0.0112525 0.0112525 0.007285653 0.007324928 0.007462393 0.01184164 0.02325125 0.02639331 0.0246259 0.02466518 0.02287813 0.00805153 0.008837045 0.007167825 0.007089274 0.01203802 0.006932171 0.01195947 0.01082047 0.01192019 0.03562311 0.03884372 0.03894191 0.03560347 0.02354581 0.02458662 0.02784651 0.02537214 0.0312635 0.037744 0.03792074 0.02488119 0.02391893 0.02413495 0.0255096 0.0731511 0.07427045 0.07959232 0.09223911 0.07489886 0.04300695 0.0128039 0.01237186 0.01221476
0.007796237 0.007756962 0.00805153 0.01170417 0.007619496 0.01144888 0.01144888 0.01148816 0.01003496 0.007462393 0.007776599 0.007756962 0.01135069 0.007717686 0.007344566 0.007305291 0.007305291 0.01127214 0.007658772 0.007364204 0.01142924 0.01164526 0.007580221 0.007324928 0.01127214 0.007285653 0.01131142 0.008169357 0.009367268 0.01323593 0.02431169 0.02507757 0.02238718 0.008660304 0.008267546 0.006971446 0.007344566 0.007383842 0.006951808 0.006912533 0.006853619 0.006814343 0.03900082 0.03886336 0.02570598 0.02584345 0.02448843 0.02439024 0.03517144 0.02309414 0.02319233 0.02998704 0.03136169 0.03633007 0.03715486 0.02417423 0.02393857 0.02531322 0.03424846 0.07224775 0.07682338 0.08090805 0.07540945 0.04703272 0.02433133 0.02209261 0.0122344
0.007776599 0.007717686 0.00767841 0.007992616 0.008719218 0.009976042 0.01140961 0.007442756 0.008994148 0.01162562 0.01135069 0.007737324 0.007364204 0.009858214 0.007737324 0.007698048 0.007285653 0.0112525 0.01129178 0.01129178 0.007266015 0.01123287 0.007482031 0.007756962 0.01170417 0.0115078 0.007599859 0.01029025 0.008208632 0.009190527 0.02254428 0.008208632 0.007992616 0.02183732 0.007855151 0.007383842 0.007737324 0.007010722 0.006971446 0.006892895 0.006932171 0.006794706 0.02344763 0.0168493 0.02574526 0.02572562 0.01987353 0.02543105 0.02289777 0.02287813 0.02293704 0.03501434 0.02197479 0.03886336 0.03104748 0.03214721 0.02543105 0.02486155 0.02635403 0.0723263 0.07352421 0.0416323 0.03953105 0.0686933 0.03729233 0.03935431 0.02195515
0.008188995 0.01027061 0.008031892 0.007619496 0.007599859 0.007580221 0.01138997 0.007756962 0.007423118 0.009033424 0.01138997 0.009877852 0.007324928 0.009838576 0.01233259 0.007266015 0.007266015 0.007266015 0.007619496 0.007207101 0.01117395 0.01115431 0.01113468 0.007187463 0.007266015 0.01131142 0.007874789 0.00934763 0.009308354 0.01256824 0.02144456 0.02140529 0.007324928 0.007344566 0.007482031 0.007344566 0.007069636 0.007010722 0.006932171 0.006833981 0.006794706 0.00675543 0.01677075 0.02558815 0.01761518 0.01651545 0.01647618 0.01647618 0.02168022 0.02384038 0.02382074 0.02372256 0.0303798 0.03485723 0.03057618 0.0311064 0.02529359 0.02494011 0.03927575 0.06741683 0.03962924 0.03552492 0.03886336 0.03709595 0.02321197 0.01303955 0.02175877
0.01029025 0.007658772 0.007992616 0.007580221 0.007933702 0.008287184 0.01135069 0.007737324 0.01133106 0.01133106 0.01135069 0.007658772 0.009818939 0.009799301 0.007246377 0.01119359 0.007187463 0.01115431 0.01115431 0.01113468 0.01221476 0.00712855 0.007855151 0.0110954 0.01113468 0.0115078 0.01144888 0.007089274 0.007089274 0.01113468 0.01105613 0.008601391 0.007089274 0.007069636 0.01266643 0.007383842 0.01203802 0.006912533 0.006873257 0.006775068 0.006716154 0.006676878 0.02558815 0.01655473 0.01730097 0.0164369 0.02529359 0.01631908 0.02586308 0.03020306 0.02362437 0.0301245 0.03036016 0.0383135 0.03047799 0.03287381 0.02413495 0.0383135 0.02293704 0.03511253 0.03550528 0.03528927 0.03501434 0.03813676 0.02164094 0.01258788 0.01205766
0.007344566 0.007619496 0.01164526 0.01162562 0.01156671 0.008247908 0.007482031 0.01237186 0.01127214 0.007305291 0.007658772 0.01123287 0.007639134 0.009760025 0.007207101 0.007187463 0.01113468 0.01113468 0.01111504 0.01217548 0.007462393 0.01213621 0.01103649 0.007815875 0.01215585 0.01131142 0.009583284 0.00740348 0.006617965 0.007344566 0.0109383 0.006598327 0.006991084 0.0119791 0.006971446 0.00740348 0.007187463 0.006873257 0.006833981 0.006735792 0.006696516 0.01060445 0.01816504 0.02533286 0.02529359 0.01641726 0.01639763 0.01704568 0.02354581 0.02354581 0.02342799 0.02998704 0.02998704 0.03801893 0.02144456 0.02376183 0.02515612 0.03805821 0.03450375 0.03489651 0.03821531 0.0391972 0.03513216 0.02454735 0.02232827 0.02048231 0.02079651
0.01029025 0.007599859 0.01160599 0.007894427 0.007855151 0.007835513 0.01148816 0.01146852 0.0112525 0.008071167 0.007540945 0.01121323 0.007207101 0.007207101 0.007187463 0.01113468 0.0110954 0.0110954 0.007796237 0.006716154 0.007796237 0.007776599 0.007049998 0.01103649 0.01235223 0.01097757 0.0109383 0.009485095 0.006932171 0.006912533 0.01085975 0.006559051 0.007933702 0.006833981 0.01193983 0.006932171 0.007462393 0.006912533 0.01199874 0.006735792 0.00703036 0.01064373 0.006598327 0.02529359 0.02527395 0.02513648 0.02745375 0.0161227 0.02346726 0.02340835 0.02327088 0.02325125 0.03746907 0.02120891 0.0223479 0.02274066 0.02387966 0.03456267 0.03754762 0.03748871 0.03452339 0.03534818 0.03674247 0.03811712 0.02052158 0.0233298 0.02552924
0.008031892 0.007580221 0.01156671 0.007501669 0.007835513 0.007815875 0.007423118 0.01142924 0.01121323 0.01119359 0.007226739 0.01117395 0.007167825 0.007167825 0.007167825 0.01111504 0.008188995 0.01105613 0.01101685 0.01099721 0.01097757 0.006991084 0.007756962 0.0115078 0.01129178 0.009544008 0.01091866 0.006912533 0.006892895 0.01084011 0.006833981 0.01082047 0.006814343 0.006775068 0.006814343 0.01195947 0.007069636 0.01270571 0.006971446 0.01184164 0.006637603 0.006617965 0.0116649 0.0255096 0.01965751 0.01618161 0.01606378 0.01602451 0.0221908 0.02105181 0.02213189 0.02977102 0.0298103 0.02197479 0.02266211 0.03562311 0.04186796 0.03503397 0.03430737 0.03413063 0.03418954 0.03067436 0.03870626 0.04155375 0.01671183 0.02376183 0.02138565
0.01162562 0.007540945 0.01152743 0.007462393 0.007423118 0.007383842 0.007364204 0.008463926 0.01117395 0.007187463 0.01115431 0.01115431 0.007423118 0.01115431 0.00712855 0.01105613 0.01103649 0.01211657 0.01099721 0.01095794 0.006971446 0.009720749 0.007266015 0.01133106 0.01170417 0.007874789 0.006951808 0.01085975 0.007207101 0.006814343 0.006794706 0.01074192 0.007089274 0.006441224 0.006735792 0.00675543 0.006794706 0.006775068 0.007069636 0.01195947 0.006637603 0.006578689 0.02823927 0.01720278 0.01940222 0.02494011 0.02490083 0.01594596 0.01588704 0.024783 0.02148384 0.03741015 0.02971211 0.02191587 0.03407172 0.02513648 0.0409057 0.03705667 0.03446447 0.03422882 0.02963356 0.03041907 0.03051726 0.03619261 0.04171085 0.02442952 0.02435097
0.01154707 0.01152743 0.007442756 0.00740348 0.007383842 0.007383842 0.007344566 0.007344566 0.01115431 0.01135069 0.007285653 0.00712855 0.009701111 0.007285653 0.01113468 0.007423118 0.01099721 0.01099721 0.01097757 0.01095794 0.007501669 0.0110954 0.01103649 0.009485095 0.01111504 0.01148816 0.007874789 0.01087938 0.007207101 0.0107812 0.00675543 0.007069636 0.01066337 0.01064373 0.006696516 0.006676878 0.006676878 0.006696516 0.01186128 0.00703036 0.006932171 0.02831782 0.01661364 0.01718314 0.01779192 0.01602451 0.02486155 0.01592632 0.01588704 0.024783 0.0214642 0.03731197 0.02943718 0.02169986 0.03373787 0.03760654 0.03401281 0.03558384 0.01904874 0.01792938 0.01688857 0.01686894 0.04332116 0.03768509 0.0179883 0.01843997 0.0166922
0.007462393 0.01146852 0.01142924 0.007364204 0.007364204 0.007560583 0.007364204 0.007305291 0.01131142 0.007246377 0.01105613 0.007089274 0.01101685 0.01103649 0.01105613 0.008130081 0.01205766 0.007737324 0.01142924 0.01154707 0.006991084 0.0109383 0.01095794 0.006912533 0.006892895 0.006519775 0.006912533 0.009524371 0.006814343 0.007108912 0.006716154 0.009210165 0.01062409 0.009190527 0.006676878 0.006637603 0.007364204 0.006598327 0.008149719 0.006676878 0.00703036 0.01679038 0.01631908 0.01622089 0.02501866 0.01598523 0.01588704 0.02470445 0.01578885 0.02152311 0.02460626 0.02079651 0.02185696 0.03371824 0.02264247 0.03395389 0.03715486 0.02941754 0.02941754 0.03102785 0.02205334 0.01677075 0.03242214 0.03067436 0.02207297 0.01400181 0.02111072
0.01142924 0.01140961 0.007344566 0.007324928 0.007324928 0.007383842 0.007599859 0.007246377 0.007226739 0.007207101 0.007776599 0.01101685 0.01099721 0.007383842 0.01099721 0.008306822 0.01140961 0.01097757 0.007776599 0.007835513 0.006991084 0.006892895 0.009406543 0.009367268 0.007894427 0.007167825 0.006794706 0.009426181 0.00934763 0.009229803 0.006323397 0.009170889 0.009131613 0.006244845 0.01164526 0.006559051 0.006578689 0.00665724 0.006539413 0.006519775 0.006716154 0.01694749 0.02511685 0.01600487 0.01594596 0.01582813 0.02464554 0.02454735 0.01565139 0.01476768 0.01474805 0.03362004 0.03373787 0.03350222 0.02918189 0.03680138 0.02030556 0.02900515 0.02906406 0.03689957 0.03878481 0.01973607 0.01301991 0.02719846 0.01908802 0.01641726 0.01898983
0.01248969 0.01135069 0.007658772 0.01129178 0.007266015 0.007246377 0.007207101 0.007187463 0.007167825 0.01117395 0.006991084 0.01095794 0.0109383 0.0109383 0.01158635 0.007698048 0.006951808 0.006912533 0.01087938 0.01091866 0.006696516 0.01080083 0.01080083 0.007501669 0.01072228 0.007108912 0.00924944 0.007148188 0.00962256 0.00675543 0.006303759 0.006264483 0.006951808 0.009092337 0.009111975 0.01158635 0.006500138 0.006519775 0.006559051 0.006519775 0.006637603 0.006637603 0.01618161 0.01596559 0.01600487 0.02468481 0.01569066 0.0157103 0.01553356 0.01466949 0.02433133 0.02450807 0.02116963 0.02912297 0.02894623 0.03656573 0.03666392 0.02878913 0.0288284 0.02871058 0.02880877 0.01702604 0.02118927 0.01881309 0.01904874 0.01180236 0.01889164
0.01140961 0.007246377 0.007226739 0.007207101 0.007187463 0.007167825 0.007148188 0.01117395 0.01117395 0.01113468 0.007069636 0.00703036 0.01107576 0.01119359 0.01111504 0.01105613 0.006873257 0.01082047 0.01080083 0.01080083 0.006519775 0.007580221 0.009288716 0.00924944 0.009229803 0.00924944 0.007049998 0.00924944 0.009544008 0.01176309 0.00665724 0.006971446 0.006559051 0.009092337 0.009013786 0.006264483 0.0064805 0.006421586 0.006048466 0.006401948 0.006460862 0.006617965 0.01706532 0.01594596 0.01588704 0.01572994 0.02444916 0.01631908 0.01461058 0.02435097 0.01463022 0.02437061 0.01459094 0.02091434 0.02894623 0.03646754 0.03636935 0.02876949 0.02869094 0.03615333 0.03273634 0.01624052 0.02075724 0.01865598 0.01883272 0.01932367 0.01629944
0.008090805 0.007207101 0.007187463 0.007207101 0.007187463 0.01123287 0.009701111 0.007108912 0.009720749 0.0110954 0.01107576 0.01105613 0.01103649 0.006971446 0.01099721 0.01097757 0.01076156 0.01076156 0.006775068 0.006775068 0.01154707 0.008130081 0.007108912 0.009210165 0.01172381 0.00703036 0.009190527 0.01172381 0.0107812 0.007069636 0.009170889 0.006912533 0.006873257 0.01162562 0.00610738 0.01148816 0.006421586 0.00638231 0.00638231 0.006362672 0.02486155 0.01653509 0.01732061 0.01681002 0.0157103 0.01563175 0.01474805 0.01543537 0.02423314 0.01616197 0.0242135 0.02696281 0.02686462 0.02081615 0.01431601 0.03638899 0.01624052 0.01635835 0.01620125 0.02063941 0.01863635 0.01859707 0.01594596 0.01596559 0.01879345 0.01154707 0.01879345
0.007914064 0.01121323 0.007148188 0.01113468 0.007108912 0.007108912 0.007069636 0.00703036 0.00740348 0.00703036 0.006971446 0.006971446 0.01097757 0.01095794 0.01095794 0.01076156 0.01076156 0.00675543 0.007089274 0.01176309 0.007796237 0.009210165 0.009190527 0.006991084 0.009151251 0.006951808 0.006951808 0.006559051 0.01164526 0.01162562 0.0090727 0.006500138 0.006814343 0.01148816 0.006028828 0.00638231 0.02733593 0.01138997 0.006578689 0.02195515 0.02765013 0.01651545 0.01641726 0.01578885 0.01582813 0.01500334 0.01631908 0.02109108 0.02419386 0.01602451 0.02417423 0.02427242 0.02079651 0.02083579 0.02067869 0.02849456 0.01618161 0.01616197 0.02061977 0.01859707 0.02050194 0.02044303 0.01596559 0.01847924 0.01877381 0.01146852 0.01857743
0.0122344 0.01225404 0.01113468 0.007049998 0.007049998 0.00703036 0.007010722 0.007010722 0.007010722 0.01099721 0.01097757 0.006912533 0.01201838 0.01089902 0.01091866 0.0109383 0.01066337 0.01066337 0.00703036 0.007010722 0.007717686 0.009151251 0.01164526 0.0105259 0.007639134 0.01050626 0.006873257 0.01048663 0.006519775 0.009013786 0.007207101 0.006814343 0.006775068 0.006048466 0.01032952 0.01030989 0.01137033 0.02482228 0.01527827 0.02166058 0.02171949 0.02138565 0.01592632 0.0275323 0.01730097 0.01651545 0.02682534 0.01457131 0.02413495 0.02407604 0.02399749 0.02067869 0.02061977 0.02063941 0.0286713 0.01614233 0.02044303 0.01600487 0.01616197 0.01867562 0.02048231 0.01842033 0.02052158 0.01266643 0.01859707 0.01904874 0.01934331
0.007796237 0.0110954 0.007482031 0.01119359 0.00703036 0.007010722 0.006991084 0.007167825 0.01103649 0.01095794 0.007285653 0.007226739 0.00795334 0.006833981 0.007540945 0.01084011 0.007148188 0.006775068 0.00675543 0.01056518 0.01164526 0.01056518 0.01054554 0.01048663 0.0253525 0.02205334 0.006873257 0.008994148 0.006441224 0.006794706 0.008994148 0.006794706 0.006735792 0.006735792 0.01516044 0.01029025 0.006637603 0.006617965 0.01488551 0.02128746 0.02138565 0.02124818 0.02704136 0.02739484 0.02700208 0.01549429 0.02668788 0.02087506 0.0240564 0.02401712 0.01429638 0.02060013 0.02052158 0.02050194 0.03611406 0.02061977 0.02030556 0.02588272 0.02048231 0.01594596 0.0158674 0.01836142 0.01843997 0.01891128 0.01881309 0.02136601 0.02063941
0.01103649 0.01101685 0.01105613 0.01115431 0.01107576 0.0122344 0.008424649 0.007305291 0.006951808 0.0109383 0.0119791 0.006814343 0.006833981 0.006794706 0.01192019 0.01080083 0.006735792 0.01076156 0.006696516 0.006559051 0.01050626 0.006519775 0.01054554 0.01635835 0.01661364 0.02531322 0.0218766 0.01698676 0.02497938 0.02181768 0.008935235 0.00897451 0.006775068 0.02501866 0.02501866 0.01023133 0.006578689 0.02448843 0.02128746 0.02696281 0.01567103 0.01877381 0.01582813 0.01604415 0.02743411 0.01537646 0.01525863 0.02083579 0.01431601 0.0142571 0.01419819 0.01411963 0.02050194 0.02058049 0.02091434 0.02611838 0.02030556 0.02344763 0.01584777 0.01842033 0.01252897 0.01845961 0.02079651 0.01290209 0.01834178 0.01828286 0.01838105
0.01101685 0.007305291 0.01095794 0.006971446 0.007069636 0.007266015 0.011822 0.007167825 0.006951808 0.01091866 0.01085975 0.006794706 0.006775068 0.01082047 0.006951808 0.01084011 0.0107812 0.01072228 0.00665724 0.02521504 0.006500138 0.01158635 0.006559051 0.02763049 0.01716351 0.01626016 0.01785083 0.02201406 0.01688857 0.02164094 0.008876321 0.008876321 0.01673147 0.01659401 0.02460626 0.0172617 0.01641726 0.02460626 0.02452771 0.01551392 0.01549429 0.01641726 0.01549429 0.02719846 0.01614233 0.01533718 0.01521936 0.01437493 0.01433565 0.01423746 0.01417855 0.01423746 0.01419819 0.02120891 0.02629512 0.02040375 0.02022701 0.01590668 0.01838105 0.01323593 0.01331448 0.01857743 0.01826323 0.01820431 0.0155532 0.01810612 0.01847924
0.006951808 0.006892895 0.01203802 0.006892895 0.007069636 0.007246377 0.006892895 0.01089902 0.01085975 0.01084011 0.01084011 0.006775068 0.01080083 0.01080083 0.01095794 0.01135069 0.007226739 0.007049998 0.01712423 0.01716351 0.0105259 0.01050626 0.01046699 0.02755194 0.02183732 0.0164369 0.01739916 0.02052158 0.01694749 0.01673147 0.02482228 0.01594596 0.01572994 0.01567103 0.01563175 0.01557284 0.01549429 0.01635835 0.02114999 0.01553356 0.01561211 0.01671183 0.01655473 0.01651545 0.01594596 0.01500334 0.01449275 0.01463022 0.01439456 0.0144142 0.02085543 0.02122855 0.02111072 0.02046267 0.02050194 0.01543537 0.01535682 0.01447312 0.02329052 0.01832214 0.0116649 0.01824359 0.01816504 0.01818467 0.01808649 0.01802757 0.01808649
