02_Processed_Data/Guangdong-driving/POP/2019/gd-pop-19-txt.txt
ncols         755
nrows         605
xllcorner     491130
yllcorner     2101946
cellsize      1000
NODATA_value  -9999
[rows 58 to 86 of 605, columns 402 to 468 of 755]
0.0002945682 0.000314206 0.0002945682 0.000314206 0.0002945682 0.0002945682 0.0004516712 0.0004516712 0.0006087742 0.0004516712 0.0004516712 0.0004516712 0.0004516712 0.001001532 0.001001532 0.001531755 0.001315738 0.001551392 0.001315738 0.001001532 0.001001532 0.001001532 0.00102117 0.001001532 0.001001532 0.001001532 0.001001532 0.001531755 0.00102117 0.0009818939 0.0005891363 0.0005891363 0.0004320333 0.0004516712 0.0004516712 0.0005302227 0.0004516712 0.0004516712 0.0006087742 0.0004516712 0.0004516712 0.0004516712 0.0004516712 0.001001532 0.0005302227 0.0004713091 0.0005498606 0.0005498606 0.0004713091 0.0004713091 0.0005498606 0.0005498606 0.0004713091 0.0004713091 0.0004713091 -9999 -9999 -9999 -9999 -9999 -9999 -9999 -9999 -9999 -9999 -9999 -9999
0.0002945682 0.0002945682 0.0002945682 0.0002945682 0.0002945682 0.0002945682 0.0004516712 0.0004516712 0.0006087742 0.0004516712 0.0004516712 0.001001532 0.001001532 0.001001532 0.0004516712 0.001551392 0.001001532 0.001001532 0.001315738 0.001315738 0.0012961 0.001001532 0.001001532 0.00102117 0.0012961 0.0003731197 0.001001532 0.001531755 0.001551392 0.001001532 0.0005302227 0.0009818939 0.0005105848 0.0005105848 0.0004516712 0.0004516712 0.0004516712 0.0004516712 0.0004516712 0.0004516712 0.0004516712 0.0004516712 0.0004516712 0.0004516712 0.0004516712 0.0004516712 0.0004713091 0.001001532 0.001001532 0.0005498606 0.0005498606 0.0004713091 0.0005498606 0.0005498606 0.0005498606 -9999 -9999 -9999 -9999 -9999 -9999 -9999 -9999 -9999 -9999 -9999 -9999
0.0003731197 0.0002945682 0.0002945682 0.0002945682 0.0002945682 0.0004516712 0.001001532 0.001001532 0.0004516712 0.0006087742 0.001001532 0.0004516712 0.001531755 0.0004516712 0.001099721 0.0005302227 0.0004516712 0.0004516712 0.0004516712 0.0006087742 0.0006087742 0.0006087742 0.001315738 0.0012961 0.0012961 0.0009818939 0.0009818939 0.001001532 0.0009818939 0.0009818939 0.0009818939 0.0005891363 0.0005891363 0.0009818939 0.0004320333 0.0004320333 0.0005105848 0.0004320333 0.0004516712 0.0004516712 0.0004516712 0.0004516712 0.001001532 0.001001532 0.0004516712 0.0004516712 0.0004713091 0.001001532 0.001001532 0.0005498606 0.0005498606 0.0005498606 0.0005498606 0.0005498606 0.0005498606 -9999 -9999 -9999 -9999 -9999 -9999 -9999 -9999 -9999 -9999 -9999 -9999
0.0002945682 0.0002945682 0.0002945682 0.0007855151 0.000805153 0.0004516712 0.0004516712 0.0004516712 0.0004516712 0.0004516712 0.0004516712 0.0004516712 0.0004320333 0.0004320333 0.0004516712 0.0006087742 0.0009818939 0.0009818939 0.001001532 0.001001532 0.001315738 0.0004713091 0.0005302227 0.0005105848 0.0005105848 0.0005105848 0.0005105848 0.001531755 0.0009818939 0.0009818939 0.0009818939 0.0005891363 0.0005891363 0.0005891363 0.0009818939 0.0005105848 0.0004320333 0.0004320333 0.0005891363 0.0004516712 0.0004516712 0.0006087742 0.0004516712 0.0004516712 0.0004516712 0.0004516712 0.001315738 0.001315738 0.0005302227 0.0005302227 0.0005498606 0.0005498606 0.0005498606 0.0005498606 0.000805153 -9999 -9999 -9999 -9999 -9999 -9999 -9999 -9999 -9999 -9999 -9999 -9999
0.0002945682 0.0002945682 0.0003731197 0.0002945682 0.0002945682 0.0002945682 0.0004516712 0.0004516712 0.0004516712 0.0004320333 0.0004320333 0.0004320333 0.0004320333 0.0004320333 0.0004320333 0.0005105848 0.0005105848 0.0004320333 0.0005891363 0.0012961 0.0004909469 0.0012961 0.0012961 0.0012961 0.0004320333 0.0004320333 0.0009818939 0.0012961 0.0009818939 0.0005105848 0.001512117 0.0009818939 0.0012961 0.0005891363 0.0004320333 0.0009818939 0.0005105848 0.0005105848 0.0004320333 0.0004516712 0.0004320333 0.0004516712 0.0004516712 0.0006873257 0.0004516712 0.0004516712 0.0004516712 0.0004516712 0.0004516712 0.001001532 0.0004516712 0.0004516712 0.0004516712 0.000805153 -9999 -9999 -9999 -9999 -9999 -9999 -9999 -9999 -9999 -9999 -9999 -9999 -9999
0.0007855151 0.001080083 0.0002945682 0.0002945682 0.0002945682 0.0002945682 0.0004516712 0.0004516712 0.0004320333 0.0004320333 0.0004320333 0.0004320333 0.0004320333 0.0004320333 0.0004320333 0.0004320333 0.0004320333 0.0004320333 0.0004320333 0.0005891363 0.001276462 0.0004320333 0.0004320333 0.0004320333 0.0004320333 0.0004320333 0.0004320333 0.0009818939 0.0004320333 0.0004320333 0.0005891363 0.0004320333 0.0004320333 0.0004320333 0.0004320333 0.0009818939 0.0009818939 0.0009818939 0.0009818939 0.0004320333 0.0004516712 0.0005105848 0.0004516712 0.0004516712 0.0004516712 0.0012961 0.0012961 0.0004516712 0.0004516712 0.0004516712 0.0004516712 0.0004516712 0.0004516712 -9999 -9999 -9999 -9999 -9999 -9999 -9999 -9999 -9999 -9999 -9999 -9999 -9999 -9999
0.0007855151 0.0003534818 0.0002945682 0.0002945682 0.0003534818 0.0002945682 0.0004320333 0.0004320333 0.0004320333 0.0004320333 0.0004320333 0.0004320333 0.0004320333 0.0004320333 0.0005891363 0.0004320333 0.0004320333 0.0004320333 0.0004320333 0.0004320333 0.0004320333 0.0004320333 0.0004320333 0.0004320333 0.0004320333 0.0004320333 0.0009818939 0.0004320333 0.0009818939 0.0004320333 0.0004320333 0.0004320333 0.0004320333 0.0004320333 0.0009818939 0.0009818939 0.001001532 0.0009818939 0.0009818939 0.0004320333 0.0004320333 0.0004320333 0.0004320333 0.0004516712 0.0012961 0.0004516712 0.0004516712 0.0004516712 0.0004516712 0.0004516712 0.0004516712 0.0004516712 0.0004516712 -9999 -9999 -9999 -9999 -9999 -9999 -9999 -9999 -9999 -9999 -9999 -9999 -9999 -9999
0.0002945682 0.0004909469 0.0007855151 0.0003534818 0.0002945682 0.0002945682 0.0002749303 0.0002749303 0.0004320333 0.0004320333 0.0004320333 0.0004320333 0.0004320333 0.0004320333 0.0004320333 0.0004320333 0.0004123954 0.0004320333 0.0004123954 0.0004320333 0.0004320333 0.0004320333 0.0004320333 0.0004320333 0.0004320333 0.0004320333 0.000962256 0.0004320333 0.0009818939 0.000962256 0.0009818939 0.0004320333 0.0004320333 0.0005891363 0.0004320333 0.0009818939 0.0009818939 0.0009818939 0.0004320333 0.0004320333 0.0004320333 0.0004320333 0.0004320333 0.0005891363 0.0004320333 0.0004516712 0.0005891363 0.0004320333 0.0004516712 0.0004516712 0.0004516712 0.0004516712 -9999 -9999 -9999 -9999 -9999 -9999 -9999 -9999 -9999 -9999 -9999 -9999 -9999 -9999 -9999
0.0002749303 0.0002749303 0.0007855151 0.0002945682 0.0007855151 0.0002749303 0.0002749303 0.0002749303 0.0002749303 0.0004320333 0.0004320333 0.0004320333 0.0004320333 0.0004320333 0.0004123954 0.0004320333 0.0004123954 0.0004123954 0.0004123954 0.0004320333 0.0004909469 0.0004320333 0.0004320333 0.0004320333 0.0004320333 0.000962256 0.000962256 0.000962256 0.000962256 0.0004320333 0.0004320333 0.000962256 0.000962256 0.000962256 0.000962256 0.0005891363 0.0004320333 0.0004320333 0.0004320333 0.0004320333 0.0004320333 0.0004320333 0.0004320333 0.0004320333 0.0004320333 0.0004320333 0.0004320333 0.0005891363 0.0004516712 0.0004516712 0.0004516712 0.0004516712 -9999 -9999 -9999 -9999 -9999 -9999 -9999 -9999 -9999 -9999 -9999 -9999 -9999 -9999 -9999
0.0002749303 0.0002749303 0.0002749303 0.0002749303 0.0002749303 0.0002749303 0.0002749303 0.0002749303 0.0002749303 0.0002749303 0.0004320333 0.0004320333 0.0004909469 0.0004123954 0.0004123954 0.0004123954 0.0004123954 0.0004123954 0.0004123954 0.0004123954 0.0004123954 0.0004123954 0.0004320333 0.0004320333 0.0004320333 0.0004320333 0.0004320333 0.0004320333 0.0004320333 0.0004320333 0.0004320333 0.0004320333 0.0004320333 0.0004320333 0.0004320333 0.0004320333 0.0004320333 0.0004320333 0.0004320333 0.0004320333 0.0004320333 0.0004320333 0.0004320333 0.0004320333 0.0004320333 0.0004320333 0.0004320333 0.0004320333 0.0004320333 0.0004516712 0.0004516712 -9999 -9999 -9999 -9999 -9999 -9999 -9999 -9999 -9999 -9999 -9999 -9999 -9999 -9999 -9999 -9999
0.002140529 0.002140529 0.002140529 0.002140529 0.0002749303 0.0002749303 0.0002749303 0.0002749303 0.0002749303 0.0002749303 0.0004123954 0.0004123954 0.0004123954 0.0004123954 0.0004123954 0.0004123954 0.0004123954 0.0004123954 0.0004123954 0.0004123954 0.0004123954 0.0004123954 0.0005891363 0.0004516712 0.0004320333 0.0004320333 0.0004320333 0.000962256 0.0004320333 0.0004320333 0.001276462 0.0004320333 0.0004320333 0.0005891363 0.0005694985 0.0004320333 0.0004320333 0.0004320333 0.0004320333 0.001276462 0.0004320333 0.0004320333 0.0004320333 0.0004320333 0.0004320333 0.0004320333 0.0004320333 0.0004320333 0.0004320333 0.0004516712 0.0004516712 -9999 -9999 -9999 -9999 -9999 -9999 -9999 -9999 -9999 -9999 -9999 -9999 -9999 -9999 -9999 -9999
0.002140529 0.002140529 0.002120891 0.002140529 0.002120891 0.002120891 0.002120891 0.0002749303 0.0002749303 0.002120891 0.002120891 0.002120891 0.0004123954 0.0004123954 0.0004123954 0.0004123954 0.0004123954 0.0004123954 0.0005694985 0.0004123954 0.0004123954 0.001276462 0.0009818939 0.0004320333 0.0004320333 0.0004123954 0.0004320333 0.0004320333 0.001531755 0.0004320333 0.0004320333 0.0004320333 0.0004123954 0.0004320333 0.0005694985 0.0004320333 0.0004320333 0.0004320333 0.0004320333 0.0004320333 0.0004320333 0.0004320333 0.0004320333 0.0004320333 0.0004320333 0.0004320333 0.0004320333 0.0004320333 0.0004320333 0.0004320333 -9999 -9999 -9999 -9999 -9999 -9999 -9999 -9999 -9999 -9999 -9999 -9999 -9999 -9999 -9999 -9999 -9999
0.002120891 0.002120891 0.002120891 0.002120891 0.002120891 0.002120891 0.002120891 0.002120891 0.002120891 0.002101253 0.002120891 0.002101253 0.002120891 0.0004123954 0.0004123954 0.0004123954 0.0004123954 0.001276462 0.0004123954 0.001276462 0.0004123954 0.0004123954 0.0004123954 0.0004320333 0.0004123954 0.0004123954 0.0004123954 0.0004320333 0.0004123954 0.0004123954 0.001276462 0.0004123954 0.0004123954 0.0004320333 0.0004123954 0.0004123954 0.0004123954 0.0004123954 0.0004320333 0.0004123954 0.0004320333 0.001276462 0.0004320333 0.0004320333 0.0004320333 0.0004320333 0.0004320333 0.0004320333 0.0004320333 0.0004320333 -9999 -9999 -9999 -9999 -9999 -9999 -9999 -9999 -9999 -9999 -9999 -9999 -9999 -9999 -9999 -9999 -9999
0.002120891 0.002120891 0.002120891 0.002120891 0.002258356 0.002120891 0.002120891 0.002101253 0.002101253 0.002101253 0.002101253 0.002101253 0.002120891 0.0004123954 0.0004123954 0.0005694985 0.0005694985 0.0004123954 0.0004123954 0.0004123954 0.0004123954 0.0004123954 0.0004123954 0.0004123954 0.0004516712 0.0004123954 0.0004123954 0.0004123954 0.0004909469 0.0004320333 0.0004320333 0.0004123954 0.00064805 0.0004123954 0.0004123954 0.0004123954 0.0004123954 0.0004320333 0.0004320333 0.0004320333 0.0004320333 0.0004320333 0.0004320333 0.0004320333 0.0004320333 0.0004320333 0.0004320333 0.0004320333 0.0004320333 0.0004320333 -9999 -9999 -9999 -9999 -9999 -9999 -9999 -9999 -9999 -9999 -9999 -9999 -9999 -9999 -9999 -9999 -9999
0.002120891 0.002120891 0.002120891 0.002120891 0.002101253 0.002101253 0.002120891 0.002120891 0.002101253 0.002101253 0.003731197 0.002101253 0.002101253 0.0004123954 0.0004123954 0.0004123954 0.0004123954 0.0004123954 0.0004123954 0.0004123954 0.0004123954 0.0004123954 0.0004123954 0.0004320333 0.00102117 0.0004320333 0.0005694985 0.0004123954 0.0004123954 0.0004123954 0.0004123954 0.0004123954 0.0004123954 0.0004123954 0.0004123954 0.0004123954 0.0004123954 0.0004123954 0.0004123954 0.0004123954 0.0004123954 0.0004123954 0.0004320333 0.0004320333 0.0004320333 0.0004320333 0.0004320333 0.0004320333 0.0004320333 0.0004320333 -9999 -9999 -9999 -9999 -9999 -9999 -9999 -9999 -9999 -9999 -9999 -9999 -9999 -9999 -9999 -9999 -9999
0.002120891 0.002120891 0.002120891 0.002120891 0.002101253 0.002101253 0.002120891 0.002101253 0.002101253 0.002101253 0.002101253 0.002101253 0.002101253 0.0004123954 0.0004123954 0.0004123954 0.0004123954 0.0004123954 0.0004123954 0.0004123954 0.0004123954 0.0004123954 0.0004123954 0.0004123954 0.000962256 0.0004123954 0.0004123954 0.0004123954 0.0004123954 0.0004123954 0.0004123954 0.0004909469 0.0004123954 0.0004123954 0.0004123954 0.0004123954 0.0004123954 0.0004123954 0.0004123954 0.0004123954 0.0004123954 0.0004123954 0.0004123954 0.0004320333 0.0004320333 0.0004320333 0.0004320333 0.0006676879 0.0004320333 0.0004320333 -9999 -9999 -9999 -9999 -9999 -9999 -9999 -9999 -9999 -9999 -9999 -9999 -9999 -9999 -9999 -9999 -9999
0.003161698 0.002120891 0.002120891 0.003161698 0.002101253 0.002258356 0.002101253 0.002101253 0.002101253 0.002101253 0.002258356 0.002101253 0.002101253 0.0004123954 0.0004123954 0.0004123954 0.0004123954 0.0004123954 0.0004123954 0.0004123954 0.0004123954 0.0004123954 0.0004123954 0.0004123954 0.0004123954 0.0004123954 0.0004123954 0.0004123954 0.0004123954 0.0004123954 0.0004123954 0.0004123954 0.0004123954 0.0004123954 0.0004123954 0.0004123954 0.0004123954 0.0004123954 0.0004123954 0.0004123954 0.0004123954 0.0004123954 0.0004123954 0.000962256 0.0004320333 0.000962256 0.0004320333 0.0004320333 0.0004320333 0.0004320333 -9999 -9999 -9999 -9999 -9999 -9999 -9999 -9999 -9999 -9999 -9999 -9999 -9999 -9999 -9999 -9999 -9999
0.002120891 0.002120891 0.002101253 0.002120891 0.002120891 0.002258356 0.00314206 0.002101253 0.002101253 0.002101253 0.002101253 0.002081615 0.0004909469 0.0004123954 0.0004123954 0.0004123954 0.0004123954 0.0004123954 0.0004123954 0.0004123954 0.0004123954 0.0004123954 0.0004123954 0.0004123954 0.0004516712 0.0005694985 0.0004123954 0.0004123954 0.0004123954 0.0004123954 0.0004123954 0.0004123954 0.0004123954 0.0004123954 0.0004123954 0.0004123954 0.0004909469 0.0004909469 0.0004909469 0.0004909469 0.0004123954 0.0004123954 0.0004123954 0.000962256 0.0004320333 0.0004320333 0.0004320333 0.0004320333 0.0004320333 0.0004320333 -9999 -9999 -9999 -9999 -9999 -9999 -9999 -9999 -9999 -9999 -9999 -9999 -9999 -9999 -9999 -9999 -9999
0.003161698 0.004202506 0.002120891 0.002101253 0.002101253 0.002101253 0.002101253 0.002101253 0.002101253 0.002101253 0.002101253 0.002101253 0.0004123954 0.0004123954 0.0004123954 0.0004123954 0.0004123954 0.0004123954 0.0004123954 0.0004123954 0.0004123954 0.0004123954 0.0004123954 0.0004123954 0.0009818939 0.0004123954 0.0004123954 0.0004123954 0.0004123954 0.0004123954 0.0004123954 0.0004123954 0.0004123954 0.0004123954 0.0004123954 0.0004123954 0.0004123954 0.0004909469 0.0004123954 0.0004123954 0.0004123954 0.0004123954 0.0004123954 0.0004123954 0.0004123954 0.0004123954 0.0004123954 0.0004320333 0.0004320333 -9999 -9999 -9999 -9999 -9999 -9999 -9999 -9999 -9999 -9999 -9999 -9999 -9999 -9999 -9999 -9999 -9999 -9999
0.002120891 0.002101253 0.002120891 0.003731197 0.002101253 0.002101253 0.002101253 0.002101253 0.002101253 0.002101253 0.002081615 0.002101253 0.002238718 0.0004123954 0.0004123954 0.0004909469 0.0004123954 0.0004123954 0.0004123954 0.0004123954 0.0004123954 0.0004123954 0.0004123954 0.0004123954 0.0004909469 0.001276462 0.0004123954 0.0004123954 0.0004123954 0.0004123954 0.0004123954 0.0004123954 0.0004123954 0.0004123954 0.0004123954 0.0004123954 0.0004123954 0.0004909469 0.0004909469 0.0004123954 0.0004123954 0.0004123954 0.0004123954 0.0004123954 0.0004123954 0.0004123954 0.0004123954 0.0004123954 -9999 -9999 -9999 -9999 -9999 -9999 -9999 -9999 -9999 -9999 -9999 -9999 -9999 -9999 -9999 -9999 -9999 -9999 -9999
0.002101253 0.002101253 0.002101253 0.002101253 0.002101253 0.002101253 0.002101253 0.002101253 0.002101253 0.002238718 0.002238718 0.002081615 0.002081615 0.0004123954 0.0004123954 0.0004123954 0.0009426181 0.0004123954 0.0004123954 0.0004123954 0.0005694985 0.0005694985 0.0004123954 0.0004123954 0.0005694985 0.0004123954 0.0004123954 0.0004123954 0.0004123954 0.0004123954 0.0004123954 0.0004123954 0.0004123954 0.0004123954 0.0004123954 0.0004123954 0.0003927576 0.0004123954 0.0004713091 0.0004909469 0.0004909469 0.0004123954 0.0004123954 0.0004123954 0.0004123954 0.0004909469 -9999 -9999 -9999 -9999 -9999 -9999 -9999 -9999 -9999 -9999 -9999 -9999 -9999 -9999 -9999 -9999 -9999 -9999 -9999 -9999 -9999
0.00314206 0.002101253 0.002101253 0.002101253 0.002101253 0.002101253 0.002101253 0.002081615 0.002081615 0.002081615 0.002081615 0.002081615 0.0003927576 0.0004123954 0.0003927576 0.0004123954 0.0004123954 0.0004123954 0.0005694985 0.0005694985 0.0005694985 0.0004123954 0.0004123954 0.0004123954 0.0004123954 0.0004123954 0.0005694985 0.0005694985 0.0005694985 0.0004123954 0.0004123954 0.0004123954 0.0004123954 0.0004123954 0.0004123954 0.0003927576 0.0003927576 0.0003927576 0.0004123954 0.0004123954 0.0004909469 0.0004909469 0.0004123954 0.0004123954 0.0004909469 -9999 -9999 -9999 -9999 -9999 -9999 -9999 -9999 -9999 -9999 -9999 -9999 -9999 -9999 -9999 -9999 -9999 -9999 -9999 -9999 -9999 -9999
0.002101253 0.002101253 0.002101253 0.002081615 0.002101253 0.002081615 0.002081615 0.002081615 0.002081615 0.002081615 0.002081615 0.002238718 0.0005498606 0.0003927576 0.0003927576 0.0004123954 0.0004123954 0.0004123954 0.0004123954 0.0004123954 0.0005694985 0.0005694985 0.0004909469 0.0004123954 0.0004123954 0.0003338439 0.0005694985 0.0005694985 0.0004123954 0.0004123954 0.0004123954 0.0004123954 0.0004123954 0.0004123954 0.0004123954 0.0003927576 0.0003927576 0.0004123954 0.0004123954 0.0004123954 0.0004123954 0.0004123954 0.001256824 0.0004123954 0.0004123954 -9999 -9999 -9999 -9999 -9999 -9999 -9999 -9999 -9999 -9999 -9999 -9999 -9999 -9999 -9999 -9999 -9999 -9999 -9999 -9999 -9999 -9999
0.002101253 0.002101253 0.002101253 0.002101253 0.002101253 0.002101253 0.002081615 0.002081615 0.002081615 0.002081615 0.002238718 0.0003927576 0.0005498606 0.0004123954 0.0004123954 0.0004123954 0.0004123954 0.0004123954 0.0005694985 0.0005694985 0.0004123954 0.0004123954 0.0005694985 0.0005694985 0.00064805 0.0003338439 0.0005694985 0.0004123954 0.0004123954 0.0004123954 0.0004123954 0.0004123954 0.0004123954 0.0004123954 0.0004123954 0.0003927576 0.0003927576 0.0004123954 0.0004123954 0.0004123954 0.0004123954 0.0004123954 0.0004123954 0.0004123954 0.0004123954 -9999 -9999 -9999 -9999 -9999 -9999 -9999 -9999 -9999 -9999 -9999 -9999 -9999 -9999 -9999 -9999 -9999 -9999 -9999 -9999 -9999 -9999
0.002101253 0.002101253 0.002101253 0.002081615 0.002081615 0.002081615 0.002081615 0.002081615 0.0003927576 0.0003927576 0.0003927576 0.0003927576 0.0003927576 0.0004123954 0.0004909469 0.0005694985 0.0004123954 0.0005498606 0.0004123954 0.0004123954 0.0004123954 0.0004123954 0.0004123954 0.0009426181 0.000962256 0.001256824 0.0005694985 0.0004123954 0.0004123954 0.0004123954 0.0004123954 0.0004123954 0.0009426181 0.0004123954 0.0004123954 0.0003927576 0.0003927576 0.001256824 0.0004123954 0.0004123954 0.0004123954 -9999 -9999 -9999 -9999 -9999 -9999 -9999 -9999 -9999 -9999 -9999 -9999 -9999 -9999 -9999 -9999 -9999 -9999 -9999 -9999 -9999 -9999 -9999 -9999 -9999 -9999
0.002081615 0.002238718 0.00194415 0.00314206 0.002101253 0.002081615 0.002081615 0.002238718 0.0003927576 0.0005498606 0.0003927576 0.0003927576 0.0003927576 0.0003927576 0.0003927576 0.0004123954 0.0004123954 0.0004123954 0.0004123954 0.0005498606 0.0004123954 0.0004123954 0.0004909469 0.0004123954 0.0004123954 0.0004123954 0.0004123954 0.0009426181 0.0004123954 0.0004123954 0.0004123954 0.0004123954 0.0004123954 0.0004123954 0.0004123954 0.0003927576 0.0004123954 0.0004123954 0.0007266015 -9999 -9999 -9999 -9999 -9999 -9999 -9999 -9999 -9999 -9999 -9999 -9999 -9999 -9999 -9999 -9999 -9999 -9999 -9999 -9999 -9999 -9999 -9999 -9999 -9999 -9999 -9999 -9999
0.00194415 0.002081615 0.003122423 0.003122423 0.00314206 0.003731197 0.002081615 0.0004123954 0.0004123954 0.0003927576 0.0003927576 0.0003927576 0.0003927576 0.0003927576 0.0003927576 0.0003927576 0.0004123954 0.0004123954 0.0004123954 0.0004123954 0.001256824 0.0004123954 0.0004123954 0.0004123954 0.0004320333 0.0004320333 0.0004909469 0.000962256 0.0004123954 0.0004123954 0.000962256 0.0004123954 0.0004123954 0.0004123954 -9999 -9999 -9999 -9999 -9999 -9999 -9999 -9999 -9999 -9999 -9999 -9999 -9999 -9999 -9999 -9999 -9999 -9999 -9999 -9999 -9999 -9999 -9999 -9999 -9999 -9999 -9999 -9999 -9999 -9999 -9999 -9999 -9999
0.002081615 0.002081615 0.002081615 0.002081615 0.002081615 0.002081615 0.002081615 0.0006284121 0.0003927576 0.0005498606 0.0003927576 0.0003927576 0.0003927576 0.0003927576 0.0009426181 0.0004123954 0.0005498606 0.0003927576 0.0003927576 0.0004123954 0.0004123954 0.0003927576 0.0004123954 0.0004516712 0.001001532 0.0004123954 0.0004123954 0.0004123954 0.0004123954 0.0004123954 0.0009426181 0.0004123954 0.0004123954 0.0004123954 0.0004123954 -9999 -9999 -9999 -9999 -9999 -9999 -9999 -9999 -9999 -9999 -9999 -9999 -9999 -9999 -9999 -9999 -9999 -9999 -9999 -9999 -9999 -9999 -9999 -9999 -9999 -9999 -9999 -9999 -9999 -9999 -9999 -9999
0.002081615 0.002081615 0.002081615 0.002081615 0.002238718 0.002081615 0.0003927576 0.0003927576 0.0003927576 0.0003927576 0.0009426181 0.0003927576 0.0003927576 0.0003927576 0.0003927576 0.0003927576 0.0005498606 0.0003927576 0.0003927576 0.0005498606 0.0003927576 0.0004123954 0.0005694985 0.0004123954 0.000962256 0.000962256 0.0004123954 0.0004123954 0.0004123954 0.0004123954 0.0004123954 0.0004123954 0.0004123954 0.0004123954 0.0004123954 0.0004123954 -9999 -9999 -9999 -9999 -9999 -9999 -9999 -9999 -9999 -9999 -9999 -9999 -9999 -9999 -9999 -9999 -9999 -9999 -9999 -9999 -9999 -9999 -9999 -9999 -9999 -9999 -9999 -9999 -9999 -9999 -9999
