02_Processed_Data/Guangdong-driving/POP/1995/gd-pop-95-txt.txt
ncols         755
nrows         605
xllcorner     491130
yllcorner     2101946
cellsize      1000
NODATA_value  -9999
[rows 300 to 329 of 605, columns 204 to 271 of 755]
0.03986054 0.03323597 0.03241971 0.03234778 0.03603754 0.02949143 0.02836881 0.02834265 0.02830669 0.02822168 0.02817918 0.0280909 0.02804513 0.02797974 0.03766338 0.05156966 0.03609879 0.04579454 0.03593493 0.03581307 0.03574165 0.0356324 0.03558198 0.03550214 0.039827 0.05610737 0.04157627 0.0432289 0.06364838 0.05284061 0.04212527 0.04119811 0.04024995 0.03928077 0.03920514 0.03821076 0.03813092 0.03945601 0.03803848 0.03438448 0.03434246 0.03782419 0.0341912 0.03414078 0.03408195 0.03399792 0.03749226 0.03744184 0.037362 0.03731158 0.03724856 0.03360716 0.0371225 0.03709309 0.03793621 0.0378984 0.04768237 0.03787319 0.03468192 0.03464632 0.03456721 0.0345237 0.03112741 0.0343734 0.0343378 0.03094941 0.0400847 0.03081888
0.03259299 0.03141152 0.03244586 0.03235105 0.02950451 0.02948489 0.02836881 0.02941624 0.02830015 0.0293018 0.04017492 0.02810398 0.02803859 0.03776422 0.05588945 0.03757935 0.0374743 0.05138478 0.03589291 0.03579627 0.03570383 0.03561139 0.03556517 0.03552316 0.03898388 0.03984381 0.04153425 0.04143761 0.04275009 0.04126534 0.04028356 0.04030458 0.03933119 0.03920934 0.03826538 0.03818554 0.03805109 0.03802168 0.03796285 0.03435507 0.03425843 0.04755775 0.03412397 0.03405254 0.03401052 0.03390128 0.03386346 0.04359282 0.03377102 0.03724856 0.03364497 0.03494064 0.03704267 0.03707208 0.03836355 0.04675942 0.0467132 0.03686199 0.03685779 0.03120256 0.03111158 0.03105621 0.0454936 0.03429824 0.03421122 0.02954379 0.03077537 0.03073186
0.03258318 0.04334514 0.03241317 0.02959605 0.04367685 0.02948489 0.02837535 0.0283263 0.02826091 0.04022397 0.04015858 0.0280909 0.02914487 0.03773061 0.03629207 0.03617023 0.03608199 0.03597275 0.0358719 0.03583408 0.03569543 0.03561559 0.03553156 0.03553156 0.03899648 0.0398186 0.0406071 0.04134518 0.04041382 0.04031718 0.03933119 0.03932699 0.03836202 0.0383074 0.03822336 0.03453574 0.05762745 0.03798386 0.03790823 0.03430464 0.0341954 0.03552888 0.03408195 0.03401893 0.0339643 0.03387186 0.05340621 0.03517593 0.03512131 0.04342895 0.04334911 0.0433197 0.04326508 0.04675521 0.04672581 0.03827951 0.03681998 0.03321639 0.03317437 0.03315336 0.03104434 0.03094941 0.03089404 0.03419936 0.0341242 0.0307279 0.03068439 0.03062111
0.04347266 0.04340399 0.04326341 0.0295699 0.02955682 0.0284015 0.02834592 0.04352644 0.0293345 0.02930834 0.02924622 0.02916775 0.03780204 0.03632149 0.03761716 0.0374869 0.03745749 0.03595594 0.03585929 0.03575425 0.03567022 0.0356408 0.03556937 0.03548114 0.03541811 0.03976818 0.03967154 0.05024821 0.040355 0.0393438 0.03925977 0.03836202 0.03476264 0.03819395 0.03809731 0.0344433 0.0344433 0.03436767 0.03427944 0.03422481 0.03414498 0.04393736 0.03401472 0.04377349 0.04371887 0.03385085 0.03378363 0.03511291 0.04344995 0.03361135 0.03356093 0.03345589 0.03346009 0.0467174 0.04667538 0.03683678 0.04302978 0.03317437 0.03312815 0.03303571 0.05156633 0.03091381 0.03081097 0.04862488 0.03067649 0.03057364 0.02924713 0.03053013
0.04070459 0.04059996 0.0405313 0.02958298 0.04047899 0.04040052 0.02946201 0.02935738 0.02931161 0.02928546 0.02925276 0.02913179 0.03774321 0.03629628 0.03620384 0.03608199 0.03598955 0.03589291 0.03583408 0.03577946 0.03565341 0.03558198 0.03550214 0.0390301 0.03889984 0.03970936 0.04937148 0.03948246 0.03941523 0.0393522 0.03835362 0.03472482 0.03469541 0.04436174 0.0541079 0.03440969 0.03435927 0.03430044 0.03778218 0.04395416 0.03413658 0.03402733 0.0437861 0.03399371 0.03385085 0.03377102 0.03728637 0.04703674 0.03717712 0.03709309 0.04091471 0.04085665 0.04977178 0.03551073 0.03691025 0.03673174 0.03317858 0.03310714 0.03519364 0.03513111 0.03885868 0.03878276 0.03408861 0.03402136 0.03391457 0.03048662 0.0304708 0.03041938
0.03634814 0.04062285 0.03621082 0.04049533 0.02953393 0.02948489 0.0403384 0.02936065 0.0293018 0.03803734 0.0379491 0.04625253 0.04615589 0.03625006 0.05156126 0.03743228 0.03733984 0.05127554 0.03581307 0.03573324 0.03564921 0.03558618 0.03548954 0.03543071 0.03889145 0.04948073 0.04938409 0.04034238 0.05391272 0.03841244 0.0369403 0.03470381 0.03461137 0.04433233 0.04420627 0.03435927 0.03428784 0.03426683 0.03770234 0.04325898 0.03402733 0.0339643 0.03389708 0.03386766 0.03378363 0.03373741 0.03367858 0.03360296 0.03352732 0.03835514 0.04083879 0.04081646 0.04972265 0.04069141 0.04578964 0.03910432 0.03902393 0.04562886 0.03513558 0.04546808 0.05959962 0.03870237 0.03535975 0.03526086 0.03182896 0.03175381 0.03961005 0.03031258
0.04070131 0.04059669 0.04054438 0.04046264 0.05236799 0.03831045 0.03823061 0.03814238 0.04086397 0.04077993 0.03789027 0.04620211 0.03773061 0.03760875 0.03609459 0.03600635 0.03728102 0.03580047 0.03575845 0.05108225 0.0356366 0.03560299 0.03550214 0.03898388 0.03887043 0.03966733 0.03950767 0.03940683 0.03842084 0.03338294 0.03470381 0.03465759 0.03450633 0.0344433 0.04418947 0.03434246 0.03422481 0.0342038 0.03406515 0.0389602 0.03751747 0.03390548 0.03379623 0.03376682 0.0337248 0.03365337 0.03358194 0.03352312 0.03843918 0.04085665 0.05068134 0.05062328 0.05058755 0.03912665 0.03528296 0.03522937 0.03896587 0.03660208 0.03505965 0.03496587 0.03487654 0.03482295 0.03528854 0.03054595 0.0396852 0.03168261 0.03027699 0.03153626
0.04067843 0.03625659 0.04055746 0.05235959 0.05233438 0.03827684 0.05223774 0.0409312 0.03807935 0.0379617 0.03782725 0.04616429 0.03625426 0.05156546 0.03604837 0.03598955 0.03584249 0.03577946 0.03709614 0.03565341 0.03559459 0.03555677 0.03683983 0.03536769 0.03522903 0.03866454 0.03947405 0.03937321 0.03480886 0.03469541 0.03460717 0.03453995 0.0344265 0.03436347 0.03428363 0.03421221 0.03415758 0.03412817 0.03539443 0.03531459 0.03525157 0.03382985 0.03374161 0.03367018 0.03363656 0.03708048 0.03351891 0.03346429 0.04978964 0.04969139 0.05063668 0.06096472 0.05147031 0.03999602 0.03901499 0.03890334 0.03886761 0.04546362 0.03499267 0.03488995 0.03481402 0.0305776 0.03051827 0.03047871 0.03040751 0.03443887 0.03579372 0.03150857
0.04070785 0.04059996 0.02962221 0.05035192 0.05022587 0.05574469 0.059888 0.04648362 0.03656519 0.03786926 0.04621471 0.04608866 0.03623745 0.05152344 0.05139738 0.05133016 0.03582568 0.05114948 0.03704992 0.03559038 0.03555677 0.03549374 0.03679782 0.03524164 0.03517861 0.03858051 0.03851328 0.03481726 0.03471642 0.03461558 0.03452314 0.0442777 0.04420207 0.03428363 0.0341954 0.03414498 0.03405254 0.03541123 0.03535241 0.03381304 0.03380043 0.03376682 0.03364917 0.03362396 0.03355253 0.03947947 0.03941248 0.04975838 0.04969139 0.05556633 0.03865457 0.0469547 0.04242567 0.03992456 0.03892121 0.03502392 0.03497034 0.03491674 0.03487208 0.03476936 0.03472023 0.03463538 0.03456839 0.0344746 0.0344344 0.03434508 0.03428256 0.03419323
0.04071112 0.02967125 0.04050514 0.04188042 0.05019645 0.05102277 0.05004519 0.04434991 0.04427007 0.03784405 0.037718 0.03762136 0.03615762 0.05567936 0.03730203 0.0511915 0.03713816 0.05105704 0.035624 0.03551475 0.03544752 0.03540551 0.03670118 0.03521642 0.03507777 0.03498113 0.03486768 0.03476684 0.03464499 0.03454415 0.03446431 0.03577679 0.03427523 0.05384739 0.03415758 0.03407355 0.04380711 0.03388447 0.03528098 0.03381724 0.03370799 0.03370379 0.03366178 0.03354413 0.03349371 0.03565364 0.03559112 0.0354884 0.04068247 0.04157864 0.04152504 0.05133187 0.05121575 0.05019454 0.04027159 0.04020014 0.03631178 0.03483189 0.03480062 0.03468451 0.03461305 0.03455945 0.03446567 0.03438081 0.03435401 0.03422003 0.03414857 0.03409944
0.03625333 0.05250665 0.04681977 0.04672733 0.05015444 0.04448016 0.04444234 0.04151907 0.04424486 0.04974267 0.04961241 0.04109469 0.03606939 0.03603997 0.03585089 0.03714236 0.05111166 0.03702051 0.03550635 0.03543492 0.03535508 0.03532567 0.03663395 0.03509878 0.03499794 0.03845866 0.03480465 0.0346702 0.03460717 0.03589444 0.03440549 0.03570536 0.03426683 0.04405081 0.03408195 0.03405674 0.0339475 0.03527258 0.03381724 0.0337248 0.03364077 0.03581442 0.03580996 0.0334853 0.0334769 0.03559559 0.0355152 0.03688791 0.04058422 0.05045804 0.05038211 0.05129167 0.04222916 0.05610521 0.05506613 0.04009742 0.03476936 0.03473363 0.03471577 0.03459965 0.03453266 0.0344478 0.03437634 0.03428702 0.03423343 0.0341977 0.03408159 0.03402352
0.0793434 0.05244783 0.0523806 0.08419346 0.04452638 0.04089758 0.06700972 0.07526532 0.04971745 0.04966283 0.04954518 0.05922832 0.0395049 0.03588871 0.03578367 0.05109906 0.05104024 0.03692387 0.03686925 0.03536769 0.03529626 0.03662134 0.03516601 0.03862253 0.03849648 0.03839983 0.0346786 0.03601209 0.03447272 0.03440969 0.03431725 0.03421641 0.03417019 0.04396257 0.04389955 0.0339643 0.03526417 0.03377942 0.0337164 0.03364917 0.03359035 0.0357787 0.0357385 0.03560006 0.03555093 0.03545714 0.0354348 0.04062441 0.06084414 0.05037318 0.04138213 0.04227829 0.04216664 0.04115436 0.04995336 0.04001256 0.03846566 0.04507507 0.03461751 0.03455052 0.0344612 0.0343942 0.03428702 0.0342245 0.03563294 0.03407265 0.03399226 0.03392974
0.07922397 0.0791297 0.07892856 0.08419346 0.08498827 0.03803313 0.06999414 0.07517104 0.04965863 0.0495872 0.04105267 0.04182436 0.05016141 0.04078796 0.03574585 0.03705413 0.0369827 0.0452399 0.03538449 0.03533828 0.03520382 0.03510298 0.03509457 0.03853849 0.03840404 0.0383074 0.03463658 0.03591124 0.03448952 0.04972509 0.03425422 0.03417859 0.03413658 0.03406515 0.04942676 0.03536502 0.03520115 0.03369539 0.03364917 0.03359455 0.03572511 0.03566705 0.03565811 0.03558219 0.03547947 0.03545267 0.03911325 0.03904179 0.03991563 0.04081626 0.04167669 0.04162309 0.04304941 0.05004716 0.04986405 0.04085959 0.04883837 0.0488071 0.03451926 0.03443887 0.03438528 0.03582052 0.03571333 0.03414857 0.03402352 0.03398779 0.04435603 0.03384488
0.07920512 0.05387262 0.07884057 0.06736799 0.06181396 0.05748502 0.06993756 0.04613908 0.04114512 0.04109049 0.04187478 0.04268009 0.04400097 0.06065826 0.05549114 0.03916035 0.03902169 0.0452189 0.03530467 0.03522063 0.035145 0.03507777 0.03496853 0.03840824 0.03834942 0.05368162 0.05354716 0.04987635 0.03436347 0.03425422 0.034187 0.03416599 0.04389114 0.03398951 0.03391388 0.03880053 0.03728217 0.03717292 0.03355673 0.03570724 0.03563578 0.03562685 0.03558665 0.03925616 0.03543034 0.03914451 0.03902839 0.03895247 0.0398531 0.04075819 0.04256839 0.04400809 0.0448328 0.05087186 0.04085959 0.04973899 0.03928591 0.03829149 0.03440761 0.03438528 0.03427809 0.0446106 0.04454807 0.03403692 0.03392527 0.03388061 0.03382701 0.0336975
0.08442602 0.06459569 0.06733656 0.06299505 0.07007584 0.06998785 0.03781464 0.04123755 0.05601636 0.06761726 0.06326947 0.06234109 0.04202586 0.05260254 0.04327111 0.0506852 0.04125293 0.04027115 0.03881581 0.03730165 0.03953708 0.03942363 0.03932279 0.03922615 0.03917153 0.03823176 0.04787708 0.03445171 0.03432145 0.0342038 0.03413658 0.03411557 0.04943937 0.03393489 0.03521796 0.03728217 0.03369539 0.03714771 0.03569831 0.03563578 0.03933656 0.03932763 0.03926956 0.03918917 0.04007194 0.04002281 0.03990223 0.03986203 0.04165883 0.04352261 0.04873008 0.05497997 0.05494424 0.05642749 0.05351122 0.04020887 0.04066309 0.03816197 0.03580265 0.03425576 0.03420217 0.0549431 0.03552129 0.03396993 0.03385828 0.03372876 0.03371536 0.03363051
0.07860488 0.08683534 0.06990301 0.06425 0.06409286 0.06263679 0.037718 0.05513123 0.0844176 0.06337632 0.09045217 0.06096043 0.05738748 0.05165437 0.05073142 0.04079197 0.03978918 0.03969255 0.04944291 0.03952028 0.04086636 0.04161704 0.05975908 0.04057224 0.04889248 0.0479233 0.03447692 0.03439708 0.03425002 0.04961164 0.0495318 0.03402733 0.03538182 0.03385926 0.03375001 0.03366598 0.03352732 0.03569384 0.03563132 0.03557326 0.03927403 0.0392651 0.05648929 0.04006747 0.04003621 0.03995582 0.03984417 0.04169009 0.04441431 0.04964411 0.05849224 0.06221535 0.0649619 0.06611038 0.0613348 0.04256707 0.04060949 0.0405157 0.03429595 0.03569547 0.03933371 0.04022988 0.03915061 0.03533371 0.04415952 0.03360371 0.03357245 0.03353225
0.08821599 0.08811542 0.07325956 0.06546722 0.08492043 0.06255507 0.06237908 0.06005748 0.06135013 0.07579744 0.061017 0.06091015 0.05556257 0.05634687 0.05063898 0.04126553 0.04955636 0.04944711 0.03954548 0.04083695 0.05007594 0.04999191 0.04143217 0.04049661 0.04040837 0.03894043 0.03794184 0.03786201 0.03422061 0.03554569 0.03547847 0.0437819 0.03530619 0.03383825 0.03369119 0.03362396 0.03566258 0.03560452 0.0355286 0.03692364 0.03918917 0.04008087 0.04003174 0.05137653 0.06077714 0.04080286 0.03922471 0.040103 0.05477807 0.04661731 0.06409253 0.06680335 0.07053092 0.07077432 0.06406795 0.05233816 0.05038059 0.04938171 0.03792527 0.03786721 0.03926672 0.04904228 0.04800321 0.0352042 0.03509254 0.03351885 0.03500769 0.03722409
0.06853651 0.07471564 0.08209943 0.0793507 0.08481357 0.09102415 0.06010776 0.06138784 0.06124956 0.061061 0.06094786 0.07414652 0.04060308 0.04976224 0.0496656 0.0411857 0.03963792 0.03959591 0.03950767 0.04075291 0.0499877 0.0414994 0.03999364 0.03903707 0.03891523 0.03797546 0.03789563 0.03561292 0.03417019 0.03550788 0.04941836 0.04373988 0.03380043 0.0337164 0.03362396 0.03352312 0.03561792 0.035542 0.03924277 0.03915791 0.04005854 0.04096811 0.05133634 0.04235868 0.04078053 0.0406912 0.04060188 0.05098798 0.04579148 0.05233706 0.1201579 0.0790162 0.1294054 0.07631654 0.06588262 0.05419301 0.04138507 0.05522091 0.03876784 0.04912267 0.04009589 0.0400423 0.03990385 0.0440434 0.04773524 0.03344293 0.04759679 0.03710798
0.07608371 0.06968459 0.09671645 0.08755602 0.06169583 0.06158269 0.06011404 0.0599632 0.05976835 0.06099815 0.0595295 0.07404595 0.05392519 0.07374424 0.05893867 0.05875012 0.03874438 0.03952867 0.03941103 0.03931019 0.03920094 0.05449953 0.03906649 0.03896565 0.03885219 0.03438868 0.03431305 0.0341912 0.04950659 0.03403573 0.04373568 0.03386766 0.03381304 0.03367858 0.03358614 0.03565811 0.035542 0.03547054 0.0415831 0.04001835 0.04093684 0.06177603 0.03940781 0.04229169 0.04065995 0.04063761 0.04052596 0.04047237 0.04664299 0.061145 0.07241703 0.13221 0.1340336 0.07713231 0.06860237 0.06096411 0.04222317 0.04116623 0.03865619 0.05495742 0.04893063 0.0592676 0.04873412 0.03730001 0.03724642 0.0371437 0.03708564 0.03850302
0.06838566 0.07950784 0.08634508 0.06175869 0.06029632 0.06015176 0.05466058 0.05451601 0.05438402 0.06886276 0.07405852 0.06864277 0.05376805 0.05364863 0.05349778 0.05329036 0.05318351 0.03500214 0.03486768 0.03477524 0.034687 0.03815614 0.0380805 0.03445591 0.03436347 0.03570116 0.03421641 0.03412817 0.03545745 0.03399371 0.03392649 0.03381724 0.0337122 0.03359875 0.03349791 0.03561792 0.03553306 0.03543034 0.04003174 0.04089664 0.04236761 0.05122468 0.05115769 0.03973252 0.03959407 0.03958961 0.03950474 0.03944223 0.04501124 0.05439269 0.07419596 0.1331062 0.1348851 0.0701379 0.06562804 0.05897528 0.03969526 0.03861599 0.05490382 0.05485469 0.05923634 0.03981007 0.03970734 0.04405772 0.04850635 0.03893156 0.0388735 0.04025962
0.09420656 0.06466455 0.06049117 0.055044 0.05487428 0.05895181 0.0545223 0.05439659 0.07429108 0.07415909 0.0886064 0.07371911 0.05361721 0.05984034 0.05333436 0.05526627 0.03499373 0.03493911 0.03483827 0.03475003 0.03462398 0.03590705 0.03445591 0.03582301 0.03569276 0.03560032 0.03416179 0.03549527 0.0339601 0.03391808 0.03385506 0.03374161 0.03364497 0.03355253 0.03561792 0.03555986 0.03549733 0.03915791 0.04003174 0.04085645 0.04082072 0.04074926 0.04068227 0.03963426 0.03958067 0.03852819 0.0384478 0.03931717 0.04303581 0.05144963 0.07032101 0.1301497 0.08337197 0.07002625 0.06268499 0.05792281 0.0559429 0.03850434 0.03838822 0.04873412 0.03824977 0.03818725 0.03809346 0.05888799 0.03738467 0.05517027 0.05512114 0.04911222
0.06201638 0.06183411 0.06036547 0.05501885 0.05897066 0.0588261 0.05444688 0.05428346 0.0615934 0.07402709 0.06122885 0.06108429 0.06093344 0.07639553 0.07628869 0.0530578 0.03493071 0.03480886 0.03469961 0.0346786 0.03454415 0.0344391 0.0344265 0.03570536 0.0342038 0.0341912 0.04948559 0.03401893 0.03390128 0.03385085 0.03379623 0.03368279 0.05321293 0.0334769 0.03555093 0.03549733 0.03542141 0.03910878 0.03996029 0.03991563 0.04069567 0.04065995 0.04058848 0.03952708 0.03855945 0.03843887 0.03833169 0.03924125 0.041961 0.06080558 0.06124957 0.07580518 0.08800147 0.05725404 0.05664034 0.05184243 0.05489043 0.05478324 0.05373076 0.05809901 0.04757446 0.03706332 0.03704098 0.04833664 0.04029088 0.04910775 0.05500056 0.05495144
0.05519484 0.05506285 0.05492457 0.05478001 0.0546543 0.05448459 0.05430231 0.08349235 0.06148026 0.07386995 0.05905181 0.07353055 0.08174843 0.06786337 0.08244897 0.03495592 0.03488449 0.03475844 0.0346618 0.0479149 0.03446431 0.03437187 0.03432565 0.03425002 0.03414498 0.04954861 0.03398951 0.03392649 0.03380884 0.03377522 0.03369119 0.03357774 0.0334769 0.03338866 0.03551073 0.03539908 0.03910432 0.03902839 0.03988436 0.0398129 0.03973252 0.04056616 0.03948241 0.03946009 0.03840761 0.03830935 0.0382647 0.03914299 0.04094872 0.05692616 0.06252199 0.06910329 0.07369129 0.05620156 0.05466489 0.05767271 0.04883238 0.05466266 0.05361911 0.04756553 0.04748514 0.0331705 0.03685788 0.03778977 0.03773617 0.04008544 0.06032303 0.04979401
0.05507542 0.05503771 0.05481772 0.05461659 0.05450344 0.05433374 0.07722522 0.05414518 0.08320949 0.05911467 0.05894497 0.07344255 0.05535427 0.04486595 0.04478191 0.04471469 0.03475003 0.03468281 0.03458196 0.04787288 0.03930054 0.03428784 0.03425843 0.03414498 0.03410296 0.0339643 0.03390968 0.03384245 0.0337332 0.03365757 0.03356093 0.0334853 0.03342227 0.03333404 0.03538121 0.03528742 0.03524277 0.03518024 0.03886761 0.05607842 0.03962534 0.03954494 0.03850586 0.03845227 0.03830042 0.03446567 0.03816644 0.03953915 0.0503404 0.04509477 0.05956553 0.07277857 0.06131766 0.04665933 0.04281118 0.04975087 0.05915148 0.05459566 0.05352086 0.03849855 0.05404095 0.03460127 0.03449855 0.03670156 0.03760665 0.03995592 0.04881746 0.04966449
0.05502514 0.05492457 0.05466686 0.05456001 0.07745777 0.05423317 0.05409489 0.05395661 0.06849192 0.05362977 0.0430105 0.0641601 0.04279481 0.04270169 0.04469788 0.03484247 0.03823176 0.03811832 0.04874962 0.05846217 0.04012265 0.04760817 0.03415758 0.04949819 0.03542384 0.0353104 0.03382564 0.03376262 0.03369119 0.03356934 0.03350631 0.03335505 0.03331723 0.0332374 0.03530976 0.03672713 0.0559837 0.03503286 0.03499267 0.0386979 0.03859518 0.03475596 0.03463984 0.03451479 0.03440761 0.03584285 0.03578926 0.03945877 0.04035493 0.05012156 0.05691053 0.04293177 0.05271179 0.0408804 0.04076875 0.04074196 0.03768837 0.04055884 0.04840364 0.03837797 0.03830205 0.03298292 0.0343869 0.03136904 0.03273729 0.03643359 0.03636213 0.03868461
0.05496857 0.05897695 0.05459772 0.07748292 0.07734464 0.0540886 0.05395661 0.05383091 0.05371777 0.05353549 0.04132251 0.04285364 0.04278012 0.04261345 0.04251052 0.04074901 0.03461558 0.03942239 0.04865718 0.05927168 0.04848911 0.04752834 0.04948979 0.04938474 0.03390548 0.03377942 0.0337332 0.03360296 0.03355253 0.0334727 0.03557772 0.03549287 0.03319538 0.03315336 0.03518471 0.03664228 0.04549935 0.04918225 0.04022693 0.03487208 0.0362314 0.03462645 0.03453713 0.0344478 0.03583838 0.03578926 0.04840515 0.03937837 0.040279 0.05947304 0.0409742 0.06122071 0.04980893 0.04971961 0.03673861 0.0406169 0.04856887 0.058821 0.05425178 0.03828418 0.03669263 0.03281321 0.03277748 0.03271496 0.03259438 0.03398942 0.03242466 0.05317899
0.05484914 0.05464172 0.05870039 0.05846783 0.05624051 0.05399432 0.05384976 0.05367377 0.05149045 0.05346007 0.04119507 0.05256484 0.04262326 0.04252032 0.04235856 0.04058726 0.03588603 0.04777204 0.04859415 0.04851852 0.04001341 0.03547006 0.0339643 0.03388867 0.03380464 0.03655984 0.03365337 0.03573404 0.03715588 0.03557326 0.03547947 0.03541248 0.03311135 0.03521597 0.03514005 0.03653509 0.04537876 0.0453341 0.04904381 0.05117331 0.03612868 0.03455498 0.034421 0.03584732 0.03574459 0.03565974 0.04828903 0.04019861 0.04906908 0.03853114 0.03841502 0.04975087 0.06008784 0.0397386 0.03962249 0.0395421 0.04839917 0.03933666 0.03923394 0.03762899 0.03655865 0.03420826 0.03267476 0.03257651 0.03249612 0.0324068 0.03231301 0.03370359
0.05885124 0.05868153 0.06898847 0.05414518 0.05400061 0.06847306 0.0537052 0.05357321 0.0534475 0.0533155 0.05259915 0.06393952 0.04255463 0.04243209 0.05862071 0.03591124 0.0357978 0.04414745 0.0484723 0.05401212 0.03991257 0.03538603 0.0353104 0.03382564 0.0337332 0.03364077 0.03576977 0.03716481 0.03710229 0.0355152 0.03539908 0.03528742 0.03520704 0.03510878 0.03503733 0.03643237 0.03636092 0.03631625 0.04896788 0.03996343 0.03608848 0.0344746 0.03431382 0.03427362 0.03563294 0.03555255 0.04815505 0.05852329 0.04897083 0.04884578 0.03833463 0.04870286 0.03965822 0.04854655 0.03953763 0.03942151 0.04824732 0.03923841 0.05401954 0.0375218 0.03648719 0.03408321 0.03252738 0.03394476 0.03237554 0.03374825 0.0336768 0.048449
0.05453487 0.05232641 0.05631593 0.05398175 0.06862392 0.05586966 0.08297066 0.05346635 0.08271924 0.05528513 0.04270169 0.04259875 0.04244189 0.05870403 0.04435753 0.0358188 0.03431305 0.04404661 0.03910726 0.03901902 0.03894339 0.03808241 0.03382985 0.03377522 0.03362816 0.03353992 0.03712908 0.03704869 0.03695044 0.03690131 0.03676286 0.04559314 0.03657528 0.03501499 0.03494354 0.03484975 0.03477383 0.04002149 0.03845227 0.03839868 0.03449246 0.03438081 0.05061951 0.03415304 0.03551682 0.03549002 0.03537391 0.04350991 0.03996191 0.03833463 0.03821404 0.0590041 0.04054545 0.03949297 0.03792375 0.0384003 0.03679534 0.03667476 0.03599724 0.03496263 0.03111001 0.03098496 0.03238893 0.03380184 0.03373485 0.03218796 0.04849812 0.04837307
0.06900732 0.06896961 0.0582667 0.06855477 0.06849192 0.05578167 0.05564969 0.05338464 0.07629497 0.0551657 0.04262326 0.04243209 0.04233406 0.05851286 0.05185409 0.03576418 0.03915348 0.03909886 0.03546586 0.03537342 0.03531459 0.03661867 0.03374161 0.03363656 0.03938634 0.0392883 0.04405812 0.0458611 0.04576285 0.04569139 0.04557974 0.04927604 0.0364413 0.03492567 0.03482742 0.03474256 0.03846566 0.04881157 0.03456839 0.0344612 0.03439867 0.0342379 0.03414857 0.03405478 0.0339342 0.03530692 0.03524886 0.04342952 0.05914702 0.04864033 0.05542484 0.06075177 0.05030761 0.04034001 0.03780763 0.03679088 0.03671049 0.05295813 0.03499835 0.05272143 0.03099389 0.03085544 0.03229068 0.03219689 0.03216116 0.03354727 0.04835968 0.03336863
