02_Processed_Data/Guangdong-driving/POP/1995/gd-pop-95-txt.txt
ncols         755
nrows         605
xllcorner     491130
yllcorner     2101946
cellsize      1000
NODATA_value  -9999
[rows 210 to 239 of 605, columns 544 to 611 of 755]
0.03382493 0.03376303 0.02765365 0.03374847 0.02518951 0.02519315 0.02516038 0.02517494 0.02513489 0.02512396 0.02514581 0.02513853 0.02512032 0.02509847 0.02507663 0.02504021 0.02500381 0.02739512 0.02493462 0.02730409 0.02481082 0.02480718 0.03325325 0.03323869 0.03320227 0.02461419 0.02461419 0.03795942 0.02457778 0.02456321 0.02450495 0.02445033 0.02441028 0.02438479 0.0328345 0.02432289 0.047691 0.03540028 0.03537933 0.03532171 0.03526933 0.03519077 0.0321264 0.03206868 0.03199172 0.03188589 0.03184741 0.03174639 0.031655 0.03645607 0.03151069 0.03550146 0.03545335 0.04761465 0.03635123 0.03629832 0.03521284 0.0310922 0.03103928 0.03093827 0.06710999 0.06698757 0.09064041 0.09921626 0.09912444 0.1125544 0.0772126 0.1144484
0.02522956 0.02522592 0.02513125 0.02512761 0.02514581 0.02512761 0.02510212 0.02506571 0.02503658 0.02501109 0.02502929 0.02504021 0.03348994 0.0249856 0.02493826 0.02495647 0.03340254 0.02487636 0.02482538 0.02476348 0.02474163 0.02467609 0.02463968 0.02461783 0.0245887 0.02450495 0.03298744 0.0244831 0.02444669 0.02444305 0.0243593 0.02433745 0.02434473 0.02430832 0.02424278 0.02421729 0.02416631 0.03527981 0.04739768 0.0351122 0.03507554 0.04026143 0.03680721 0.03675911 0.03182817 0.03171753 0.03170791 0.03161171 0.03155879 0.03147221 0.03137119 0.03132309 0.04755212 0.04852696 0.03882381 0.03612996 0.03508778 0.035006 0.03084688 0.06691616 0.06681414 0.06665092 0.0665285 0.07506353 0.07496152 0.07490031 0.03451535 0.03441915
0.02514217 0.02511668 0.02505478 0.02500745 0.02502929 0.03350814 0.02496011 0.03343167 0.03340619 0.02492005 0.0249237 0.0249237 0.02489457 0.02731865 0.02484359 0.02482538 0.02474163 0.02473799 0.02471979 0.02464696 0.02459962 0.03797035 0.02451952 0.02447582 0.02446125 0.02439207 0.02437022 0.0243593 0.02433381 0.02429376 0.02426098 0.02421729 0.0241918 0.0241918 0.02413354 0.02408984 0.02410077 0.03510696 0.03505458 0.03496031 0.03491317 0.0348765 0.03668215 0.03659556 0.03169348 0.03162133 0.03153474 0.03627809 0.03139525 0.03135676 0.0312798 0.03526575 0.03780568 0.03713367 0.04828164 0.03600008 0.03588945 0.03482321 0.03072662 0.06663051 0.06646729 0.09005892 0.06618164 0.07472689 0.03448169 0.03442877 0.05199099 0.03524968
0.02501473 0.02504386 0.02498924 0.02495647 0.02494554 0.02490549 0.02486544 0.02481082 0.0248181 0.02480353 0.0333188 0.02480353 0.0248181 0.02479261 0.03324961 0.02473071 0.02464332 0.02462147 0.02462147 0.024545 0.0244831 0.03297287 0.02563507 0.02558045 0.03281266 0.02429376 0.02426098 0.03274712 0.02421729 0.02421729 0.02412262 0.02410805 0.02405708 0.02405708 0.02404979 0.02397697 0.02396604 0.03498126 0.04015667 0.03483984 0.03476651 0.03994193 0.03651379 0.03320565 0.03316236 0.03143853 0.03144335 0.03617707 0.03127018 0.03118359 0.03110663 0.03107296 0.03766618 0.03698936 0.03851596 0.03841975 0.03573071 0.03466447 0.03058231 0.03051978 0.08998751 0.06602862 0.0343951 0.03436143 0.03426041 0.0342556 0.03417383 0.0565275
0.02495647 0.02492005 0.02490549 0.02485451 0.02483266 0.02479989 0.02476348 0.02469794 0.02472707 0.02471614 0.02472343 0.0246943 0.02468701 0.03316586 0.02462147 0.02459234 0.02452316 0.02446125 0.02447218 0.02445397 0.03288184 0.02433017 0.02431924 0.02426098 0.0242537 0.02418816 0.02416631 0.02412626 0.02413354 0.0240862 0.02527822 0.02399882 0.0239624 0.02395876 0.0239442 0.02387137 0.02384952 0.03484507 0.0399943 0.03992621 0.0365186 0.03643682 0.03634062 0.03143853 0.03140486 0.03290261 0.03124613 0.03116916 0.03112106 0.03103928 0.0325707 0.03498195 0.03592793 0.04806999 0.03838127 0.0382562 0.03555754 0.03452497 0.03038509 0.03036104 0.065845 0.06566136 0.03013015 0.03416902 0.05176972 0.03404876 0.05163023 0.03492258
0.02486908 0.02482538 0.02480353 0.02475984 0.02595914 0.02470886 0.02467973 0.0246506 0.02463239 0.02462875 0.02461419 0.02461055 0.02457413 0.02453408 0.02447946 0.0244649 0.0244212 0.02438115 0.03284179 0.02435566 0.02426827 0.0242355 0.02418816 0.02417723 0.02411533 0.024068 0.03253592 0.0240243 0.02643019 0.03247038 0.02394783 0.02390414 0.02385317 0.02381675 0.02381675 0.03227375 0.02372572 0.02369295 0.03650898 0.03161171 0.03155879 0.03149145 0.03142891 0.03130866 0.03122689 0.0311884 0.03108258 0.03108739 0.029378 0.0309046 0.03079396 0.03484726 0.03578362 0.0366815 0.04781986 0.03652276 0.03541323 0.03534108 0.03023597 0.03016863 0.03014458 0.03488312 0.02999546 0.05165908 0.03653096 0.05251848 0.03379863 0.0337409
0.02476348 0.02472343 0.02472707 0.02588996 0.02466517 0.02463968 0.02459962 0.0245887 0.02453044 0.02453408 0.02450859 0.02443941 0.02443941 0.02465737 0.0256023 0.02435202 0.02434473 0.02428283 0.02425006 0.02421001 0.02418088 0.02411533 0.02407892 0.02404979 0.02399517 0.03246674 0.02392599 0.02388594 0.02388958 0.03233565 0.0238386 0.02379126 0.02378034 0.02371844 0.02368931 0.02366746 0.02363833 0.02359828 0.03152512 0.03148664 0.04904886 0.03135195 0.04894304 0.04238448 0.03109701 0.03107296 0.03096232 0.03089979 0.0308132 0.02910863 0.03475105 0.03465967 0.03562007 0.05417157 0.04866001 0.03733406 0.05389738 0.05280229 0.03512462 0.03407281 0.02994736 0.02993293 0.02984634 0.03486487 0.05243671 0.05236936 0.0346484 0.03352444
0.02467609 0.0258499 0.02462511 0.02457778 0.02455593 0.02453408 0.02447946 0.0244831 0.02469783 0.02445761 0.02564235 0.02438115 0.02460587 0.0245691 0.02450289 0.02450289 0.02444771 0.02445507 0.0243999 0.02410077 0.03740595 0.0240243 0.02397697 0.02390778 0.02387137 0.02382403 0.02380583 0.02377306 0.02374757 0.02373664 0.02370387 0.02365654 0.02363469 0.03208077 0.02354002 0.02354366 0.02350724 0.02347083 0.02339801 0.03136638 0.03288817 0.03119803 0.03114511 0.03100562 0.03093827 0.03086612 0.03082763 0.03077953 0.03068814 0.0306256 0.02892584 0.03451535 0.0354421 0.03739178 0.03828004 0.04939434 0.03813092 0.03808282 0.03597439 0.03592148 0.03487448 0.0354551 0.02965875 0.03466284 0.04583005 0.05317104 0.05212885 0.05203746
0.02455229 0.02450131 0.02454136 0.02453044 0.02443941 0.02442484 0.02438843 0.02587251 0.02465001 0.02462059 0.02459852 0.02456542 0.02450657 0.02444404 0.02438518 0.02438518 0.02433001 0.0243153 0.02429691 0.02420863 0.02392235 0.02386409 0.02381675 0.02378763 0.02374757 0.03219729 0.0248704 0.02366746 0.02361648 0.03208441 0.02356186 0.02353637 0.03199702 0.03196061 0.02343442 0.02339801 0.02339801 0.03185865 0.02328877 0.03119321 0.03275348 0.03105853 0.03098156 0.03084206 0.03078434 0.03073143 0.03070738 0.03061599 0.03053421 0.03044763 0.03033699 0.03435181 0.03526893 0.03622934 0.04839063 0.0492789 0.05021044 0.0415591 0.0394603 0.03937371 0.03568578 0.04586372 0.03359179 0.05211923 0.03441751 0.05199898 0.05193644 0.03582385
0.0281429 0.0244649 0.02808465 0.02439207 0.02434473 0.02434109 0.0245507 0.02453967 0.0245507 0.02452863 0.02448082 0.02440725 0.02440358 0.02437047 0.0243153 0.02425645 0.02418288 0.02420127 0.02540906 0.02409829 0.02402105 0.02372208 0.02368567 0.02366018 0.02361648 0.02357643 0.02354366 0.02354366 0.02348904 0.02345627 0.02343078 0.02341622 0.03496333 0.02642622 0.02330697 0.02326328 0.02323415 0.02324871 0.02320138 0.02680656 0.03099118 0.03091422 0.03080839 0.03070738 0.04829365 0.03059674 0.0305294 0.03046687 0.03357778 0.03026965 0.03017344 0.03011091 0.03003394 0.03498512 0.03695885 0.03789041 0.05415311 0.05916682 0.0505251 0.04837338 0.04323941 0.0375152 0.03538755 0.03429725 0.05290648 0.03420105 0.03409041 0.03402788
0.02804459 0.02832854 0.02463898 0.02457645 0.02427555 0.02451024 0.02445139 0.02438886 0.02439622 0.02442932 0.02440358 0.02435576 0.02430427 0.0242307 0.02416449 0.02415714 0.02409829 0.02407622 0.0240615 0.02397323 0.02390334 0.0238592 0.02356186 0.02352909 0.02352181 0.03195696 0.0234417 0.02343078 0.02337616 0.02332154 0.02329241 0.02635703 0.02709497 0.02704399 0.03163289 0.02311399 0.02313584 0.02311035 0.02311035 0.02302296 0.03239271 0.03072662 0.03064485 0.03058712 0.03053902 0.03046206 0.04802428 0.03027927 0.03021673 0.03013496 0.03002432 0.02994255 0.02988483 0.0514811 0.04798177 0.03872094 0.0603509 0.0702234 0.0752371 0.06630097 0.0621226 0.03988196 0.03782645 0.03515665 0.03509893 0.03399421 0.03391724 0.05049501
0.02431197 0.02824394 0.02454703 0.02447714 0.02444771 0.02438518 0.02557825 0.02432266 0.02430794 0.02432633 0.02427852 0.02426013 0.02419024 0.02417185 0.02408358 0.0240284 0.02397691 0.02639983 0.03249759 0.02384817 0.02377828 0.0237415 0.02342714 0.02339801 0.02335431 0.03180403 0.02329969 0.02329241 0.023256 0.02320866 0.02315404 0.02622231 0.04032004 0.03542453 0.02303388 0.02300475 0.02299747 0.0229829 0.02291736 0.02288823 0.03061117 0.0305775 0.03047649 0.03040915 0.03032256 0.03188764 0.03022154 0.03018306 0.03007724 0.02994736 0.02824278 0.02975976 0.02967318 0.02957697 0.05220582 0.03651631 0.04155889 0.04758592 0.07331727 0.06713631 0.04534762 0.03915223 0.03606415 0.0461988 0.0461555 0.04504598 0.03376813 0.03266822
0.02449921 0.02567389 0.02442932 0.02438518 0.02435944 0.02433369 0.02426748 0.02421967 0.02422702 0.02420127 0.0241976 0.02413139 0.02409461 0.02406518 0.0239953 0.02392173 0.02388127 0.0238261 0.02376357 0.02370472 0.02362748 0.02358702 0.02329969 0.02324507 0.02321958 0.0243934 0.02318317 0.0231686 0.0231067 0.02305937 0.02303024 0.02299019 0.03534442 0.02679639 0.02293921 0.02290644 0.02287366 0.02286638 0.03058231 0.03052459 0.03049092 0.03042838 0.03033699 0.03025041 0.03019749 0.03013015 0.03006762 0.02998103 0.02991369 0.02983191 0.02974052 0.02961545 0.04717286 0.02943747 0.03440308 0.03637201 0.0423798 0.0494827 0.07008007 0.06695352 0.0441948 0.04005973 0.04712073 0.03383066 0.0337537 0.044868 0.03359015 0.03248062
0.02438886 0.02437415 0.02431162 0.02425277 0.02424174 0.02421967 0.02417185 0.02410932 0.02409093 0.02408725 0.02406518 0.02399897 0.03256012 0.02391805 0.02389967 0.0238261 0.02378564 0.02369736 0.02364955 0.03212242 0.02351713 0.02348035 0.02341047 0.02311763 0.02332219 0.02328908 0.02327437 0.02299019 0.02298654 0.02296105 0.02289551 0.02287002 0.02595286 0.02285546 0.02278627 0.02278992 0.0239965 0.02393824 0.03200309 0.03038509 0.0303418 0.03026003 0.03016863 0.03013496 0.03006762 0.02992812 0.02990888 0.02983672 0.02976938 0.02968761 0.02957216 0.02947114 0.03608361 0.02926911 0.03325507 0.03519033 0.03815333 0.06287617 0.06991653 0.0456733 0.03991542 0.04905117 0.0347093 0.03464676 0.03356609 0.03346508 0.03343141 0.04357087
0.02430427 0.02428955 0.03772597 0.02419024 0.02413139 0.02409829 0.02406518 0.02403576 0.02401736 0.02400633 0.02396219 0.02388495 0.0238592 0.02381139 0.023793 0.02373047 0.02484629 0.02355759 0.02350242 0.0234546 0.02338104 0.02331115 0.02327069 0.02324495 0.02323391 0.02315667 0.0231677 0.02310518 0.02284089 0.02283725 0.02303161 0.02274986 0.02269888 0.02268796 0.02267339 0.02386541 0.02265155 0.02262242 0.03027446 0.03022154 0.03016863 0.03011572 0.0300147 0.02994736 0.03399585 0.03389965 0.03382749 0.03376495 0.0295914 0.02951444 0.03609804 0.04565207 0.03592006 0.03582385 0.04534902 0.03563625 0.05363118 0.05558568 0.03888766 0.03880589 0.0377637 0.03464196 0.03350356 0.03340736 0.03335444 0.03229783 0.03224011 0.03216314
0.02420863 0.02420863 0.02412036 0.02407254 0.02405047 0.02398058 0.0239438 0.02393277 0.02391805 0.03739125 0.0238592 0.02378932 0.02373414 0.02371208 0.02363851 0.02359437 0.02353184 0.02591799 0.02340678 0.02331483 0.0232523 0.02320448 0.02316403 0.02314196 0.02307575 0.02304632 0.02303897 0.0230169 0.02295069 0.02291759 0.02292494 0.02286977 0.022586 0.02257872 0.02254595 0.0225241 0.02249862 0.03016382 0.03012534 0.03006281 0.02998103 0.02994255 0.02986559 0.02978862 0.03379863 0.02971166 0.03368318 0.03360141 0.03453777 0.03448485 0.03434536 0.04545966 0.04537789 0.04525282 0.04520471 0.05152757 0.05247355 0.05238697 0.03569376 0.03560717 0.0354773 0.04564562 0.0333304 0.04987929 0.032192 0.02806655 0.03922895 0.03914237
0.02409829 0.02405783 0.02401001 0.02398058 0.02392541 0.02389967 0.02382978 0.02384449 0.03238357 0.02378932 0.02373047 0.03225483 0.02364219 0.02356127 0.02353184 0.02347667 0.02342518 0.02334058 0.02328173 0.0232192 0.02313828 0.02309782 0.02303897 0.02300954 0.02296908 0.02292862 0.02289552 0.02289552 0.02283667 0.02284035 0.02281092 0.02275942 0.02269322 0.02243307 0.02241486 0.03003875 0.03000508 0.02998103 0.02995217 0.02988964 0.02979343 0.02975976 0.04737489 0.02962507 0.02951925 0.02947596 0.03835437 0.03448004 0.03441751 0.05193644 0.0528728 0.04634792 0.04523838 0.0355208 0.04504116 0.03533802 0.05127744 0.03459866 0.03551097 0.03439663 0.03432448 0.03326786 0.03320052 0.04975422 0.04968688 0.04555181 0.02783085 0.02774427
0.02398794 0.02397691 0.02392173 0.02388127 0.02381139 0.02380035 0.02375989 0.0237415 0.0237084 0.02366794 0.02361644 0.02358334 0.02352449 0.02348035 0.02586281 0.02339207 0.02330012 0.02323391 0.03174724 0.02310518 0.02302425 0.02299115 0.02291023 0.0228992 0.02287345 0.02279621 0.02274103 0.02272264 0.02271529 0.02271896 0.02267483 0.02261965 0.02258655 0.02232019 0.02351949 0.02986078 0.02981748 0.03142105 0.02978862 0.02972609 0.02967318 0.02963469 0.02951925 0.02949519 0.02939418 0.02934127 0.0333657 0.02924025 0.03585752 0.03673135 0.03668325 0.04622285 0.03483436 0.03477183 0.05134478 0.03357572 0.05109465 0.05206949 0.03334001 0.03224011 0.04980714 0.03202845 0.03198997 0.02783566 0.0494608 0.03177832 0.03173984 0.02757109
0.03246082 0.0238592 0.0238261 0.023793 0.02372679 0.0237084 0.02366426 0.02357598 0.02355759 0.02352449 0.02351713 0.03202679 0.02335897 0.02332954 0.02328541 0.02324127 0.03177667 0.0231346 0.02309414 0.02300954 0.02291759 0.02286242 0.0228146 0.02275575 0.02273368 0.02267851 0.02263069 0.02257919 0.02256081 0.02259023 0.02256816 0.02372077 0.02247988 0.02217454 0.02216726 0.02968279 0.02965393 0.02963469 0.02960583 0.02957216 0.02952406 0.0294519 0.02939418 0.02930759 0.02926911 0.02918253 0.02911038 0.02907189 0.03304342 0.03559296 0.03550157 0.03643792 0.03467562 0.03358053 0.05118123 0.03341698 0.03330634 0.03325343 0.0331476 0.0279944 0.02791743 0.02778275 0.02769135 0.02767211 0.02759034 0.02755185 0.02747489 0.0386421
0.02379667 0.02373783 0.02371208 0.02366794 0.02363483 0.02356495 0.02353552 0.02349506 0.02343989 0.02343989 0.0233884 0.02331483 0.0257304 0.02568994 0.02318242 0.02311989 0.02307943 0.02299851 0.02293598 0.0228992 0.02286609 0.02276678 0.02270793 0.02265644 0.02263069 0.02256816 0.02251667 0.02250195 0.02246149 0.02240264 0.02240264 0.02360307 0.02234011 0.02229229 0.02326461 0.02950482 0.02949039 0.02946633 0.02944709 0.02936532 0.04699489 0.0292643 0.02921139 0.0291681 0.02909595 0.02905265 0.02899493 0.02891797 0.04642727 0.02873999 0.0503507 0.02853796 0.03248543 0.03240846 0.03334001 0.03327748 0.03417055 0.03313798 0.02793186 0.02782604 0.03895476 0.02765287 0.02915061 0.02911693 0.02741716 0.02735944 0.02728729 0.02723438
0.02367897 0.02368633 0.02361644 0.02360909 0.02354288 0.02349874 0.02343253 0.02341782 0.03194219 0.02330747 0.02329644 0.02564212 0.02315667 0.02311253 0.03165161 0.02300587 0.02294334 0.02290287 0.02281092 0.02278149 0.02272632 0.02266747 0.02261598 0.02256816 0.02251667 0.02245414 0.02240264 0.02236586 0.02232172 0.02228862 0.02227758 0.02224816 0.02219298 0.02214885 0.02311895 0.03098331 0.02933646 0.02927873 0.02924987 0.02921139 0.0291681 0.02909595 0.02904784 0.03057925 0.02896126 0.02889872 0.02883619 0.02878328 0.02864859 0.02858125 0.02848985 0.02837441 0.02828782 0.03229783 0.03218719 0.03210061 0.03302735 0.03453952 0.02935744 0.02768173 0.02917466 0.0291025 0.02901111 0.02731134 0.02726324 0.02720552 0.1160861 0.1156505
0.02360173 0.02355024 0.02352081 0.02349874 0.02342886 0.03199736 0.02332219 0.02328908 0.02327805 0.03175828 0.02311621 0.02551706 0.02305368 0.02298747 0.02297276 0.02286609 0.02281092 0.02279253 0.02270425 0.02266747 0.02262333 0.02256816 0.02251299 0.02246517 0.02239161 0.02236218 0.02229597 0.02226287 0.02220034 0.02215621 0.02213413 0.02209368 0.02204954 0.02201275 0.05701068 0.05699232 0.05686382 0.02906709 0.02906709 0.02903822 0.02898531 0.02893721 0.02887467 0.02882657 0.02874961 0.02870631 0.02869669 0.02861011 0.02847542 0.03961858 0.02989619 0.03230264 0.03220162 0.02802807 0.03202845 0.0278549 0.02777794 0.02767692 0.04522471 0.02909769 0.03865654 0.02893895 0.02722476 0.02716704 0.02709488 0.02699387 0.02697943 0.1151556
0.02353552 0.02348403 0.02342886 0.02334794 0.02333322 0.0232523 0.02320816 0.0231677 0.02312356 0.0255612 0.03160012 0.02540304 0.02291759 0.02289184 0.02284402 0.02525223 0.02270425 0.02266747 0.02258655 0.02256448 0.02250195 0.02245781 0.02237689 0.02235115 0.02229597 0.03571032 0.02218195 0.02210471 0.02209735 0.02205321 0.02196862 0.02195758 0.02193551 0.02190976 0.05666188 0.05657927 0.05655174 0.05641405 0.02887467 0.0288891 0.0563039 0.05620294 0.05605607 0.05601935 0.03021367 0.02858606 0.02848985 0.03406975 0.04360935 0.03945503 0.0281387 0.0321439 0.03207175 0.02786452 0.03185048 0.0317687 0.02760477 0.02752299 0.04506116 0.03855552 0.03847374 0.02876098 0.02709007 0.02698425 0.02692171 0.02685437 0.02841945 0.1144824
0.02339575 0.02335161 0.02331115 0.02325598 0.02317874 0.02315299 0.02311989 0.02307575 0.0230169 0.02298012 0.02290655 0.02282931 0.02277414 0.02520442 0.02272632 0.02268954 0.02263805 0.02254241 0.03600826 0.03593837 0.02238425 0.02232908 0.02225919 0.03082402 0.02215621 0.02208264 0.02207161 0.0220054 0.02194287 0.02190609 0.02184356 0.0218693 0.02181045 0.05645076 0.05624883 0.05623047 0.05613868 0.0560836 0.05606525 0.05607443 0.05590921 0.05580823 0.05576234 0.05563384 0.02842251 0.03000683 0.03340736 0.03490509 0.04447837 0.05556381 0.04326301 0.03196111 0.03187452 0.04949928 0.03172059 0.03163882 0.03155224 0.04267616 0.02888123 0.04480141 0.0270564 0.02695538 0.02691209 0.02680146 0.02833768 0.02828957 0.02659943 0.02815007
0.02324127 0.0232192 0.02319713 0.02315299 0.02309046 0.02426882 0.02297644 0.02295069 0.02288816 0.02283299 0.02277414 0.02273 0.02267483 0.02261598 0.02256816 0.02253506 0.02250931 0.02243575 0.02240632 0.02233276 0.02226655 0.02223712 0.03073574 0.02210103 0.02206792 0.03057022 0.02195022 0.02190241 0.0218362 0.02177367 0.02171482 0.02170379 0.05623047 0.05615703 0.05602853 0.05589085 0.05590002 0.05880392 0.05573481 0.08940325 0.05559712 0.05544107 0.05535847 0.05532176 0.02827339 0.03225935 0.03219681 0.03312355 0.04527523 0.04415127 0.03284456 0.03278203 0.03435673 0.03266177 0.04379531 0.05011816 0.04998829 0.04891243 0.02870325 0.04464748 0.02692652 0.02678702 0.02833768 0.02666196 0.02657537 0.02653689 0.02648398 0.02636372
0.02311253 0.02311989 0.02306104 0.02302425 0.02297644 0.03148977 0.03144931 0.02279621 0.03626941 0.02273736 0.02269322 0.02260862 0.02255712 0.0224946 0.02245414 0.02245046 0.02238793 0.02231069 0.02228862 0.02220034 0.02215621 0.03070264 0.02517834 0.02196862 0.03051505 0.02189137 0.02185091 0.02177367 0.02171114 0.02167436 0.08968779 0.05593674 0.05590921 0.05581742 0.05879473 0.05872131 0.05855608 0.05847347 0.08904526 0.08898101 0.05522078 0.05504638 0.05500049 0.05501884 0.02808579 0.03205251 0.03201883 0.03192744 0.05049818 0.05037311 0.03265696 0.03260886 0.03157148 0.05015665 0.05003158 0.04353556 0.04342011 0.04228172 0.02852527 0.04445026 0.04436849 0.03788208 0.03779069 0.02810197 0.03766081 0.02795285 0.02631081 0.02622422
0.0229838 0.02295437 0.02291759 0.0228992 0.02287345 0.02278517 0.02273736 0.02269689 0.02267115 0.02259759 0.02254241 0.02250195 0.02241735 0.02240632 0.02234747 0.0223254 0.03573975 0.02464901 0.02215621 0.02208264 0.02202747 0.02199068 0.03053712 0.03359972 0.03354087 0.02174057 0.02171114 0.02162654 0.02160448 0.05584495 0.05572562 0.05562466 0.05558794 0.05545943 0.05541354 0.05840922 0.05830825 0.05814303 0.08869646 0.08859549 0.08849452 0.05477101 0.05466087 0.05461497 0.02788857 0.02622247 0.03180237 0.02764806 0.03165806 0.03259924 0.03414989 0.03147047 0.03141755 0.03237315 0.03221441 0.03215188 0.03101349 0.0421326 0.04436849 0.03782917 0.03778107 0.03769929 0.02801058 0.02791918 0.03747802 0.0374203 0.02773639 0.02607992
0.02286609 0.02286242 0.02278149 0.02276678 0.02274472 0.02267115 0.02261965 0.02259759 0.02376859 0.02250931 0.02243942 0.02237322 0.02227758 0.02226287 0.02222977 0.02220402 0.02212678 0.02210103 0.02201275 0.0219539 0.02188034 0.02185459 0.03043413 0.03349305 0.02172218 0.02166332 0.02279754 0.02155666 0.05873967 0.05554205 0.07687896 0.05229853 0.05828071 0.06129475 0.05509228 0.05806042 0.08856796 0.08844864 0.05470676 0.05470676 0.05453236 0.05439467 0.05434878 0.05427535 0.02770578 0.02919871 0.03871426 0.02746046 0.03306922 0.03302111 0.04897977 0.04891725 0.0312492 0.03122514 0.03268439 0.03200277 0.03086437 0.03075374 0.02816931 0.02810197 0.03762714 0.02790956 0.03745878 0.03739625 0.02766905 0.02762095 0.02595004 0.02588751
0.02272264 0.02269689 0.02267851 0.0226123 0.02256816 0.02254241 0.02249092 0.02244678 0.02240632 0.02236586 0.02231804 0.0234633 0.0307762 0.02215252 0.02209735 0.02206792 0.0220054 0.02193551 0.02189137 0.02182885 0.02178838 0.0217516 0.03029804 0.03024654 0.02469282 0.02152723 0.02143896 0.05554205 0.07687896 0.0552116 0.05825318 0.05512899 0.05498213 0.08851289 0.05474348 0.05763818 0.08818243 0.05446811 0.05426617 0.05434878 0.05415602 0.05407341 0.05406423 0.05385312 0.02752299 0.02741236 0.04499863 0.03851223 0.03290567 0.0287706 0.02869844 0.0447004 0.03265554 0.03097982 0.03089804 0.03238616 0.0323092 0.101245 0.08348275 0.08337982 0.08801686 0.08280638 0.08261523 0.08237997 0.08213 0.08193886 0.0866053 0.08146834
0.02259023 0.02253506 0.02254977 0.02249092 0.02245414 0.02242471 0.02234747 0.02230333 0.02228494 0.02223345 0.02217827 0.02214149 0.03557423 0.02202379 0.02443567 0.02191344 0.02186563 0.02181413 0.02177367 0.02172585 0.02168907 0.02163022 0.02155666 0.02464868 0.02147206 0.02139482 0.02132125 0.0888984 0.08885251 0.07640166 0.05495459 0.07623643 0.05778505 0.09597205 0.06523504 0.0651249 0.05417438 0.05411931 0.05393573 0.05388065 0.05378886 0.05369707 0.05360528 0.05349514 0.0273402 0.02885718 0.04482065 0.04956399 0.02866958 0.02860704 0.0285397 0.02846274 0.0444214 0.08458553 0.08433557 0.07915448 0.08866382 0.08346804 0.08311515 0.082924 0.08257111 0.08239467 0.08205648 0.08186533 0.08160066 0.08139481 0.08120366 0.0809537
