02_Processed_Data/Guangdong-driving/POP/1995/gd-pop-95-txt.txt
ncols         755
nrows         605
xllcorner     491130
yllcorner     2101946
cellsize      1000
NODATA_value  -9999
[rows 210 to 239 of 605, columns 408 to 475 of 755]
0.05082536 0.05080805 0.05083689 0.04963369 0.04836707 0.04352547 0.04354853 0.04347358 0.01643769 0.01838445 0.01837299 0.01834779 0.01835467 0.02368084 0.02174096 0.01638958 0.01883734 0.02466911 0.02515637 0.02564134 0.01981186 0.02469202 0.01885797 0.0164102 0.01640561 0.01643998 0.01642624 0.02371063 0.01883505 0.01837299 0.0164354 0.01642394 0.021757 0.01642624 0.02484897 0.01642165 0.01642165 0.01640791 0.01636666 0.0163827 0.01638041 0.01634146 0.01633229 0.01708237 0.01858483 0.01706405 0.01704113 0.01704571 0.01700447 0.02158744 0.01699531 0.01622231 0.02152787 0.01618794 0.01615358 0.01611004 0.02825915 0.03729575 0.03727637 0.0413975 0.05045734 0.04222172 0.04298781 0.04300331 0.03309599 0.03234152 0.03149016 0.02948919
0.05462953 0.06426973 0.05080229 0.04961063 0.04841897 0.04835553 0.04353124 0.04347934 0.04351971 0.02371979 0.01836383 0.01835467 0.01833862 0.01833633 0.01641249 0.01834091 0.02952636 0.01960575 0.02466224 0.02514721 0.01931315 0.02418872 0.01887171 0.01835237 0.01639645 0.01641478 0.01641249 0.01834321 0.01882818 0.01881901 0.01833633 0.01640561 0.01640561 0.01640561 0.01640103 0.01638041 0.02173179 0.01638499 0.0163575 0.01633229 0.01633688 0.01629563 0.0162773 0.02162869 0.02163327 0.01700218 0.01700447 0.01699531 0.01699989 0.01620398 0.0161742 0.01615128 0.01616045 0.01613983 0.01688303 0.02818551 0.03724924 0.02816226 0.03720661 0.04049188 0.04132386 0.03225238 0.03308435 0.03563357 0.03222525 0.03227176 0.03224075 0.03140878
0.0642236 0.06299157 0.04953567 0.04964523 0.06187488 0.04841897 0.04843627 0.04349087 0.04345627 0.01834779 0.01837299 0.01641936 0.01641707 0.01641707 0.01713966 0.01833175 0.01879381 0.0295172 0.02419789 0.0241681 0.01805977 0.02371292 0.01835467 0.01834091 0.0164102 0.01639416 0.01641249 0.01831571 0.01880068 0.01831342 0.01638041 0.01636208 0.01637124 0.01636208 0.01635063 0.01635291 0.01635063 0.01632084 0.0163048 0.01630022 0.01781413 0.01626814 0.02158744 0.01626126 0.01623835 0.01624523 0.01699072 0.01696094 0.02152787 0.02152558 0.01613753 0.01615128 0.0161215 0.02825528 0.02819327 0.03716785 0.02815451 0.03712521 0.028108 0.0281235 0.0313739 0.03394249 0.03219424 0.03217874 0.03346304 0.03215548 0.04121145 0.04037173
0.05079075 0.04950684 0.0495472 0.06302041 0.06304924 0.06179992 0.06181145 0.04838437 0.04345627 0.04342744 0.04348511 0.01640103 0.01641249 0.01639874 0.01636437 0.01830426 0.01878923 0.02950574 0.02417268 0.02369459 0.01835237 0.02370146 0.01640332 0.01640332 0.01639416 0.01639187 0.01636437 0.01634833 0.01828363 0.01635063 0.01635063 0.01634375 0.01632313 0.01634375 0.01630709 0.01630022 0.01631167 0.01631396 0.01629793 0.01629105 0.01627501 0.01625668 0.01623606 0.01621315 0.01620169 0.01621544 0.01619023 0.01694032 0.0161467 0.01614212 0.01611692 0.01611692 0.01610317 0.02816614 0.04234768 0.03716397 0.02808862 0.02804598 0.02802273 0.02805374 0.02801498 0.03128862 0.03125374 0.03124212 0.03205859 0.04109906 0.04104867 0.0501279
0.04954143 0.06297428 0.05141758 0.05145217 0.07643596 0.06302617 0.04838437 0.05026628 0.05690066 0.04346204 0.04339861 0.04337555 0.01639416 0.01640332 0.01832946 0.01830197 0.02365105 0.02366251 0.02369 0.02174325 0.01639416 0.01639187 0.01832946 0.01638958 0.01637354 0.01637124 0.01635063 0.01708467 0.01751064 0.01633229 0.01631167 0.0163048 0.01631396 0.01631625 0.01629105 0.01628188 0.01624293 0.01627043 0.01626126 0.01625668 0.01624981 0.01624523 0.01620169 0.01619023 0.01620627 0.02150725 0.01616045 0.0161467 0.0214683 0.016094 0.01608713 0.01607796 0.01605963 0.028139 0.02811575 0.03711746 0.02807699 0.02801886 0.02796072 0.02794521 0.02794909 0.02791033 0.02789095 0.03115297 0.03200433 0.04099442 0.04093628 0.04097891
0.06293391 0.0494953 0.06297428 0.06292238 0.04827481 0.06173649 0.04351394 0.04340438 0.04338131 0.04343898 0.04341014 0.04339861 0.01637354 0.01638958 0.01639416 0.01832258 0.02367855 0.02368313 0.02369229 0.02173867 0.01639416 0.0163827 0.01640332 0.02172721 0.01711904 0.01710071 0.01711216 0.01630022 0.01825843 0.0163048 0.0163048 0.01629563 0.01630251 0.01629793 0.01628647 0.01625439 0.0162269 0.01621315 0.01623148 0.01622919 0.0161994 0.0162269 0.01694948 0.01616732 0.01616274 0.0161467 0.01611004 0.01611462 0.01607796 0.01608255 0.01602984 0.01606651 0.028108 0.02806149 0.03711359 0.02799173 0.02798785 0.0279956 0.02789483 0.02787158 0.02790258 0.02785607 0.02783282 0.02781344 0.03193456 0.03186867 0.03183379 0.04086263
0.05187285 0.06414287 0.06296275 0.04950106 0.05208476 0.04828634 0.0434678 0.04343321 0.04332365 0.04721432 0.04339861 0.04336978 0.04334671 0.04336978 0.01635979 0.01637354 0.01639645 0.01639645 0.01640332 0.01792181 0.01639645 0.01640103 0.02367167 0.02363043 0.01633917 0.01631854 0.017103 0.0182401 0.01823093 0.01628876 0.01628418 0.01624981 0.01624981 0.01624752 0.01623606 0.01621773 0.01619023 0.01620169 0.01618565 0.0161994 0.01617878 0.01617878 0.01615816 0.01688533 0.01610775 0.01610775 0.01609171 0.02143622 0.01605505 0.01604817 0.01603672 0.01602068 0.02804211 0.02931091 0.02931866 0.02798785 0.02794134 0.02797235 0.02784444 0.02783282 0.02781731 0.02777468 0.02776305 0.02769716 0.02770879 0.03098244 0.03997253 0.03352002
0.05188439 0.05311065 0.05073886 0.04951837 0.04823444 0.04336978 0.04336978 0.04336978 0.04333518 0.0472028 0.04527475 0.04332365 0.04333518 0.04331788 0.04814795 0.04821715 0.05205016 0.01638499 0.01640332 0.02175242 0.01636666 0.01638041 0.02718905 0.01875944 0.01826301 0.02164931 0.02164931 0.01628647 0.01628647 0.01624523 0.0162269 0.01699302 0.0162246 0.0162269 0.01620627 0.01619482 0.01616503 0.01615816 0.01613524 0.0161467 0.01616503 0.01611692 0.01610775 0.01611004 0.02813125 0.02813513 0.01605047 0.01603443 0.01602297 0.01599548 0.01600006 0.02800723 0.0279801 0.0279801 0.02796459 0.02796459 0.02791033 0.0278677 0.02780956 0.02777468 0.02773592 0.02771267 0.02767391 0.02765453 0.02763127 0.02761577 0.03345026 0.03341926
0.06776398 0.05309911 0.05433114 0.05067543 0.04822868 0.04331212 0.04335825 0.04333518 0.04327175 0.04331212 0.04329482 0.04326598 0.04331212 0.04332365 0.06163269 0.05205593 0.06162116 0.04332941 0.04336401 0.05680839 0.04823444 0.01878464 0.0187686 0.01925128 0.01873653 0.02358461 0.01821718 0.01628876 0.02467025 0.0162269 0.01621773 0.01619482 0.01618107 0.01620856 0.01617649 0.01614899 0.01612379 0.01611692 0.01611004 0.0214683 0.01610775 0.01608255 0.01608025 0.02815063 0.02807699 0.02806536 0.02804986 0.02801886 0.01597486 0.0159634 0.0279801 0.02797235 0.02792584 0.0278832 0.0278832 0.02786382 0.02782506 0.02777468 0.0277708 0.02645162 0.02899697 0.02893108 0.03668725 0.02633148 0.03662136 0.0417353 0.04502057 0.0341931
0.07268054 0.07145428 0.05747966 0.05191898 0.06167883 0.04819408 0.05674496 0.04327175 0.04324869 0.04327752 0.04326022 0.04323139 0.04325445 0.04321986 0.04327175 0.06161539 0.05672766 0.04328905 0.04332365 0.04332941 0.04814795 0.01922837 0.01921691 0.02504181 0.01966522 0.01966293 0.02403292 0.02353191 0.01626356 0.0161994 0.01621773 0.01618794 0.01616045 0.0161467 0.01613524 0.01612837 0.01611004 0.01608025 0.01607796 0.01607109 0.01605734 0.01605276 0.02813513 0.02807312 0.02804211 0.02800335 0.0280111 0.02801886 0.01672723 0.01670661 0.0278832 0.0278832 0.02786382 0.02782119 0.02776305 0.02776305 0.02777468 0.02770104 0.02768554 0.02768554 0.0276274 0.03660586 0.04182445 0.03341926 0.04585643 0.04063784 0.04058746 0.04656438
0.07148888 0.07143121 0.0690479 0.05187862 0.06164999 0.06285895 0.04331788 0.04325445 0.04326022 0.04321986 0.04327752 0.04323139 0.04324869 0.04323715 0.04324292 0.04322562 0.04326598 0.04327752 0.04713937 0.01634604 0.01875257 0.01920317 0.02502119 0.02500286 0.0201227 0.02496849 0.01912755 0.01814845 0.01620169 0.02152558 0.0161719 0.01614212 0.01612837 0.01612608 0.01608025 0.01609171 0.01604589 0.01602068 0.01602984 0.01603672 0.02807699 0.02806924 0.02803824 0.02799947 0.02799947 0.02797622 0.02794134 0.02792971 0.02791421 0.02785607 0.02782119 0.02778631 0.02774755 0.02770492 0.02640899 0.02772429 0.02766616 0.0276274 0.02759639 0.02760027 0.03662524 0.03007197 0.04172367 0.03979423 0.0405952 0.04570527 0.04565489 0.03485454
0.06901906 0.07021649 0.06772362 0.06411981 0.06284741 0.07053074 0.06931026 0.06928142 0.04326022 0.04327175 0.04326022 0.04323139 0.04811335 0.04810182 0.04121686 0.04320256 0.04128605 0.04328905 0.04329482 0.02361897 0.0182401 0.02356169 0.01868154 0.02497994 0.0200975 0.0195919 0.01910922 0.01810491 0.01810949 0.01615128 0.01613295 0.01610087 0.0214408 0.01606651 0.01604359 0.01602984 0.0160161 0.01597714 0.02799947 0.02799947 0.02799947 0.02799173 0.03699731 0.04217327 0.02793359 0.0278987 0.02791033 0.0278677 0.02782894 0.02782119 0.02775918 0.03674539 0.036695 0.02762352 0.02763127 0.03668338 0.02757701 0.02753438 0.02755764 0.0313834 0.03074989 0.03461829 0.04492368 0.0397516 0.04056808 0.04049831 0.04642485 0.0464326
0.06653196 0.05184402 0.050612 0.04940881 0.06283589 0.06934486 0.06934486 0.0567392 0.04323715 0.04323139 0.04809029 0.06154043 0.04814219 0.04734237 0.07007979 0.04315643 0.04325445 0.05666424 0.04320832 0.01824927 0.02355711 0.01818282 0.01941558 0.01912297 0.02036031 0.02441707 0.02392294 0.01883666 0.01805221 0.01610775 0.01609629 0.01608255 0.01605505 0.01603214 0.01602755 0.01599548 0.02801886 0.03701282 0.02795297 0.02790646 0.02790258 0.02791033 0.0278832 0.02783282 0.0278677 0.03689655 0.02784057 0.02779018 0.0277708 0.02774755 0.02767391 0.02765066 0.02763515 0.02756151 0.02756926 0.03657098 0.0365981 0.03655935 0.02876442 0.0315276 0.04053319 0.04050994 0.04047894 0.04046343 0.04049056 0.04042467 0.04634733 0.04799966
0.05071003 0.05132531 0.06288201 0.0493915 0.0615981 0.04811335 0.06160386 0.04324292 0.04320832 0.04317373 0.04806146 0.04925888 0.05116386 0.04732508 0.04804416 0.04798649 0.04807876 0.04317373 0.043093 0.043093 0.01626585 0.01815532 0.01814616 0.01861738 0.02010379 0.01856468 0.01855322 0.01804076 0.01801555 0.01609629 0.01605047 0.01602297 0.01599089 0.01599548 0.0279801 0.02795297 0.03696631 0.02791421 0.02790646 0.02791033 0.02788708 0.02785607 0.02780569 0.02777856 0.02774367 0.02775918 0.0277398 0.02771654 0.02767779 0.02761577 0.02761964 0.02758477 0.02753826 0.02752663 0.02744136 0.03648183 0.02745299 0.03647796 0.02869078 0.04133029 0.04645586 0.04128766 0.04122564 0.04121401 0.04039754 0.03212703 0.04708241 0.04275006
0.07176854 0.04941458 0.04936844 0.05126765 0.05124459 0.06276669 0.04932231 0.04934538 0.04809029 0.06918339 0.04923005 0.06390645 0.06631283 0.05478496 0.05233822 0.05111196 0.0479692 0.0479519 0.0430411 0.04298921 0.04298921 0.04287388 0.0161719 0.01614212 0.01611462 0.02145455 0.01609858 0.01608942 0.01606422 0.01605963 0.01602068 0.01601839 0.0159634 0.02797235 0.02790258 0.02788708 0.0291365 0.02785607 0.02780181 0.02780181 0.03685391 0.02783669 0.0277553 0.02771267 0.02770492 0.02767779 0.02766228 0.02764678 0.02758864 0.03660198 0.02752275 0.03652834 0.02743749 0.0274181 0.02738323 0.02736385 0.02736772 0.03967021 0.04044792 0.04207699 0.04286246 0.05190294 0.04796477 0.04115975 0.03255222 0.03120591 0.0311594 0.04184058
0.05057739 0.04861476 0.05058317 0.05127342 0.05127918 0.06274363 0.07618801 0.07618225 0.07614764 0.04921852 0.06265713 0.06625517 0.0578643 0.05599393 0.05351258 0.05040441 0.04915509 0.04787117 0.04780775 0.04289694 0.05637015 0.04279315 0.01613753 0.01612608 0.0214408 0.01606651 0.01605047 0.01604589 0.01603901 0.01601152 0.01596569 0.02796847 0.02794134 0.02791033 0.02785607 0.03686941 0.02907836 0.0277708 0.02774367 0.02773592 0.02775142 0.02774755 0.02771654 0.02767004 0.03663686 0.02757701 0.02758089 0.02752663 0.02751888 0.03653222 0.02746462 0.03647408 0.0273716 0.02736772 0.02735997 0.02734447 0.0272902 0.03627642 0.04938763 0.04719093 0.04275782 0.04278882 0.04191421 0.04187546 0.03376676 0.040165 0.03107414 0.03108964
0.05057739 0.07744309 0.06526534 0.06399295 0.06395258 0.06270327 0.06272056 0.06270327 0.04727894 0.04723858 0.06504045 0.06627823 0.08088544 0.07640255 0.05160183 0.05038135 0.04596043 0.04783657 0.04481922 0.05628942 0.04277009 0.04268359 0.04266053 0.01610087 0.01607796 0.02138581 0.01601839 0.01600693 0.01599319 0.02798785 0.02794909 0.02792584 0.0278832 0.02784057 0.02782119 0.02776305 0.02772817 0.02771267 0.02768166 0.02761964 0.02765453 0.0276429 0.02765841 0.02761577 0.02755376 0.02752663 0.02748787 0.02744911 0.02744136 0.02743749 0.02735997 0.02734834 0.02733671 0.02731346 0.02726695 0.02726695 0.03046696 0.0446485 0.03255222 0.03335319 0.04106674 0.03538808 0.0410396 0.03194487 0.03112065 0.03019953 0.03021115 0.03017628
0.07165897 0.06391799 0.06521343 0.06516731 0.04975453 0.05043324 0.06385455 0.06263407 0.07608998 0.04910896 0.05030061 0.07389237 0.07506673 0.05522295 0.05032368 0.05103123 0.06254181 0.04778467 0.04286235 0.04279315 0.04266629 0.04260287 0.04253367 0.04250484 0.01602984 0.01601381 0.01599548 0.01597027 0.01594736 0.02795684 0.02793746 0.02792584 0.02784057 0.02777856 0.02775918 0.02770104 0.02767391 0.02767779 0.0276274 0.02759639 0.02758477 0.02756539 0.02754601 0.02752663 0.0274995 0.02745299 0.02742198 0.02737547 0.02740648 0.02738323 0.02729796 0.0272747 0.0272437 0.03625704 0.03950355 0.03951905 0.04026577 0.04026577 0.04025026 0.04019988 0.04097759 0.04096596 0.03189061 0.03187511 0.0269065 0.02688712 0.02684836 0.02680961
0.05050821 0.06393528 0.05363943 0.05168256 0.05163643 0.06505198 0.05350104 0.05351835 0.06254757 0.04901093 0.05025448 0.05456584 0.06733727 0.06739493 0.05219983 0.05099664 0.06887201 0.04963775 0.04273548 0.04266053 0.04258556 0.04249907 0.04247024 0.01600693 0.01600693 0.01599089 0.01594965 0.0159359 0.02789095 0.02790258 0.02787933 0.0278832 0.02781344 0.02772817 0.02767779 0.04184769 0.03666012 0.03664074 0.03659036 0.02754213 0.02753438 0.02747624 0.02745686 0.02744136 0.02739485 0.02739485 0.0273871 0.02733284 0.0272902 0.02730958 0.02721656 0.02717006 0.03620277 0.03618339 0.04542621 0.04020762 0.04020762 0.02985573 0.04017275 0.03106638 0.04007585 0.03099275 0.03099662 0.03014139 0.02811329 0.03066638 0.02932007 0.02800476
0.04919545 0.06267443 0.06391799 0.06385455 0.0528108 0.066284 0.0821117 0.0533641 0.05273584 0.05017953 0.06365851 0.0501507 0.05329346 0.052171 0.04900517 0.05095627 0.04959739 0.04275855 0.04264899 0.0474906 0.05123711 0.04626289 0.04242411 0.01597027 0.0213102 0.01596569 0.01592903 0.02431739 0.02780956 0.02782119 0.02779794 0.02777468 0.0277553 0.02767004 0.0276429 0.03666788 0.03989113 0.03162837 0.03077314 0.02748787 0.02746074 0.02739098 0.0273716 0.02736385 0.03641207 0.02729408 0.02988593 0.02728245 0.0272437 0.03622991 0.02715843 0.02707704 0.02706153 0.0412857 0.03114002 0.04531769 0.03109352 0.04011073 0.03019565 0.02687937 0.03589659 0.02684836 0.02680573 0.04099502 0.02672822 0.03055398 0.02795438 0.02791175
0.06262253 0.04733085 0.04917815 0.05034675 0.05275314 0.05521718 0.05707603 0.06983592 0.06733727 0.06361236 0.05199224 0.06353164 0.04889561 0.0489129 0.04893596 0.04894174 0.04764052 0.0426317 0.0474733 0.0685491 0.04730031 0.04727147 0.04232031 0.02130103 0.01593361 0.01593132 0.0158855 0.01587404 0.02906285 0.0277708 0.02775918 0.02771267 0.02768554 0.03668338 0.02759639 0.03986788 0.03982912 0.03157799 0.03070726 0.02741035 0.02737547 0.02730183 0.02730571 0.02728245 0.02725145 0.02723207 0.02720106 0.02720881 0.03620277 0.02711192 0.02705766 0.02697627 0.0270189 0.03110902 0.03104313 0.04007585 0.0400681 0.03099662 0.03918186 0.03589271 0.02678247 0.02937432 0.02804352 0.02668558 0.02662744 0.02790787 0.02658093 0.0278226
0.04912626 0.04915509 0.04918969 0.04912626 0.05459468 0.0686039 0.06854046 0.0832111 0.05572867 0.06475213 0.04999501 0.04878028 0.04882641 0.04883794 0.04884947 0.04884371 0.04756556 0.0425798 0.04739833 0.04731761 0.04729454 0.04717921 0.04715039 0.01591528 0.01590153 0.02125292 0.02122771 0.01586717 0.0277398 0.02771267 0.02767004 0.03670275 0.02761189 0.0308933 0.03209233 0.04062233 0.04060296 0.03153535 0.03066462 0.03636169 0.0272902 0.0272437 0.02723207 0.02720493 0.02715068 0.03620665 0.02712742 0.02710029 0.02706541 0.0270344 0.03601286 0.02694914 0.02693751 0.03924 0.0318441 0.03177046 0.04000221 0.03093849 0.03004062 0.02671659 0.02670496 0.02670108 0.02663519 0.02659256 0.02658093 0.02654218 0.02650342 0.02648792
0.04913203 0.04909742 0.04906283 0.06248415 0.06489053 0.05383524 0.0685001 0.05378333 0.06719311 0.05125586 0.04993734 0.04867649 0.04872839 0.04878028 0.04873991 0.04873991 0.04864765 0.04854963 0.06844531 0.04844583 0.04842277 0.04712732 0.04706965 0.04214156 0.01586258 0.01587633 0.01584654 0.01582134 0.01580072 0.02769716 0.02761577 0.03665237 0.02883418 0.03983299 0.04062621 0.04057971 0.05041727 0.03230144 0.03143071 0.02727858 0.02720881 0.02718556 0.0271623 0.0271623 0.02711967 0.0270499 0.0270344 0.02828382 0.04120431 0.02691038 0.02819855 0.02688325 0.02681736 0.03089973 0.0309191 0.03090748 0.03086097 0.02999411 0.02998248 0.02664295 0.02661194 0.02661582 0.02658093 0.02651892 0.02650342 0.02647629 0.02643365 0.02966854
0.0490686 0.04908013 0.06250144 0.06246108 0.05331653 0.05135965 0.05252825 0.05244176 0.06584 0.06464257 0.04993734 0.04869955 0.04864765 0.04864765 0.04865342 0.04862459 0.04852656 0.04727147 0.04724264 0.04839393 0.04834781 0.04702353 0.04700046 0.0420839 0.02778243 0.02775918 0.0158305 0.01579155 0.01579384 0.02761189 0.02755764 0.03081965 0.02750725 0.03203419 0.03408457 0.03358187 0.04134967 0.0322433 0.0404363 0.02724757 0.02719718 0.02715843 0.02707704 0.0270344 0.03605937 0.0282877 0.02694914 0.02692976 0.02688712 0.02682899 0.03585783 0.03586946 0.02678635 0.03213364 0.03081833 0.03079895 0.02995535 0.02988946 0.02657706 0.02654605 0.02651117 0.02650342 0.02648404 0.02774121 0.02638714 0.02634451 0.02634451 0.02632126
0.0489994 0.0490167 0.05018529 0.05017953 0.05321273 0.0647406 0.06594956 0.0658573 0.05038685 0.05111171 0.04984508 0.04984508 0.05181925 0.04985661 0.03299908 0.03211673 0.0321051 0.03123049 0.04711578 0.04834781 0.04826131 0.04694279 0.04691973 0.0310522 0.03102895 0.0367764 0.03094755 0.01770623 0.01767873 0.03085066 0.02749175 0.03076927 0.02743749 0.02740648 0.03061036 0.0313997 0.03138808 0.0313687 0.03133769 0.03047858 0.02712742 0.02836521 0.02701502 0.02699177 0.02694914 0.026922 0.02688325 0.02682124 0.02679798 0.02677085 0.02672822 0.03576868 0.03902295 0.02995147 0.02991659 0.02989721 0.02658093 0.02654605 0.0265073 0.02648016 0.02643365 0.02644528 0.02639102 0.02634839 0.02631351 0.02626699 0.02625537 0.02625149
0.04893596 0.04890713 0.05012763 0.05251095 0.05490004 0.06832135 0.05677041 0.05287397 0.06815413 0.06569584 0.05101944 0.04976435 0.04976435 0.04972399 0.0329487 0.03207021 0.03207021 0.03121886 0.0337642 0.03370607 0.03110259 0.03105608 0.03098631 0.03098631 0.03098244 0.03094368 0.03087779 0.03086229 0.03081578 0.03078477 0.03071501 0.03067237 0.0286714 0.02730571 0.02727083 0.02720493 0.03050959 0.03046308 0.03043982 0.02712742 0.0412702 0.02699177 0.02697627 0.02689487 0.02688712 0.02684836 0.0267941 0.02676697 0.03000573 0.02670884 0.0357028 0.04414464 0.03891831 0.02857028 0.0298197 0.03883692 0.02980419 0.02647241 0.02641815 0.02638714 0.02636776 0.02506021 0.0250137 0.02626312 0.02623599 0.02620498 0.02615459 0.02942436
0.05012186 0.05127316 0.0512501 0.05253401 0.05731219 0.0706643 0.07182136 0.07058933 0.053933 0.066801 0.05219381 0.05092718 0.04969516 0.0496375 0.03334676 0.03202759 0.03196944 0.03198495 0.03369444 0.03109096 0.03105608 0.03096306 0.03095531 0.0309088 0.0309088 0.02760027 0.03083128 0.03079252 0.03076927 0.03071113 0.03068788 0.03063362 0.03060261 0.03053285 0.02715843 0.03042432 0.0291284 0.03038557 0.03032355 0.03030805 0.03028092 0.04439657 0.02687162 0.02685612 0.02683286 0.02678247 0.03904233 0.03000186 0.02993597 0.03976191 0.03562916 0.03112337 0.03886792 0.02981194 0.02974218 0.0297228 0.02974218 0.02966854 0.02962591 0.02630963 0.02630188 0.02755517 0.0261856 0.02618173 0.02942824 0.02941661 0.02936623 0.02935848
0.05122126 0.05363341 0.05484237 0.05485967 0.06215379 0.07674368 0.07912124 0.07787193 0.06120405 0.05624712 0.05450216 0.05400652 0.04958559 0.04953947 0.03195395 0.03193069 0.03193456 0.03187643 0.03106383 0.0310367 0.03097081 0.03090492 0.0308933 0.03083128 0.03080415 0.02749562 0.03076152 0.03072276 0.03072663 0.03064524 0.03058711 0.03055997 0.03959269 0.03047471 0.02705378 0.0303313 0.02902763 0.03030805 0.0302189 0.03924775 0.03142181 0.03012588 0.03010651 0.02678635 0.02675147 0.03079508 0.03978128 0.03076019 0.04053963 0.03065167 0.03062066 0.03056641 0.02973443 0.02641815 0.02962978 0.02634451 0.02962203 0.02958328 0.02954452 0.02620498 0.02620111 0.02616622 0.02610034 0.02733812 0.02933522 0.02934297 0.03010518 0.0305265
0.05114053 0.0523322 0.05474434 0.06487441 0.0755059 0.07782988 0.0853186 0.1095487 0.07942492 0.08012262 0.07277661 0.0543926 0.05067346 0.04942414 0.04611611 0.03186867 0.03053399 0.03179891 0.03095143 0.03226286 0.03088167 0.03084679 0.0307964 0.03074601 0.02745686 0.02737935 0.03064912 0.03062974 0.03061036 0.03140358 0.03133382 0.04034716 0.04029677 0.03249021 0.04446634 0.03024991 0.0289036 0.03016852 0.04002934 0.03224603 0.03994795 0.03988593 0.03080283 0.03079895 0.03982005 0.03975803 0.0405435 0.04049311 0.04951421 0.04044661 0.03959912 0.03178094 0.03868576 0.0295949 0.0353501 0.02626312 0.02951351 0.02944762 0.02942824 0.0261701 0.02611196 0.02610809 0.02604607 0.02730324 0.02923058 0.03002767 0.03000441 0.02996566
0.05594177 0.06080067 0.06678779 0.09866808 0.1169005 0.1205562 0.1685496 0.1697758 0.09765732 0.1011679 0.07097806 0.07024913 0.05185359 0.0505812 0.03185705 0.03179891 0.03176015 0.03432875 0.03170589 0.03085454 0.03083128 0.03078089 0.03333011 0.03326423 0.03065299 0.03190241 0.0313997 0.03051347 0.03131444 0.03212703 0.03292413 0.03289312 0.04187158 0.03193324 0.0310315 0.04003709 0.03223441 0.03089973 0.03171232 0.03119411 0.04149175 0.04062102 0.03409876 0.03069818 0.04056288 0.04135998 0.04212993 0.03349916 0.03425362 0.03129761 0.03176931 0.02957552 0.02953289 0.02950188 0.03029898 0.02944762 0.02942436 0.02940111 0.02934685 0.02605383 0.02603445 0.02601507 0.02926934 0.03003542 0.02999666 0.02993465 0.0299269 0.03071624
