02_Processed_Data/Guangdong-driving/POP/1995/gd-pop-95-txt.txt
ncols         755
nrows         605
xllcorner     491130
yllcorner     2101946
cellsize      1000
NODATA_value  -9999
[rows 270 to 299 of 605, columns 136 to 203 of 755]
-9999 -9999 -9999 -9999 -9999 -9999 -9999 -9999 -9999 -9999 -9999 -9999 -9999 -9999 -9999 -9999 -9999 -9999 -9999 -9999 -9999 -9999 -9999 -9999 -9999 -9999 -9999 -9999 -9999 0.01156999 0.03194563 0.03182139 0.03172984 0.03056799 0.03161214 0.03154348 0.03147482 0.0314127 0.03132116 0.03118711 0.03109883 0.0457613 0.03475085 0.04620811 0.04545724 0.04536569 0.04598578 0.03389195 0.04838372 0.04065287 0.03122753 0.03765921 0.02992835 0.02981392 0.02971911 0.03072076 0.02187529 0.02352548 0.02475227 0.02520673 0.02514313 0.02504393 0.02498033 0.02493964 0.02488622 0.02485061 0.02641495 0.0283016
-9999 -9999 -9999 -9999 -9999 -9999 -9999 -9999 -9999 -9999 -9999 -9999 -9999 -9999 -9999 -9999 -9999 -9999 -9999 -9999 -9999 -9999 -9999 -9999 -9999 -9999 -9999 -9999 -9999 0.01157632 0.03196524 0.03180504 0.03175273 0.03172003 0.03160233 0.03152386 0.04341499 0.03247321 0.03240455 0.03119037 0.03219857 0.04627609 0.03475085 0.03356938 0.04267935 0.03063456 0.03440756 0.03430947 0.04075423 0.0330103 0.03013106 0.03768863 0.02993162 0.02980411 0.02975507 0.0307698 0.02850167 0.02351277 0.02345426 0.02252995 0.02514059 0.02507445 0.02502358 0.02494218 0.0248735 0.02536103 0.02749686 0.03098855
-9999 -9999 -9999 -9999 -9999 -9999 -9999 -9999 -9999 -9999 -9999 -9999 -9999 -9999 -9999 -9999 -9999 -9999 -9999 -9999 -9999 -9999 -9999 -9999 -9999 -9999 -9999 -9999 -9999 0.01240328 0.01152311 0.04383349 0.03174946 0.03172003 0.03157618 0.03154021 0.03142905 0.03136693 0.03239474 0.0311773 0.03872179 0.03211356 0.03091574 0.03082419 0.03071303 0.03171142 0.03813982 0.03805481 0.03031088 0.03299395 0.03015068 0.03006567 0.02996105 0.02985643 0.02976161 0.02965045 0.02961775 0.02181933 0.02176082 0.02166924 0.02160311 0.02506682 0.02415778 0.02410691 0.02405349 0.02535594 0.02858639 0.03175069
-9999 -9999 -9999 -9999 -9999 -9999 -9999 -9999 -9999 -9999 -9999 -9999 -9999 -9999 -9999 -9999 -9999 -9999 -9999 -9999 -9999 -9999 -9999 -9999 -9999 -9999 -9999 -9999 -9999 0.01154718 0.01150664 0.03181811 0.03175927 0.03280016 0.03270861 0.0315304 0.03141597 0.03249609 0.04328094 0.0431567 0.03218876 0.03860409 0.03090593 0.03085035 0.03073919 0.03171469 0.03815944 0.03041551 0.03032396 0.03783903 0.03014414 0.0300199 0.02992181 0.02984335 0.02979431 0.02968968 0.02966353 0.02953275 0.02946082 0.02938235 0.02926138 0.02915021 0.03183002 0.03248607 0.04004036 0.03303749 0.02828698 0.03201767
-9999 -9999 -9999 -9999 -9999 -9999 -9999 -9999 -9999 -9999 -9999 -9999 -9999 -9999 -9999 -9999 -9999 -9999 -9999 -9999 -9999 -9999 -9999 -9999 -9999 -9999 -9999 -9999 -9999 -9999 -9999 0.03291785 0.03287862 0.03170368 0.04361116 0.03258437 0.04343134 0.03899315 0.03891469 0.03228031 0.03216587 0.03098767 0.03090266 0.03079477 0.03069341 0.04262704 0.03815617 0.03428005 0.03304299 0.03300703 0.03010164 0.03000682 0.02994143 0.029827 0.02979757 0.02969295 0.02964718 0.02957198 0.02947717 0.02936273 0.02924503 0.03191829 0.03181367 0.03177116 0.0323749 0.0330473 0.03713729 0.04198142
-9999 -9999 -9999 -9999 -9999 -9999 -9999 -9999 -9999 -9999 -9999 -9999 -9999 -9999 -9999 -9999 -9999 -9999 -9999 -9999 -9999 -9999 -9999 -9999 -9999 -9999 -9999 -9999 -9999 -9999 0.03189005 0.03178869 0.03175927 0.03169388 0.03157618 0.0315304 0.03254187 0.04338884 0.03894084 0.03229665 0.0321953 0.03097786 0.0309092 0.03080458 0.042663 0.03824771 0.03053648 0.03150216 0.0330855 0.03020626 0.03012125 0.03386809 0.03756112 0.03093655 0.02975507 0.03185319 0.02960795 0.02953275 0.0294837 0.02935619 0.0292483 0.03194771 0.03184636 0.03175481 0.03242394 0.03232259 0.03576307 0.03917411
-9999 -9999 -9999 -9999 -9999 -9999 -9999 -9999 -9999 -9999 -9999 -9999 -9999 -9999 -9999 -9999 -9999 -9999 -9999 -9999 -9999 -9999 -9999 -9999 -9999 -9999 -9999 -9999 0.01200247 0.03198159 0.03190313 0.0318312 0.03176254 0.03170696 0.03154348 0.03149444 0.03147809 0.03902912 0.03127211 0.03122307 0.03108248 0.03098113 0.03088959 0.03078496 0.03065091 0.04255838 0.03815944 0.04242107 0.04229029 0.04214316 0.03011145 0.03278797 0.04792926 0.03480436 0.02976488 0.02965045 0.02962429 0.02954909 0.02945428 0.02935619 0.02925157 0.0291731 0.03184636 0.03178424 0.0324076 0.03236509 0.0337197 0.03754501
-9999 -9999 -9999 -9999 -9999 -9999 -9999 -9999 -9999 -9999 -9999 -9999 -9999 -9999 -9999 -9999 -9999 -9999 -9999 -9999 -9999 -9999 -9999 -9999 -9999 -9999 -9999 -9999 -9999 0.03313037 0.0319489 0.03189005 0.0317985 0.03166445 0.03159252 0.03152386 0.03142251 0.04658016 0.03230973 0.03112826 0.03103344 0.03092228 0.03086016 0.04270551 0.03066072 0.03166237 0.03051032 0.03039262 0.03027492 0.0421922 0.03007875 0.03276182 0.03373077 0.04460717 0.03252641 0.03245448 0.04160042 0.02951967 0.02942812 0.02937908 0.02927446 0.02919599 0.02913387 0.02903251 0.03177116 0.03168615 0.03305711 0.0336674
-9999 -9999 -9999 -9999 -9999 -9999 -9999 -9999 -9999 -9999 -9999 -9999 -9999 -9999 -9999 -9999 -9999 -9999 -9999 -9999 -9999 -9999 -9999 -9999 -9999 -9999 -9999 -9999 -9999 0.01199233 0.0330094 0.03191293 0.03285246 0.03275111 0.03921548 0.0314552 0.03140943 0.03239147 0.03226723 0.03108248 0.03102036 0.03085689 0.03075226 0.03068688 0.03062802 0.03057898 0.0304809 0.03035665 0.03021607 0.03016703 0.03005913 0.04474122 0.04029323 0.04462351 0.03252641 0.0324316 0.02964064 0.02955236 0.02947062 0.02934965 0.02926138 0.0291731 0.02911425 0.02902598 0.02898674 0.03170577 0.03233894 0.03223431
-9999 -9999 -9999 -9999 -9999 -9999 -9999 -9999 -9999 -9999 -9999 -9999 -9999 -9999 -9999 -9999 -9999 -9999 -9999 -9999 -9999 -9999 -9999 -9999 -9999 -9999 -9999 -9999 -9999 0.01197967 0.03305845 0.03185408 0.03176254 0.03276746 0.03921221 0.03148136 0.03139308 0.0323457 0.03116422 0.03103998 0.03094843 0.03078169 0.03183239 0.03178988 0.03824444 0.03055936 0.03261825 0.03034358 0.03021607 0.03016703 0.03008529 0.04476737 0.04469871 0.03097251 0.0297845 0.02966353 0.02962429 0.03172568 0.02949351 0.02940524 0.0292908 0.02918945 0.02911098 0.02908809 0.0290129 0.02893116 0.02886904 0.02878076
-9999 -9999 -9999 -9999 -9999 -9999 -9999 -9999 -9999 -9999 -9999 -9999 -9999 -9999 -9999 -9999 -9999 -9999 -9999 -9999 -9999 -9999 -9999 -9999 -9999 -9999 -9999 -9999 -9999 0.01155858 0.03305845 0.03295055 0.03942146 0.03277727 0.03917952 0.03145194 0.03135712 0.03123615 0.0311021 0.03103017 0.03092555 0.03187816 0.03186835 0.03172449 0.03057898 0.03050052 0.03041551 0.03035012 0.04222489 0.03015068 0.03008856 0.03278143 0.03270296 0.02987931 0.02979103 0.02968968 0.02961775 0.02955236 0.02946082 0.02941504 0.02930715 0.02922541 0.02916329 0.02906194 0.0290227 0.02892462 0.02887231 0.02875788
-9999 -9999 -9999 -9999 -9999 -9999 -9999 -9999 -9999 -9999 -9999 -9999 -9999 -9999 -9999 -9999 -9999 -9999 -9999 -9999 -9999 -9999 -9999 -9999 -9999 -9999 -9999 -9999 -9999 0.01158012 0.03198159 0.03184754 0.03288189 0.03167753 0.03919914 0.03143559 0.03131789 0.03121326 0.03329176 0.03100728 0.03201875 0.03189778 0.02964272 0.03171469 0.03057244 0.03050378 0.03037954 0.03033704 0.042202 0.03014741 0.03008856 0.03002644 0.02993489 0.04179986 0.02977142 0.02974526 0.02961121 0.02955236 0.02948697 0.02945754 0.02936927 0.0292483 0.0291731 0.02907175 0.03010282 0.03003744 0.0288625 0.02879057
-9999 -9999 -9999 -9999 -9999 -9999 -9999 -9999 -9999 -9999 -9999 -9999 -9999 -9999 -9999 -9999 -9999 -9999 -9999 -9999 -9999 -9999 -9999 -9999 -9999 -9999 -9999 -9999 -9999 0.01157886 0.03201756 0.03186389 0.03286555 0.03167099 0.03263341 0.03142905 0.03131789 0.03120999 0.03110537 0.03103671 0.03093536 0.03082419 0.02961002 0.03065745 0.0305659 0.03046455 0.0314662 0.03029454 0.03020626 0.03012779 0.0300624 0.02998394 0.02993816 0.03747284 0.04180314 0.02971584 0.02963737 0.02956544 0.02944774 0.02942485 0.02933658 0.0292483 0.02918291 0.04110673 0.02906521 0.04092691 0.02887558 0.04078305
-9999 -9999 -9999 -9999 -9999 -9999 -9999 -9999 -9999 -9999 -9999 -9999 -9999 -9999 -9999 -9999 -9999 -9999 -9999 -9999 -9999 -9999 -9999 -9999 -9999 -9999 -9999 -9999 -9999 -9999 0.01152564 0.03297671 0.03173638 0.03162195 0.03153694 0.0314127 0.03131462 0.03235551 0.03114133 0.03103671 0.0309419 0.02973427 0.03077515 0.03068688 0.0381856 0.03264768 0.03038608 0.03030762 0.03019645 0.0301376 0.03004605 0.02999047 0.02993816 0.02985969 0.02977469 0.02966025 0.03072076 0.02956544 0.02952947 0.02941178 0.029366 0.02927119 0.02922541 0.02916002 0.02906194 0.02900636 0.04089095 0.02880365
-9999 -9999 -9999 -9999 -9999 -9999 -9999 -9999 -9999 -9999 -9999 -9999 -9999 -9999 -9999 -9999 -9999 -9999 -9999 -9999 -9999 -9999 -9999 -9999 -9999 -9999 -9999 -9999 -9999 -9999 -9999 0.01190872 0.01142809 0.01182383 -9999 0.03256475 0.03131135 0.0312198 0.0311446 0.03101709 0.03096805 0.03084054 0.03075226 0.03069995 0.03055282 0.03049398 0.03039589 0.03031415 0.03020299 0.03011145 0.03004279 0.02999374 0.02993162 0.02987277 0.02974199 0.02967333 0.03238582 0.03232371 0.03227139 0.02945101 0.02937908 0.02928426 0.02922541 0.03022707 0.0290554 0.0290129 0.02891808 0.02884942
-9999 -9999 -9999 -9999 -9999 -9999 -9999 -9999 -9999 -9999 -9999 -9999 -9999 -9999 -9999 -9999 -9999 -9999 -9999 -9999 -9999 -9999 -9999 -9999 -9999 -9999 -9999 -9999 -9999 -9999 -9999 -9999 -9999 -9999 -9999 0.03143559 0.03239147 0.03123288 0.03110864 0.03101709 0.03093863 0.03085689 0.03078169 0.03070976 0.03167218 0.03052667 0.03040243 0.03027492 0.03022261 0.03014087 0.03008202 0.03109348 0.03103136 0.02985969 0.02981065 0.02969622 0.02962429 0.03230736 0.03231063 0.02944447 0.02934965 0.03038073 0.03028919 0.0302336 0.02907829 0.02897366 0.02891154 0.02882
-9999 -9999 -9999 -9999 -9999 -9999 -9999 -9999 -9999 -9999 -9999 -9999 -9999 -9999 -9999 -9999 -9999 -9999 -9999 -9999 -9999 -9999 -9999 -9999 -9999 -9999 -9999 -9999 -9999 -9999 -9999 -9999 -9999 -9999 -9999 0.03138328 0.03132116 0.03122307 0.03109883 0.03103998 0.03093863 0.03849293 0.03078496 0.03072284 0.04255185 0.0304809 0.03041551 0.03030762 0.03297106 0.0336075 0.03010164 0.03002644 0.02998067 0.02987277 0.02984008 0.02974526 0.02965698 0.03229428 0.03229755 0.02942812 0.029366 0.03035785 0.03032515 0.02910771 0.02903906 0.02894424 0.02887558 0.03264857
-9999 -9999 -9999 -9999 -9999 -9999 -9999 -9999 -9999 -9999 -9999 -9999 -9999 -9999 -9999 -9999 -9999 -9999 -9999 -9999 -9999 -9999 -9999 -9999 -9999 -9999 -9999 -9999 -9999 -9999 -9999 -9999 -9999 -9999 -9999 0.03142905 0.03134077 0.03123942 0.03111518 0.03097786 0.03092555 0.03087324 0.04279051 0.03069668 0.03062149 0.03050705 0.03040243 0.03035339 0.03299068 0.03364673 0.0455444 0.03419163 0.0341295 0.02992181 0.02984989 0.02978776 0.02967987 0.03236621 0.02950986 0.02942812 0.02937908 0.04126367 0.03033169 0.02914695 0.02904559 0.02895404 0.02888212 0.02988704
-9999 -9999 -9999 -9999 -9999 -9999 -9999 -9999 -9999 -9999 -9999 -9999 -9999 -9999 -9999 -9999 -9999 -9999 -9999 -9999 -9999 -9999 -9999 -9999 -9999 -9999 -9999 -9999 -9999 -9999 -9999 -9999 -9999 -9999 0.01135207 0.03142905 0.03134404 0.03123288 0.03108248 0.03211029 0.03091247 0.030834 0.02969176 0.03069668 0.03064764 0.03057571 0.03040897 0.03036647 0.03029454 0.03015722 0.03014087 0.03009183 0.0300199 0.03101175 0.02988585 0.02976161 0.02968641 0.0296341 0.02954582 0.04145003 0.03050824 0.0369203 0.02921887 0.0291731 0.02908482 0.02896385 0.02891154 0.02990666
-9999 -9999 -9999 -9999 -9999 -9999 -9999 -9999 -9999 -9999 -9999 -9999 -9999 -9999 -9999 -9999 -9999 -9999 -9999 -9999 -9999 -9999 -9999 -9999 -9999 -9999 -9999 -9999 -9999 -9999 -9999 -9999 -9999 -9999 0.03149771 0.03138001 0.03128846 0.03338331 0.03109883 0.03105959 0.03093863 0.03195336 0.03078496 0.03179642 0.03173757 0.03056918 0.03045147 0.03035992 0.03031415 0.03022588 0.03011472 0.03011472 0.03005259 0.02993816 0.02987931 0.02985315 0.02967987 0.02964718 0.02956544 0.0294739 0.02940524 0.02930715 0.0292156 0.02920907 0.02911752 0.02897693 0.03001128 0.02882
-9999 -9999 -9999 -9999 -9999 -9999 -9999 -9999 -9999 -9999 -9999 -9999 -9999 -9999 -9999 -9999 -9999 -9999 -9999 -9999 -9999 -9999 -9999 -9999 -9999 -9999 -9999 -9999 -9999 -9999 -9999 -9999 -9999 0.03379526 0.03149444 0.03134731 0.03124269 0.03113479 0.03108902 0.03101382 0.03203182 0.03085689 0.03077188 0.04271206 0.03064764 0.03057244 0.03042859 0.03039262 0.03034685 0.03024223 0.03015395 0.03013106 0.03111637 0.02991854 0.02986624 0.02980738 0.03085154 0.02963083 0.0295916 0.02951313 0.02942812 0.02933985 0.02927119 0.0291731 0.02907829 0.03010282 0.03657373 0.02890173
-9999 -9999 -9999 -9999 -9999 -9999 -9999 -9999 -9999 -9999 -9999 -9999 -9999 -9999 -9999 -9999 -9999 -9999 -9999 -9999 -9999 -9999 -9999 -9999 -9999 -9999 -9999 -9999 -9999 -9999 -9999 0.01146356 0.0316808 0.03157291 0.0314552 0.03135385 0.03127211 0.0322705 0.03105306 0.03210375 0.03859755 0.03195336 0.03079804 0.03071957 0.04259762 0.03056918 0.0304482 0.03036647 0.0303305 0.03130927 0.03015068 0.03770825 0.0419993 0.0419568 0.04183583 0.03091039 0.03083846 0.02968314 0.03066845 0.04147292 0.0294314 0.02932023 0.02926465 0.02919272 0.02912406 0.02904232 0.02894424 0.02889846
-9999 -9999 -9999 -9999 -9999 -9999 -9999 -9999 -9999 -9999 -9999 -9999 -9999 -9999 -9999 -9999 -9999 -9999 -9999 -9999 -9999 -9999 -9999 -9999 -9999 -9999 -9999 -9999 -9999 -9999 -9999 -9999 0.03165464 0.03161541 0.0314879 0.03135058 0.03127211 0.03882968 0.03110537 0.0310269 0.03097459 0.03083073 0.03078496 0.0307163 0.03171795 0.04252896 0.04244395 0.03038935 0.03031742 0.03131581 0.03017356 0.03771806 0.03766574 0.03103463 0.02985315 0.0418064 0.04171485 0.03076326 0.03069787 0.04477866 0.02943793 0.02936273 0.02928753 0.03023688 0.02913714 0.02906194 0.02896385 0.02997859
-9999 -9999 -9999 -9999 -9999 -9999 -9999 -9999 -9999 -9999 -9999 -9999 -9999 -9999 -9999 -9999 -9999 -9999 -9999 -9999 -9999 -9999 -9999 -9999 -9999 -9999 -9999 -9999 -9999 -9999 -9999 -9999 -9999 0.03157945 0.03143886 0.03132769 0.03124596 0.03118384 0.03108902 0.03102036 0.03096152 0.03089285 0.03079477 0.03072938 0.03060514 0.04254857 0.03046782 0.03035012 0.03141716 0.04225432 0.03127657 0.03773113 0.03110983 0.03106733 0.03095616 0.0308875 0.03083846 0.03078288 0.02964718 0.02953275 0.0414631 0.029366 0.02928426 0.02919599 0.02915675 0.0318202 0.04094326 0.04090403
-9999 -9999 -9999 -9999 -9999 -9999 -9999 -9999 -9999 -9999 -9999 -9999 -9999 -9999 -9999 -9999 -9999 -9999 -9999 -9999 -9999 -9999 -9999 -9999 -9999 -9999 -9999 -9999 -9999 -9999 -9999 -9999 0.03159579 0.03151406 0.04340518 0.03134077 0.03128846 0.03115768 0.03109556 0.03101709 0.04292784 0.03086016 0.0307915 0.03069668 0.03064437 0.03059533 0.0304907 0.04237856 0.03139427 0.03131581 0.03015722 0.03119157 0.04202545 0.0310379 0.03097578 0.03092347 0.03085808 0.02969295 0.02966679 0.02951967 0.02950659 0.02938562 0.0292908 0.02919272 0.0319281 0.03255473 0.03314539 0.04001094
-9999 -9999 -9999 -9999 -9999 -9999 -9999 -9999 -9999 -9999 -9999 -9999 -9999 -9999 -9999 -9999 -9999 -9999 -9999 -9999 -9999 -9999 -9999 -9999 -9999 -9999 -9999 -9999 -9999 -9999 0.03180831 0.03931684 0.03157945 0.03259744 0.03141924 0.03131135 0.03122961 0.03116749 0.03107268 0.03210048 0.03090266 0.03086343 0.03077842 0.03071957 0.0306738 0.03057571 0.03050378 0.03044493 0.04231644 0.04221836 0.03125369 0.03117849 0.04204835 0.04193391 0.03099213 0.02984989 0.0417639 0.030845 0.02969295 0.03062268 0.0294739 0.04136829 0.02933985 0.03195752 0.03257762 0.03432032 0.04579392 0.03196391
-9999 -9999 -9999 -9999 -9999 -9999 -9999 -9999 -9999 -9999 -9999 -9999 -9999 -9999 -9999 -9999 -9999 -9999 -9999 -9999 -9999 -9999 -9999 -9999 -9999 -9999 -9999 -9999 -9999 0.03189332 0.03178869 0.0338672 0.03373968 0.03147809 0.03139636 0.03131135 0.03122961 0.03116422 0.03108575 0.03098767 0.03088959 0.03082746 0.03079804 0.03184874 0.03069995 0.04259434 0.04252569 0.03155121 0.03145313 0.03136812 0.03128965 0.04213662 0.03005586 0.02995778 0.03098559 0.03093328 0.02977469 0.03082538 0.03076326 0.03065864 0.02950659 0.02939216 0.04406116 0.03304418 0.03326636 0.03457193 0.04353642 0.04277574
-9999 -9999 -9999 -9999 -9999 -9999 -9999 -9999 -9999 -9999 -9999 -9999 -9999 -9999 -9999 -9999 -9999 -9999 -9999 -9999 -9999 -9999 -9999 -9999 -9999 -9999 -9999 -9999 -9999 0.03191947 0.03179197 0.0316808 0.03158271 0.03150752 0.06166882 0.0614614 0.06133569 0.03115441 0.03106614 0.03096805 0.03088959 0.03084381 0.03080131 0.03183239 0.04266955 0.0306411 0.04255511 0.03160679 0.03041224 0.03031742 0.03131908 0.03776056 0.03114253 0.03109675 0.0419143 0.04186198 0.03086135 0.03078288 0.04162985 0.02953929 0.02945101 0.02938235 0.04129963 0.03305726 0.03441187 0.03530645 0.07910287 0.0434416
-9999 -9999 -9999 -9999 -9999 -9999 -9999 -9999 -9999 -9999 -9999 -9999 -9999 -9999 -9999 -9999 -9999 -9999 -9999 -9999 -9999 -9999 -9999 -9999 -9999 -9999 -9999 -9999 -9999 0.0264596 0.03181485 0.0622408 0.06195166 0.06602918 0.06161225 0.06149912 0.06133569 0.06117856 0.06100885 0.06088315 0.0309092 0.04286244 0.03187162 0.03181931 0.03177354 0.03061168 0.03164603 0.0305234 0.03044166 0.03035665 0.04224778 0.04215297 0.0311981 0.04197968 0.04189141 0.03094636 0.02978776 0.0297093 0.03067499 0.04151215 0.0294412 0.02940197 0.0292908 0.02917964 0.03441187 0.03569782 0.04863392 0.04782093
-9999 -9999 -9999 -9999 -9999 -9999 -9999 -9999 -9999 -9999 -9999 -9999 -9999 -9999 -9999 -9999 -9999 -9999 -9999 -9999 -9999 -9999 -9999 -9999 -9999 -9999 -9999 -9999 -9999 -9999 0.02634475 0.06212765 0.06205223 0.06178824 0.06167511 0.06154311 0.06349388 0.08432145 0.06105285 0.06092086 0.06071344 0.03086343 0.03188797 0.03181277 0.03069014 0.03062475 0.03821175 0.03160679 0.03045147 0.03801558 0.04226413 0.04218239 0.03012452 0.03112291 0.03100194 0.03094309 0.02981065 0.02975507 0.02961448 0.02952621 0.02948043 0.03051478 0.03041016 0.03305726 0.04458317 0.04155191 0.03425493 0.03414704
