02_Processed_Data/Guangdong-driving/GDP/jizhongtxt/gd-gdp-95-txt.txt
ncols         755
nrows         605
xllcorner     491130
yllcorner     2101946
cellsize      1000
NODATA_value  -9999
[rows 240 to 269 of 605, columns 272 to 339 of 755]
0.004113618 0.01403833 0.01405305 0.01401256 0.0140144 0.01405489 0.01559668 0.0155838 0.01560773 0.0227359 0.01404569 0.0156022 0.01559484 0.01595498 0.01534138 0.02267148 0.01592185 0.01589976 0.01586663 0.02260889 0.01665133 0.02168891 0.02714738 0.02439211 0.02558112 0.02068518 0.01988392 0.02646613 0.02399331 0.02562989 0.02409178 0.0171729 0.02250214 0.01572858 0.01571754 0.01533347 0.01533347 0.02973887 0.02929879 0.0299473 0.03038396 0.03034635 0.03026087 0.0291244 0.03024719 0.031258 0.03454857 0.03480829 0.0439513 0.04466135 0.03607041 0.04030526 0.04753678 0.03882017 0.02967375 0.03878598 0.03874495 0.02439186 0.03181532 0.03548952 0.02618725 0.0258294 0.02642068 0.03184648 0.03299568 0.03929624 0.03364384 0.04398479
0.01404753 0.01404385 0.02079716 0.01404937 0.01402728 0.01406041 0.01404937 0.01559484 0.0207898 0.01404201 0.01402544 0.01558932 0.01560773 0.01595498 0.02025388 0.01533034 0.01592001 0.01589056 0.01587399 0.01585743 0.02562583 0.0220693 0.02323622 0.02442892 0.02223065 0.02829536 0.02751618 0.02878894 0.02877973 0.02722874 0.02446481 0.02369667 0.02046308 0.01573594 0.0157249 0.01572306 0.01571938 0.01571018 0.0383905 0.03910056 0.03110085 0.03104957 0.0302848 0.03821269 0.02908679 0.03239104 0.03123748 0.05194758 0.03702737 0.03700685 0.03337791 0.0403292 0.03958495 0.03883386 0.02967717 0.03040432 0.03264648 0.03947895 0.03033594 0.04472118 0.04466989 0.04463228 0.02548545 0.02848843 0.03525736 0.03872442 0.04812735 0.03655855
0.01406225 0.020799 0.01405857 0.01405305 0.01404753 0.01405305 0.01404569 0.01403465 0.01404385 0.01402912 0.01403097 0.0198919 0.01559852 0.02026124 0.0165649 0.02062874 0.01629303 0.01626726 0.01587767 0.01624518 0.01740474 0.02246993 0.02365526 0.02030664 0.02714684 0.03141943 0.03140839 0.0302433 0.03257033 0.02710818 0.01975285 0.02369115 0.02043732 0.01614394 0.01573594 0.01634587 0.01571938 0.0157157 0.02282362 0.02319296 0.03980378 0.03106667 0.0389843 0.04622266 0.0381956 0.03964649 0.03268837 0.03483564 0.04468187 0.03632073 0.04322072 0.04105977 0.03957126 0.03951656 0.03957126 0.03954049 0.04018217 0.04018217 0.03103574 0.04810322 0.03099129 0.04083409 0.03286999 0.02663743 0.03524902 0.03131208 0.04281613 0.04571971
0.01403833 0.01405489 0.01404937 0.01406962 0.020799 0.02080084 0.01405305 0.01401992 0.01403097 0.0140236 0.01557644 0.01558564 0.02231318 0.02025572 0.01555435 0.01592921 0.01628935 0.01625438 0.01688086 0.02093734 0.0184245 0.02793208 0.02519337 0.0271542 0.0241786 0.05104919 0.05454997 0.05377079 0.05142405 0.02495042 0.02604709 0.02447033 0.02329236 0.02474726 0.01573963 0.01573963 0.01572858 0.02000171 0.02283651 0.0231856 0.02357151 0.02033056 0.02989259 0.02989943 0.0390014 0.03129561 0.04111448 0.04328569 0.052685 0.03632757 0.04250382 0.0319236 0.04033261 0.0318518 0.04102216 0.04100164 0.04165015 0.03178341 0.0454073 0.0310289 0.04011036 0.04157151 0.02755042 0.02780053 0.02838903 0.03188112 0.04869084 0.04686613
0.01249877 0.01405121 0.01404385 0.01404201 0.01405305 0.01404201 0.01559484 0.015593 0.01403281 0.02419448 0.02455646 0.01556723 0.01986797 0.01554699 0.0155433 0.01590529 0.02018026 0.02446995 0.02300953 0.02338991 0.02493723 0.01873908 0.02107293 0.03299857 0.03219677 0.03157343 0.05689671 0.05648503 0.05648503 0.05453709 0.023743 0.02161107 0.02522926 0.02163185 0.01613658 0.01613842 0.01611449 0.02038578 0.02036737 0.01667655 0.02074408 0.02073119 0.0398072 0.02988917 0.03903217 0.03057187 0.04041126 0.03203644 0.0418348 0.0425517 0.04180744 0.04104609 0.03261998 0.04242859 0.0431455 0.04457587 0.04526541 0.03613266 0.03537473 0.04758535 0.03315224 0.04297453 0.04367091 0.03580137 0.036401 0.02954102 0.03065963 0.03981245
0.01250208 0.01252198 0.01404937 0.01404753 0.01560589 0.02235183 0.01561325 0.01561693 0.02419632 0.01623238 0.01560405 0.0155746 0.01400704 0.01398495 0.01552674 0.01590896 0.01588872 0.02014896 0.01626358 0.01664765 0.02455868 0.01936189 0.02598175 0.02907638 0.03141391 0.03570123 0.03194277 0.03721357 0.03686079 0.05452604 0.03100039 0.02563488 0.01966313 0.02200119 0.02121281 0.02042811 0.02040235 0.01709191 0.01707535 0.01707351 0.01584262 0.0207496 0.02035817 0.03906637 0.0299473 0.03063342 0.03972514 0.04042494 0.04111448 0.03270889 0.03270889 0.03194069 0.04175615 0.04245938 0.03547389 0.03689744 0.0368735 0.05390679 0.04519019 0.04901915 0.0475409 0.04367091 0.05161249 0.02869406 0.03519897 0.02892749 0.03006 0.03920449
0.01249545 0.0125253 0.0140641 0.01404753 0.01561509 0.0156022 0.01834091 0.01561325 0.01560957 0.01406225 0.01403649 0.01401808 0.02077139 0.01401256 0.01398311 0.02020602 0.02447547 0.0164968 0.01626358 0.01586847 0.02415437 0.01895021 0.0205012 0.03037122 0.03024514 0.03881848 0.03489996 0.0352601 0.03605216 0.03136736 0.02722905 0.02901379 0.02058947 0.02236686 0.02236501 0.01590888 0.01590336 0.01588679 0.01625614 0.01662364 0.01623221 0.02074224 0.02074592 0.03983114 0.03065052 0.03972172 0.04045913 0.04047623 0.0320125 0.03269521 0.03272598 0.04182454 0.0326234 0.04249015 0.04388975 0.03691795 0.04670263 0.04594811 0.04587973 0.03529267 0.03456894 0.04292666 0.04290272 0.02901576 0.02958758 0.0283084 0.03744732 0.03120364
0.01250374 0.01250208 0.01250871 0.01402912 0.01403465 0.01403097 0.01404385 0.01561141 0.0140641 0.01404569 0.01400888 0.01400888 0.01400704 0.01555435 0.01553962 0.02019682 0.02017473 0.02016921 0.01588135 0.01586663 0.01664213 0.01817287 0.01931955 0.0230425 0.02361055 0.02906717 0.03412316 0.0317538 0.02784817 0.03408581 0.0321213 0.02642042 0.02899539 0.02134472 0.01862312 0.01630583 0.01667518 0.01667149 0.01703347 0.02232452 0.02192389 0.02113735 0.0158463 0.03982772 0.03066762 0.0404899 0.04118629 0.03620034 0.03349759 0.04256195 0.03418713 0.0433062 0.04252434 0.0340572 0.03474332 0.0354397 0.04451774 0.03606769 0.03606085 0.0360335 0.04827832 0.04748278 0.04219608 0.0339747 0.03394412 0.02920749 0.03282399 0.07682823
0.01248882 0.01250208 0.04144322 0.04137711 0.04140762 0.01402544 0.01404753 0.01403833 0.01404753 0.01402176 0.01401256 0.01403465 0.01558012 0.01556539 0.01554146 0.01981091 0.01651152 0.01588688 0.01588688 0.01584454 0.01662004 0.01740106 0.01853669 0.01970362 0.02049384 0.02087054 0.02123989 0.02239945 0.02470938 0.02628062 0.03172619 0.02641858 0.02898802 0.02547804 0.02431664 0.0219699 0.01664757 0.01702795 0.02310554 0.02778667 0.02232268 0.02151957 0.03143923 0.03981404 0.03067103 0.04047623 0.03283198 0.03429313 0.03498267 0.04475367 0.04545005 0.04930295 0.04471606 0.04394787 0.03479803 0.04455877 0.0430395 0.04301214 0.03459629 0.04896444 0.04898153 0.04824754 0.03305991 0.03339454 0.03336117 0.03010935 0.03094797 0.07338981
0.01249213 0.01249711 0.04136185 0.04139237 0.04139237 0.04133133 0.04142288 0.01402544 0.01403097 0.0140236 0.01402728 0.01401624 0.01402728 0.01399967 0.02073642 0.01551017 0.01550097 0.01550649 0.0154752 0.01545127 0.01621573 0.01661268 0.01775568 0.01774279 0.0181195 0.01852381 0.01851276 0.01810293 0.01847227 0.01864521 0.02078588 0.02509398 0.02056554 0.0205453 0.0246823 0.0178329 0.01743042 0.01782922 0.01818936 0.02388472 0.01781081 0.02193309 0.0405959 0.03983798 0.0314187 0.04126835 0.04268505 0.03717098 0.04772384 0.0414792 0.0565745 0.04141423 0.05503814 0.05281563 0.03692137 0.04310104 0.04302582 0.04301898 0.04443568 0.03975049 0.05402717 0.05185596 0.05035378 0.02772546 0.03395524 0.03037893 0.03458672 0.07717403
0.01249379 0.01249047 0.04136185 0.04141271 0.04140254 0.04138728 0.04142288 0.04139745 0.04136694 0.04141779 0.04139237 0.01405305 0.0140144 0.01400888 0.01399415 0.01398679 0.01551937 0.01548256 0.01548256 0.01545679 0.01583718 0.01621204 0.04957723 0.04954162 0.05162852 0.05376629 0.05482246 0.05373577 0.02240551 0.02237606 0.02314235 0.02393073 0.02430928 0.01977164 0.01899798 0.01782369 0.02272883 0.02234661 0.02272515 0.02311106 0.02270491 0.02195518 0.04058223 0.04051384 0.03140503 0.04196473 0.04267479 0.05086327 0.04086402 0.0551202 0.05726747 0.05799121 0.05649586 0.04060501 0.04677786 0.04310788 0.04308053 0.03392043 0.03874651 0.05119377 0.05961461 0.05472697 0.05250789 0.04957876 0.03510999 0.04453796 0.03388492 0.03983318
0.01248052 0.01246726 0.04134659 0.04139237 0.04138728 0.04138728 0.04138219 0.04144831 0.04138728 0.06006834 0.04140762 0.04144322 0.04135168 0.04134151 0.0413059 0.01398863 0.01672633 0.01549177 0.01549729 0.04534238 0.04636295 0.04636295 0.04734791 0.04951619 0.05058253 0.05590913 0.05480211 0.06667063 0.05094849 0.01746724 0.02199199 0.02236501 0.01745067 0.02313867 0.02391049 0.01821144 0.01783106 0.02274356 0.02235581 0.02273436 0.02233188 0.0219515 0.04128545 0.04578001 0.04580395 0.04580053 0.04725142 0.03872017 0.05009507 0.03855006 0.06067686 0.0435786 0.05577213 0.03913019 0.04603702 0.0431455 0.04306684 0.03393068 0.04972579 0.05333763 0.05765611 0.04249926 0.0532282 0.04181011 0.0405914 0.04157517 0.04759504 0.05112604
0.01636196 0.01247721 0.04142288 0.04146865 0.04143814 0.04139745 0.04138728 0.04140762 0.04138219 0.04142288 0.04140254 0.04138219 0.04136694 0.04134659 0.04132625 0.01553042 0.01551017 0.01548993 0.04539324 0.04533221 0.04635787 0.04632735 0.04841933 0.05058761 0.05275081 0.06781835 0.05748894 0.05422889 0.07750334 0.05093833 0.02199199 0.01708501 0.02237238 0.02275092 0.01823905 0.02352642 0.02274356 0.02274356 0.02235213 0.02235949 0.02235029 0.01704268 0.03862031 0.0344564 0.04583815 0.04581421 0.03439827 0.03510491 0.0493645 0.05222525 0.04929854 0.04585495 0.05503129 0.03914386 0.04531328 0.04308053 0.03324114 0.03620361 0.04973946 0.03964534 0.05763559 0.05616419 0.04029043 0.03877458 0.05652819 0.04878872 0.04800976 0.04351213
0.01252198 0.01250374 0.04144831 0.04146865 0.04145848 0.04142288 0.04143305 0.04138728 0.04138219 0.04139237 0.04134659 0.04134659 0.04135168 0.04132625 0.04121435 0.0454441 0.04542375 0.04540341 0.04536781 0.04529662 0.04630192 0.04635278 0.0484702 0.06357335 0.06681305 0.07216 0.07108348 0.06782854 0.06669607 0.06561956 0.02201408 0.02239446 0.02278773 0.02316996 0.0235393 0.02392153 0.02351537 0.01821144 0.02235029 0.02235397 0.02272331 0.04274318 0.03474689 0.03402658 0.0340129 0.04578343 0.03210141 0.04722407 0.04936792 0.05222867 0.05271819 0.05264639 0.0511784 0.03915412 0.03619763 0.03551749 0.03552774 0.03619335 0.04901572 0.05263099 0.05693921 0.05614709 0.05395194 0.05389724 0.05601374 0.05098576 0.05920601 0.1343963
0.0125054 0.01251369 0.04139745 0.04308278 0.04309296 0.04308787 0.0431133 0.04311839 0.04308787 0.04139237 0.06431335 0.04130081 0.04129573 0.04128047 0.04124996 0.0454848 0.04544919 0.04538816 0.04642907 0.04746489 0.04743438 0.04850072 0.0613898 0.06464985 0.08304356 0.07429776 0.07431811 0.06999681 0.06672658 0.06461425 0.02203064 0.01750037 0.02318285 0.02639803 0.02469887 0.02976958 0.02506821 0.01937837 0.02428903 0.02467678 0.02466758 0.03985066 0.04197399 0.03792549 0.03613966 0.03396844 0.04647298 0.04719329 0.04858606 0.03708207 0.04209694 0.05188845 0.0420012 0.05351201 0.03760407 0.04762638 0.04688897 0.05028469 0.03460997 0.03672988 0.05400665 0.04101417 0.05009563 0.05462439 0.04451659 0.0673422 0.1180657 0.1230301
0.01249545 0.0185766 0.04138728 0.04141271 0.04142288 0.04311839 0.04315908 0.04312856 0.04571875 0.0457035 0.0456272 0.0456272 0.05998187 0.04121944 0.04551022 0.04546444 0.04655113 0.0464901 0.04640873 0.048577 0.06149152 0.06146101 0.06246631 0.06356826 0.05430518 0.07103771 0.05534609 0.06672658 0.05100444 0.06351739 0.02202512 0.02449058 0.01971236 0.02356507 0.02432952 0.02548173 0.02093488 0.0305414 0.02623329 0.02662472 0.02554469 0.02207788 0.04198767 0.04120922 0.0383006 0.03608495 0.03490745 0.03491087 0.0454569 0.03700685 0.0504786 0.05117498 0.04129798 0.05348466 0.05130661 0.08388799 0.08254144 0.03388623 0.04826122 0.05042559 0.04870971 0.05736818 0.08811279 0.09050291 0.08089882 0.109317 0.1192993 0.1255509
0.01248716 0.01248882 0.04141779 0.04137711 0.04137711 0.04145848 0.04138728 0.04142797 0.04566789 0.04567298 0.04564755 0.04561703 0.04131099 0.04387575 0.04553057 0.04655113 0.04651044 0.04755643 0.04759204 0.04858717 0.06255786 0.0615373 0.06255786 0.06253751 0.06363946 0.06570093 0.06357843 0.06353265 0.0624358 0.04775457 0.02163369 0.02203801 0.0220104 0.01748933 0.02318469 0.02510318 0.02016675 0.02094409 0.02660816 0.02816651 0.02971014 0.05303347 0.04481765 0.04116819 0.04257805 0.0500472 0.05075043 0.04617721 0.03773059 0.03987102 0.05769644 0.05498684 0.04057082 0.03903786 0.03686324 0.0600451 0.06002134 0.04298137 0.04368801 0.08068695 0.09950874 0.04935822 0.07685794 0.08920389 0.1055643 0.09340791 0.1271737 0.1254558
0.01303999 0.01249213 0.01250042 0.04139237 0.04140762 0.04138728 0.04139237 0.04139745 0.04137711 0.04566281 0.04568823 0.04560177 0.0466732 0.04658673 0.04661725 0.04659182 0.04762765 0.05943005 0.06050656 0.04688658 0.06259855 0.06152204 0.04793258 0.06146101 0.07332446 0.06253244 0.06251717 0.06141015 0.06034381 0.06027769 0.02125147 0.02162265 0.06344619 0.06235442 0.06233408 0.06658926 0.01938389 0.02506637 0.0266192 0.0228681 0.02595353 0.05247457 0.0585662 0.05349321 0.04259173 0.0411169 0.05631051 0.04902087 0.04901744 0.04131508 0.05716147 0.05496632 0.05348466 0.05200299 0.03880122 0.06002134 0.0599441 0.05987282 0.06232829 0.06353821 0.06728084 0.08805338 0.09051479 0.07716214 0.09550299 0.1104557 0.1258568 0.119461
0.01249379 0.01249877 0.01248882 0.04140254 0.04139745 0.04140762 0.04140762 0.06005817 0.04138728 0.04135168 0.05752625 0.04497261 0.04669354 0.04494209 0.04764799 0.04870924 0.04871941 0.07240561 0.06155256 0.04904978 0.06260873 0.06152204 0.06149661 0.06042519 0.0604557 0.06040484 0.06035398 0.05016061 0.04910953 0.05922661 0.06030312 0.06022175 0.06018614 0.06126265 0.06232899 0.06549241 0.0442351 0.02427614 0.03939348 0.02167357 0.02717705 0.05387076 0.06068271 0.04794153 0.04545932 0.04107929 0.04755188 0.04825852 0.04927617 0.06367509 0.06072544 0.0433837 0.05273357 0.04028973 0.03535764 0.0599441 0.07572253 0.06181765 0.06822812 0.06226888 0.06719766 0.0879702 0.09168312 0.07951068 0.08926602 0.09461187 0.1020377 0.1194253
0.0130516 0.01304497 0.01248882 0.04141271 0.04139237 0.04308278 0.04306244 0.04310313 0.04137711 0.04563229 0.04670372 0.05852138 0.04773954 0.0509589 0.05303563 0.05521917 0.05242172 0.06486855 0.06374627 0.06263416 0.07341092 0.06042519 0.06044045 0.05934359 0.05938937 0.05936902 0.05924695 0.04907902 0.06600354 0.04908919 0.04560663 0.05915032 0.06019632 0.04663737 0.06122705 0.04279789 0.0343581 0.0441462 0.04557657 0.03788787 0.0534898 0.04653167 0.0672281 0.06136541 0.05482685 0.05407919 0.06133122 0.06803803 0.06156258 0.06152838 0.06868654 0.06211136 0.04532852 0.0533855 0.09374554 0.0887039 0.08866825 0.08853754 0.08721475 0.08838902 0.0854672 0.08792862 0.09158807 0.1032169 0.1015585 0.1153844 0.1181976 0.1243957
0.01250042 0.01248052 0.01247389 0.04131607 0.04134151 0.04139745 0.04139745 0.04141271 0.04567298 0.04565264 0.04665794 0.04778022 0.04885674 0.0509589 0.06922545 0.07463344 0.07029688 0.06698597 0.05128418 0.06374627 0.06154239 0.06044553 0.05940971 0.05936393 0.05930799 0.05935885 0.05928764 0.06033873 0.06029803 0.0490485 0.06030312 0.04668823 0.05908929 0.0601658 0.0475969 0.04207415 0.03435468 0.03503738 0.04484941 0.03569615 0.04001463 0.05272503 0.05851492 0.07009569 0.1021431 0.06057912 0.06996817 0.07448667 0.07519332 0.07518648 0.07228127 0.04987681 0.06351439 0.05769714 0.09749411 0.09835823 0.09234551 0.09820376 0.09087421 0.09086232 0.09921169 0.07196604 0.0981931 0.1018407 0.1068645 0.1257083 0.1332351 0.1303252
0.01250374 0.01248716 0.01635698 0.04135168 0.04129573 0.04132625 0.04136185 0.04568316 0.04566281 0.04562211 0.04671388 0.04773954 0.04988747 0.06597558 0.06925598 0.1353385 0.07779685 0.07025111 0.05232508 0.05126892 0.05014663 0.06152713 0.06044553 0.05934359 0.05932833 0.04571344 0.0592673 0.05011993 0.05008941 0.04672383 0.06028787 0.0466628 0.06018106 0.04654073 0.06010985 0.0632631 0.03433417 0.03614308 0.04484941 0.03497242 0.04767939 0.04515173 0.06501243 0.06277527 0.1035871 0.1086396 0.1100016 0.1099845 0.1099742 0.07348085 0.07659291 0.06195052 0.06782944 0.08847196 0.08113647 0.09732182 0.07616461 0.09594556 0.1018038 0.1017563 0.101685 0.09565446 0.08163818 0.1018407 0.08899273 0.1256489 0.1165733 0.138152
0.01250374 0.01248882 0.01388786 0.04135676 0.04131607 0.04132116 0.04135676 0.04134659 0.0456272 0.0467088 0.04666811 0.04880079 0.05090295 0.06077336 0.0632326 0.06750812 0.08101113 0.07452154 0.07994119 0.06588911 0.05014663 0.06152204 0.04790206 0.0468459 0.05929781 0.0592673 0.05925712 0.06027769 0.06028278 0.04664754 0.04665263 0.04662719 0.04659159 0.06007425 0.04646953 0.0496482 0.03357965 0.03428971 0.03492796 0.03496558 0.03708892 0.04212429 0.06499876 0.0707271 0.06856174 0.1107732 0.1114354 0.1121454 0.112101 0.1120942 0.06286302 0.06831212 0.05895983 0.09713148 0.08859201 0.1059813 0.08214439 0.1033476 0.1020664 0.1032288 0.0994149 0.09138014 0.08147778 0.09026206 0.1038833 0.1268291 0.1330807 0.1214783
0.01391273 0.01391107 0.01388454 0.04561703 0.04133642 0.04132625 0.04132625 0.04566281 0.04566281 0.0467088 0.04774463 0.04990781 0.05420369 0.06278525 0.08115353 0.08756173 0.08103655 0.0756184 0.05555461 0.05233525 0.06372084 0.06256295 0.06145084 0.04680521 0.04680012 0.04566258 0.04678995 0.04669332 0.04670348 0.04663737 0.04658651 0.04656616 0.04649496 0.04650513 0.0464441 0.04858695 0.04958208 0.03350101 0.03420081 0.0485929 0.04617379 0.04139372 0.04568826 0.05144396 0.05721675 0.07352188 0.07349111 0.1114046 0.1113738 0.07488729 0.1098614 0.07281353 0.1211954 0.1211003 0.0959822 0.09559482 0.08704939 0.1095339 0.1069596 0.1069001 0.09893668 0.08767588 0.08892144 0.1079615 0.1217875 0.1042437 0.1263212 0.1451965
0.01389118 0.01388454 0.01388123 0.04561703 0.04566789 0.04562211 0.04565772 0.04562211 0.04668846 0.0467444 0.04992308 0.05206084 0.05962184 0.06821867 0.07571864 0.08863825 0.08866367 0.06634007 0.05985557 0.05342702 0.04802921 0.04686624 0.06038958 0.05928256 0.05927747 0.0602726 0.07214622 0.06025226 0.05914523 0.04552526 0.06013529 0.04544388 0.04546422 0.05892653 0.04700206 0.04801245 0.05014004 0.04947527 0.03278069 0.03272256 0.04471948 0.04829713 0.04028375 0.04824584 0.05180981 0.0589993 0.05649557 0.06693646 0.06904954 0.06333302 0.07356462 0.07278275 0.1023407 0.1009704 0.124641 0.1330498 0.1220251 0.1219835 0.1206845 0.1206488 0.09808122 0.1065197 0.117632 0.1128589 0.1140688 0.1151317 0.1392134 0.1324658
0.01445064 0.01387625 0.01775105 0.04565264 0.04563229 0.04671897 0.04566281 0.04668846 0.04671388 0.04778531 0.05211679 0.056433 0.06497388 0.07358088 0.07834953 0.09299007 0.08973002 0.06747761 0.0576873 0.06586877 0.06044553 0.05939953 0.05934868 0.04462167 0.0457287 0.05918592 0.0602726 0.05916049 0.04549983 0.04545405 0.0454744 0.04542862 0.05896214 0.04702749 0.0469512 0.04803789 0.04901267 0.06197805 0.04832247 0.03268495 0.04179035 0.04390001 0.03918746 0.04137234 0.05633515 0.04707675 0.06208058 0.05211896 0.06108845 0.06776106 0.05762932 0.09863966 0.1222687 0.123437 0.1233122 0.1270133 0.1244568 0.09811093 0.1013251 0.1230627 0.1201528 0.1364359 0.1126227 0.1250043 0.126238 0.1353876 0.128741 0.195728
0.01422891 0.01422725 0.01424384 0.01424384 0.04671897 0.04678509 0.04676475 0.04680544 0.04673423 0.04785652 0.05425455 0.05965744 0.05964727 0.07901578 0.08656152 0.07941587 0.07506913 0.06634515 0.07024094 0.06479226 0.06045062 0.0474954 0.04637312 0.04630192 0.05811958 0.05911472 0.05912489 0.04552017 0.04545405 0.04544388 0.05898248 0.06576958 0.04704783 0.0470224 0.04694103 0.04798194 0.05126105 0.06085068 0.0472307 0.03194754 0.04175957 0.04316943 0.03773314 0.03915326 0.0474161 0.04228057 0.04483373 0.05381689 0.05522675 0.04905305 0.05337153 0.1160171 0.09931961 0.09452276 0.1021966 0.1257024 0.1243439 0.1024875 0.1175547 0.1062657 0.1164545 0.1116754 0.1287232 0.1286757 0.1285925 0.1390768 0.115222 0.1460855
0.01460977 0.01425047 0.01426706 0.01426208 0.04683595 0.04682578 0.04791246 0.04793789 0.04784634 0.0489076 0.04992308 0.05530054 0.06298234 0.07896999 0.08541381 0.07294154 0.0653551 0.06056103 0.05291865 0.04973998 0.04749032 0.04635787 0.04635787 0.0462358 0.04621037 0.05800769 0.05903843 0.059013 0.05897231 0.05790089 0.05783476 0.04595607 0.04590012 0.04699189 0.04690034 0.04793108 0.04618979 0.05229178 0.0482411 0.03192018 0.0344836 0.04315233 0.04453484 0.03754936 0.03937195 0.04223612 0.05255235 0.05327266 0.04939241 0.05150207 0.06251711 0.1121557 0.09225591 0.1132289 0.09311086 0.1243321 0.1037508 0.1023865 0.122537 0.1250697 0.1287351 0.1286578 0.1285568 0.1298499 0.1298262 0.1151626 0.1334678 0.1472658
0.01499394 0.01498233 0.01461972 0.01462967 0.05977591 0.05976573 0.04898897 0.05002988 0.05110639 0.05107079 0.05317804 0.05360504 0.062151 0.07786806 0.06537037 0.06599953 0.06059664 0.05517339 0.05075546 0.04858717 0.04641381 0.0463426 0.04629175 0.04623071 0.05806364 0.057967 0.05791614 0.05790597 0.05783986 0.05779408 0.04588487 0.04590012 0.04587469 0.04692068 0.05874344 0.07159693 0.06183056 0.06290198 0.0649838 0.04387265 0.04529277 0.05322408 0.04595838 0.0382389 0.04809197 0.04801333 0.04796204 0.04063135 0.0410475 0.09046727 0.1130851 0.1095339 0.1166436 0.1105952 0.1143557 0.09795646 0.1036914 0.1350834 0.1362577 0.1274717 0.1273588 0.1377481 0.1297311 0.1448697 0.1210921 0.1163309 0.1320975 0.1332955
0.0192214 0.0192214 0.0192015 0.01533831 0.05014687 0.05121828 0.05224903 0.05544804 0.05863688 0.06396857 0.0811637 0.07269127 0.06706586 0.06493828 0.06168332 0.05027887 0.04978067 0.04867873 0.04748524 0.04637312 0.04632735 0.04524575 0.0451542 0.04513895 0.04614933 0.04604254 0.0460171 0.04588995 0.04593572 0.04593572 0.04585943 0.01394202 0.01394202 0.01814627 0.01847074 0.01880682 0.06280535 0.05647068 0.06288397 0.06313424 0.05177903 0.04376223 0.05027002 0.04948815 0.04032805 0.04723488 0.0544322 0.0665979 0.08288697 0.08788704 0.09915648 0.1153683 0.1118586 0.1129854 0.1141834 0.1025454 0.1262695 0.1325091 0.1361686 0.1121965 0.1285212 0.1297608 0.1163725 0.1460499 0.1387619 0.1162596 0.1411402 0.142356
