02_Processed_Data/Guangdong-driving/GDP/jizhongtxt/gd-gdp-95-txt.txt
ncols         755
nrows         605
xllcorner     491130
yllcorner     2101946
cellsize      1000
NODATA_value  -9999
[rows 60 to 89 of 605, columns 544 to 611 of 755]
-9999 -9999 -9999 -9999 -9999 -9999 -9999 -9999 -9999 -9999 -9999 -9999 -9999 -9999 -9999 6.264824e-05 -9999 -9999 -9999 -9999 -9999 -9999 -9999 -9999 -9999 -9999 -9999 -9999 -9999 -9999 -9999 -9999 -9999 -9999 -9999 -9999 -9999 -9999 -9999 -9999 -9999 -9999 -9999 -9999 -9999 -9999 -9999 -9999 -9999 -9999 -9999 -9999 0.002027903 0.002029062 0.002033699 0.002363927 0.00326135 0.002363155 0.002037176 0.00293769 0.002040267 0.002041427 0.002046449 0.002047609 0.002051859 0.002052246 0.002047996 0.002053405
-9999 -9999 -9999 -9999 -9999 -9999 -9999 -9999 -9999 -9999 -9999 -9999 -9999 -9999 5.885515e-05 5.954479e-05 6.161372e-05 6.178616e-05 -9999 -9999 -9999 -9999 -9999 -9999 -9999 -9999 -9999 -9999 -9999 -9999 -9999 -9999 -9999 -9999 -9999 -9999 -9999 -9999 -9999 -9999 -9999 -9999 -9999 -9999 -9999 -9999 -9999 -9999 -9999 -9999 -9999 7.833769e-05 0.002923393 0.002930348 0.00293344 0.003263668 0.004159932 0.002356199 0.002030994 0.002030994 0.002033312 0.002039881 0.002044131 0.002046063 0.002049154 0.002049927 0.002048381 0.002049154
-9999 -9999 -9999 -9999 -9999 -9999 -9999 -9999 -9999 -9999 -9999 -9999 -9999 -9999 5.626902e-05 0.003146038 0.003691378 0.002193535 0.002188621 -9999 -9999 -9999 -9999 -9999 -9999 -9999 -9999 -9999 -9999 -9999 -9999 -9999 -9999 -9999 -9999 -9999 -9999 -9999 -9999 -9999 -9999 -9999 -9999 -9999 -9999 -9999 -9999 -9999 -9999 -9999 -9999 0.000134607 0.002023266 0.002926098 0.002027516 0.002356973 0.002355813 0.002354268 0.002356586 0.002030221 0.002034858 0.00203679 0.002041427 0.001914548 0.002042586 0.002042199 0.002169078 0.00204104
-9999 -9999 -9999 -9999 -9999 -9999 -9999 -9999 -9999 -9999 -9999 -9999 0.002173875 0.002176333 0.0021792 0.00218903 0.002187801 0.002190668 0.00218903 0.002190259 0.002191487 0.002193126 0.002191897 -9999 -9999 -9999 -9999 -9999 -9999 -9999 -9999 -9999 -9999 -9999 -9999 -9999 -9999 -9999 -9999 -9999 -9999 -9999 -9999 -9999 -9999 -9999 -9999 -9999 -9999 -9999 -9999 -9999 7.540668e-05 0.002019402 0.002022879 0.002026357 0.00235504 0.002354268 0.00235504 0.002024425 0.002028675 0.002034085 0.002036403 0.00190682 0.002037176 0.002036017 0.002038722 0.002040267
-9999 -9999 -9999 -9999 -9999 -9999 -9999 -9999 -9999 -9999 -9999 -9999 0.00313375 0.002180838 0.003680729 0.002181658 0.002187392 0.002183296 0.002183705 0.002181658 0.00218903 0.002186163 0.002187392 0.002188211 -9999 -9999 -9999 -9999 -9999 -9999 -9999 -9999 -9999 -9999 -9999 -9999 -9999 -9999 -9999 -9999 -9999 -9999 -9999 -9999 -9999 -9999 -9999 -9999 -9999 -9999 -9999 -9999 -9999 0.003436703 0.002017856 0.00202172 0.002023652 0.002020174 0.002022493 0.002022493 0.00202713 0.002030221 0.00203254 0.002033699 0.002033312 0.002030221 0.002033699 0.002033312
-9999 -9999 -9999 -9999 -9999 0.000578294 -9999 -9999 -9999 -9999 -9999 -9999 0.002171827 0.002175923 0.002176742 0.002177152 0.002182886 0.003140713 0.0021792 0.002182886 0.002186163 0.002179609 0.003139485 0.002186163 0.002186572 -9999 -9999 -9999 -9999 -9999 -9999 -9999 -9999 -9999 -9999 -9999 -9999 -9999 -9999 -9999 -9999 -9999 -9999 -9999 -9999 -9999 -9999 -9999 -9999 -9999 -9999 -9999 -9999 0.0001311588 0.002015152 0.002015924 0.002016311 0.002019788 0.002016311 0.002019788 0.002018242 0.00202713 0.002026743 0.002028675 0.002931121 0.002026743 0.002030221 0.002036403
-9999 -9999 0.0005713014 0.0005724667 0.002133327 0.002135784 0.002140699 0.002150939 0.002155854 0.002163226 -9999 -9999 0.002171827 0.002170599 0.002171008 0.002310415 0.002175104 0.002178381 0.002173466 0.002174695 0.0036795 0.002177971 0.002173875 0.002177561 0.002177971 0.002175104 -9999 -9999 -9999 -9999 -9999 -9999 -9999 -9999 -9999 -9999 -9999 -9999 -9999 -9999 -9999 -9999 -9999 -9999 -9999 -9999 -9999 -9999 -9999 -9999 -9999 -9999 -9999 -9999 -9999 -9999 -9999 0.002919529 0.002018242 0.002020561 0.002019788 0.002022107 0.002027516 0.002033699 0.002354654 0.00202713 0.002028289 0.002164441
-9999 -9999 0.0005706022 0.00213046 0.002133327 0.002131279 0.002137832 0.002143566 0.002148481 0.002157082 0.002301404 0.002166913 0.002298947 0.002164865 0.002166093 0.00230591 0.002171008 0.002171418 0.003128016 0.002171418 0.003126787 0.002173466 0.002172237 0.00216978 0.003126787 0.002173466 -9999 -9999 -9999 -9999 -9999 -9999 -9999 -9999 -9999 -9999 -9999 -9999 -9999 -9999 -9999 -9999 -9999 -9999 -9999 -9999 -9999 -9999 -9999 -9999 -9999 -9999 -9999 -9999 -9999 -9999 -9999 0.002016311 0.00201747 0.002918756 0.00202172 0.002023652 0.002028675 0.002028289 0.002359291 0.002613048 0.00203563 0.002036017
-9999 -9999 0.002126364 0.002127183 0.003632398 0.002131279 0.002134146 0.002141519 0.002146843 0.002154625 0.002154215 0.00215995 0.002297718 0.002158721 0.002162817 0.002162817 0.002163226 0.002167732 0.002166913 0.002164865 0.002168961 0.002166503 0.002163226 0.002164045 0.002167322 0.002167732 0.00216937 0.002175923 -9999 -9999 -9999 -9999 -9999 -9999 -9999 -9999 -9999 -9999 -9999 -9999 -9999 -9999 -9999 -9999 -9999 -9999 -9999 -9999 -9999 -9999 -9999 -9999 -9999 -9999 -9999 -9999 0.001881318 0.00200781 0.002015924 0.002018242 0.002475736 0.002348471 0.002353881 0.003257486 0.002356973 0.002352722 0.002028289 0.002032153
0.002112028 0.002115715 0.002118582 0.002121039 0.002122268 0.002127183 0.002131688 0.002134965 0.002143976 0.002148891 0.002146843 0.002146024 0.00228625 0.002153806 0.002152987 0.00215995 0.002160769 0.002158721 0.003663526 0.002157082 0.003112452 0.002158721 0.003120644 0.002163636 0.002160769 0.00215954 0.002164045 0.002164045 -9999 -9999 -9999 -9999 -9999 -9999 -9999 -9999 -9999 -9999 -9999 -9999 -9999 -9999 -9999 -9999 -9999 -9999 -9999 -9999 -9999 -9999 -9999 -9999 -9999 -9999 0.001997764 0.002264658 0.002006651 0.002334561 0.002419437 0.003326133 0.002429869 0.002348858 0.002353881 0.002353881 0.002354654 0.002024425 0.002029448 0.002029835
0.002103018 0.002107113 0.002111619 0.002110799 0.002115305 0.002118991 0.00213046 0.002128002 0.003092792 0.00309525 0.002141109 0.002146024 0.002143976 0.00228707 0.00228707 0.002289117 0.002156673 0.002154215 0.002157082 0.002157902 0.002151758 0.003656154 0.002157492 0.003111223 0.002155854 0.002157492 0.0031145 0.002165684 0.002168141 0.002168551 0.002166093 -9999 -9999 -9999 -9999 -9999 -9999 -9999 -9999 -9999 -9999 -9999 -9999 -9999 -9999 -9999 -9999 -9999 -9999 -9999 -9999 -9999 -9999 0.0001232279 0.002127734 0.00200356 0.002333015 0.002333015 0.002416732 0.002422141 0.003333474 0.002435665 0.002355427 0.00202713 0.002027903 0.002025198 0.00203563 0.002034085
0.003602089 0.002103427 0.002105065 0.003064531 0.002113667 0.002119401 0.002122678 0.002124316 0.00213005 0.00213046 0.002134146 0.002272733 0.002279697 0.002147252 0.002150529 0.002147252 0.002282974 0.00214971 0.002151348 0.002153806 0.003107537 0.002148481 0.002151348 0.002146843 0.002152167 0.003110404 0.002152167 0.002157082 0.002160769 0.002164045 0.002162817 0.002165684 -9999 -9999 -9999 -9999 -9999 -9999 -9999 -9999 -9999 -9999 -9999 -9999 -9999 -9999 -9999 -9999 -9999 -9999 -9999 -9999 -9999 -9999 -9999 -9999 0.003233916 0.002337266 0.003323042 0.002423301 0.00242446 0.002433347 0.002349631 0.002025971 0.002028289 0.002027903 0.002030221 0.002035244
0.002095236 0.002098103 0.002098922 0.002108752 0.002112438 0.002118991 0.002121039 0.002118991 0.002119401 0.002257989 0.002125135 0.002128412 0.002137423 0.00213988 0.002143976 0.003102622 0.002145614 0.002151758 0.003103441 0.002147662 0.003102622 0.002146024 0.002146843 0.002147662 0.002148072 0.00215012 0.002147662 0.002150939 0.002155854 0.002161998 0.003115729 0.002165684 -9999 -9999 -9999 -9999 -9999 -9999 -9999 -9999 -9999 -9999 -9999 -9999 -9999 -9999 -9999 -9999 -9999 -9999 -9999 -9999 -9999 -9999 -9999 -9999 0.002003173 0.00233147 0.00242021 0.003240484 0.002344221 0.002346926 0.002346153 0.002351562 0.002025971 0.002025971 0.002030607 0.002034085
0.002090321 0.002094007 0.002097284 0.002105065 0.002109981 0.002111619 0.002111619 0.002113257 0.002115715 0.002116534 0.002255122 0.002126773 0.002131279 0.002131688 0.002136603 0.002141519 0.002143566 0.002144795 0.002143566 0.002139471 0.003100984 0.002143976 0.002145614 0.003100984 0.002147662 0.002148891 0.002148072 0.00214971 0.002153396 0.002156264 0.00215995 0.002508766 -9999 -9999 -9999 -9999 -9999 -9999 -9999 -9999 -9999 -9999 -9999 -9999 -9999 -9999 -9999 -9999 -9999 -9999 -9999 -9999 -9999 -9999 -9999 -9999 -9999 0.002904073 0.002329924 0.003239712 0.002337266 0.002338812 0.002348086 0.002349244 0.00235079 0.002026357 0.002032153 0.002030994
0.00209155 0.002095236 0.002096055 0.002099331 0.002102198 0.002105065 0.002108342 0.002108342 0.002113667 0.002116124 0.002122268 0.002124316 0.003078457 0.002125544 0.0030846 0.003090744 0.002137013 0.00309525 0.00213988 0.002137423 0.00213988 0.002147662 0.002146024 0.002146024 0.002145614 0.002146843 0.002146843 0.002147252 0.002148072 0.002151758 0.002155854 0.002591362 -9999 -9999 -9999 -9999 -9999 -9999 -9999 -9999 -9999 -9999 -9999 -9999 -9999 -9999 -9999 -9999 -9999 -9999 -9999 -9999 -9999 -9999 -9999 -9999 -9999 -9999 0.00341661 0.002907551 0.002011287 0.002336493 0.002426778 0.003843307 0.002427938 0.002431415 0.002434506 0.002518996
0.002087863 0.002092368 0.002095645 0.002094826 0.002099741 0.002103837 0.002108342 0.002104656 0.00306576 0.002112028 0.002118582 0.002116124 0.002118582 0.00211981 0.002119401 0.003628712 0.002129231 0.003090744 0.002135784 0.002134555 0.002135375 0.003093611 0.00309525 0.003097297 0.002141928 0.002143976 0.002146433 0.002144795 0.002146433 0.002147662 0.00214971 0.002586856 0.006875287 -9999 -9999 -9999 -9999 -9999 -9999 -9999 -9999 -9999 -9999 -9999 -9999 -9999 -9999 -9999 -9999 -9999 -9999 -9999 -9999 -9999 -9999 -9999 -9999 -9999 -9999 0.00200356 0.002334175 0.00233688 0.002419051 0.00250779 0.002508949 0.002594597 0.00260078 0.002680632
0.002086634 0.002084996 0.002089501 0.002098513 0.002096055 0.002104656 0.003058797 0.003062483 0.002111209 0.002111209 0.002117762 0.002110799 0.002115715 0.002117353 0.003624206 0.003629531 0.002128412 0.002131688 0.002271096 0.002132917 0.002133736 0.002134555 0.002139061 0.002138651 0.002137013 0.002143976 0.002142338 0.002143566 0.003103851 0.002145204 0.002144385 0.006688103 0.006871925 0.006869403 -9999 -9999 -9999 -9999 -9999 -9999 -9999 -9999 -9999 -9999 -9999 -9999 -9999 -9999 -9999 -9999 -9999 -9999 -9999 -9999 -9999 -9999 -9999 -9999 -9999 0.002006264 0.002334175 0.002336107 0.002418664 0.00250354 0.002506244 0.002753916 0.002758553 0.004652184
0.002078852 0.002082948 0.002083767 0.002094007 0.002098103 0.002097693 0.002096055 0.002103427 0.002108752 0.002109161 0.002109571 0.002108342 0.002111619 0.002113257 0.002119401 0.002121858 0.002124316 0.002265361 0.002262494 0.002129231 0.002129231 0.003089106 0.002134555 0.002133327 0.002138241 0.002139471 0.002144385 0.002141109 0.002146433 0.002146024 0.005967107 0.005967107 0.006691466 0.006693988 -9999 -9999 -9999 0.005979719 0.005992328 0.00599401 -9999 4.55794e-05 -9999 -9999 -9999 -9999 -9999 -9999 -9999 -9999 -9999 -9999 -9999 -9999 -9999 -9999 -9999 -9999 -9999 -9999 0.0002141366 0.002333402 0.002419437 0.002501994 0.002749666 0.003979249 0.004152091 0.004235807
0.001939855 0.002080081 0.002082538 0.002087863 0.002090321 0.00209155 0.002096874 0.002102608 0.002107523 0.002108342 0.002105065 0.002104656 0.00211039 0.002109981 0.002113667 0.002122678 0.002260447 0.002125544 0.003079276 0.002127592 0.002126773 0.002129231 0.002133736 0.002273144 0.002134555 0.002134965 0.002135375 0.002141109 0.002142338 0.002141519 0.005962064 0.005959542 0.005962064 0.005966267 0.005975514 0.005978878 0.005987284 0.005981399 0.005980558 0.005983081 0.005982241 0.005985603 0.005988966 0.006008302 -9999 -9999 -9999 -9999 -9999 -9999 -9999 -9999 -9999 -9999 -9999 -9999 -9999 -9999 -9999 -9999 -9999 0.0002141366 0.002410164 0.003397871 0.002745802 0.003486884 0.00876357 0.008934096
0.0004370402 0.0004399201 0.002082129 0.002080491 0.002086634 0.002089911 0.002093597 0.002102198 0.002099741 0.002103427 0.002104246 0.003056749 0.002109981 0.002107932 0.002112028 0.002114076 0.00212063 0.002125954 0.002123087 0.002124725 0.00212964 0.002123496 0.003089925 0.002134146 0.002131688 0.002134146 0.002128821 0.001998016 0.002139061 0.00595786 0.005960383 0.005959542 0.005962064 0.005966267 0.006251562 0.006255765 0.005972993 0.007934746 0.005975514 0.005978878 0.005983081 0.005987284 0.005985603 0.005990647 0.005996532 -9999 -9999 -9999 -9999 -9999 -9999 -9999 -9999 -9999 -9999 -9999 -9999 -9999 -9999 -9999 -9999 -9999 0.002130825 0.002662471 0.002990768 0.003485725 0.009008924 0.003959834
0.0004370402 0.0004379264 0.0004385909 0.002080491 0.002082129 0.002085815 0.002089092 0.002093188 0.002235052 0.00210015 0.002098103 0.002097693 0.003057977 0.002108342 0.002109161 0.002116944 0.00307518 0.002123907 0.002125135 0.003080504 0.002123907 0.002123907 0.002123087 0.003080095 0.003625846 0.002125135 0.002127183 0.002131688 0.005950294 0.005958701 0.005953657 0.005953657 0.00595702 0.005961223 0.005963745 0.005956179 0.005966267 0.005976355 0.005972151 0.005983081 0.005983921 0.005979719 0.007946515 0.005988125 0.005988966 0.00599569 -9999 -9999 -9999 -9999 -9999 -9999 -9999 -9999 -9999 -9999 -9999 -9999 -9999 -9999 -9999 -9999 -9999 0.002702929 0.00303509 0.004743707 0.003822136 0.004729605
0.0004334957 0.0004377047 0.0004377047 0.0020809 0.002078443 0.0020809 0.002084587 0.002086634 0.002088273 0.002092778 0.00209073 0.003051015 0.003051834 0.002104246 0.00306535 0.002114076 0.002118172 0.003072313 0.002116534 0.002464121 0.002122678 0.002122678 0.002122268 0.002119401 0.00307518 0.002124725 0.002125544 0.002126364 0.002269048 0.006227182 0.005940206 0.005942727 0.005950294 0.005955338 0.005949454 0.005951976 0.005952816 0.005958701 0.005967107 0.007936427 0.005973834 0.005975514 0.005962064 0.005972993 0.005985603 0.005989805 -9999 -9999 -9999 -9999 -9999 -9999 -9999 -9999 -9999 -9999 4.004162e-13 2.586132e-06 0.0002068952 0.001983467 0.002448689 0.002325674 0.002330697 0.002457963 0.003834032 0.004089432 0.003131557 0.005223901
0.0004346032 0.0004339385 0.0004346032 0.002075166 0.002073528 0.002072299 0.001943951 0.003039137 0.002084177 0.002088273 0.002088682 0.002093597 0.002101379 0.002101789 0.002106704 0.002112847 0.002111209 0.002112847 0.002461663 0.002458797 0.002461254 0.002467807 0.002255122 0.002252664 0.002252664 0.002119401 0.002119401 0.0030846 0.001997606 0.00594525 0.00594441 0.005941888 0.005941047 0.005946091 0.005941888 0.005939366 0.005955338 0.005955338 0.005958701 0.005963745 0.005966267 0.005967107 0.00596963 0.005975514 0.005984762 0.005985603 -9999 -9999 -9999 -9999 -9999 -9999 -9999 -9999 -9999 5.52345e-05 0.00197458 0.002305968 0.002311377 0.002308673 0.002186818 0.002449461 0.002405527 0.002454871 0.003753021 0.002636214 0.003575736 0.003826112
0.0004290648 0.0004319448 0.002068612 0.002070661 0.002071889 0.002074756 0.002070251 0.002074756 0.002076804 0.001945589 0.002088273 0.002094826 0.002092778 0.003053063 0.003060026 0.002107932 0.002109161 0.002105065 0.002454701 0.002458387 0.002460025 0.003420309 0.00307559 0.002253484 0.002115305 0.002115305 0.001977946 0.003623388 0.002128821 0.00593348 0.005939366 0.005941888 0.005930118 0.005936003 0.005936003 0.007906163 0.005941047 0.005943569 0.005954498 0.00595786 0.005956179 0.005963745 0.005962064 0.005966267 0.005972151 0.005976355 -9999 -9999 -9999 -9999 -9999 -9999 -9999 -9999 0.001965693 0.001971875 0.00197458 0.001978058 0.002437097 0.003208414 0.002306741 0.002440188 0.002399344 0.002453712 0.003750316 0.002549793 0.002510108 0.002595757
0.0004264061 0.0004266278 0.002063698 0.002070251 0.002068203 0.002064517 0.002069432 0.002073937 0.002075576 0.002074756 0.001946818 0.002089501 0.003047738 0.002092368 0.002094007 0.002097284 0.002101379 0.002103018 0.002109571 0.00245552 0.002110799 0.00306576 0.003071084 0.002253484 0.002112438 0.002112028 0.002114076 0.005909102 0.005920871 0.005926756 0.005928436 0.005925915 0.005926756 0.005927597 0.007888509 0.005927597 0.0059318 0.007899438 0.009029686 0.005941888 0.005953657 0.005954498 0.005960383 0.005962064 0.005967949 0.005972151 -9999 0.005980558 -9999 -9999 -9999 4.954492e-05 0.001961829 0.001957965 0.001960283 0.001838042 0.001968398 0.002301331 0.003801575 0.003289425 0.00328672 0.003291743 0.002526222 0.002532405 0.002463758 0.002549406 0.002422141 0.002346539
0.0004244124 0.0004261846 0.002058783 0.002065746 0.002064927 0.002066974 0.00207107 0.00207107 0.002069022 0.002075576 0.002077214 0.00194518 0.002085405 0.002087453 0.002088273 0.00209155 0.002095236 0.002100969 0.002101379 0.002103018 0.002105475 0.002105884 0.00224693 0.002108752 0.002109571 0.003612738 0.002113667 0.00590742 0.006191874 0.005912464 0.005920029 0.005916667 0.005914145 0.005924233 0.005920871 0.008598575 0.006641867 0.005936003 0.005654912 0.005930959 0.005939366 0.005941047 0.005955338 0.005954498 0.005961223 0.005964587 0.005978878 0.005983081 0.005993169 0.006000734 0.006005779 0.006009141 0.006013345 0.00195642 0.00196067 0.001967625 0.001965306 0.002382343 0.002511153 0.003365414 0.002466059 0.003369277 0.002604916 0.002530473 0.002540519 0.003752635 0.002469554 0.002013992
0.0004233049 0.0004259633 0.002053458 0.002063698 0.002063288 0.002064107 0.002067794 0.002070661 0.002071889 0.002076804 0.002072708 0.002075985 0.002077624 0.002078033 0.002089911 0.002087044 0.002092368 0.002098513 0.00305511 0.002098922 0.002100969 0.00210056 0.002101789 0.002107113 0.002103018 0.002107523 0.002109161 0.005897332 0.005890606 0.005905738 0.005893969 0.00590742 0.007874218 0.007881784 0.00859353 0.00877315 0.00681644 0.008778194 0.005930959 0.005930118 0.005925915 0.00593348 0.005941047 0.005960383 0.005960383 0.005971311 0.005972993 0.005976355 0.005992328 0.00599485 0.006004097 0.007974258 0.006009141 0.006005779 0.001958738 0.001964533 0.002099527 0.00251154 0.003363095 0.003366187 0.003446812 0.003451835 0.003377778 0.002532792 0.003828237 0.003424725 0.00214203 0.002143962
0.0004213109 0.002047724 0.002053048 0.002055506 0.002055506 0.002062059 0.00206124 0.002064517 0.002066974 0.002075576 0.002077624 0.002073118 0.002079262 0.002079671 0.002080081 0.002084177 0.002089092 0.002092778 0.002229728 0.002097693 0.002099741 0.002096055 0.00210015 0.002103837 0.003602498 0.00210015 0.001969345 0.005891447 0.005885562 0.005899014 0.005892288 0.005892288 0.005899014 0.00787674 0.006627575 0.00877483 0.008779874 0.006811396 0.006637662 0.005930118 0.005934321 0.005926756 0.005947772 0.005960383 0.005959542 0.005963745 0.005972993 0.005974674 0.005989805 0.005986443 0.00599569 0.006002416 0.006002416 0.006726773 0.008034119 0.002375388 0.002377319 0.002380411 0.003365414 0.002673949 0.003447971 0.003454926 0.003456858 0.002532405 0.003827851 0.002133916 0.002141257 0.002137007
0.002044037 0.002048953 0.003007599 0.002055096 0.002055096 0.002055506 0.002058783 0.002065746 0.002065336 0.003024392 0.002069842 0.002070251 0.002073528 0.002077214 0.00208131 0.00208131 0.002086634 0.003042823 0.002091959 0.002091959 0.002098513 0.002093597 0.003596764 0.002098922 0.002098103 0.002099331 0.002105884 0.005883881 0.005879678 0.005883881 0.005888925 0.005888925 0.007862448 0.007869174 0.008762221 0.006798786 0.007079876 0.006808033 0.006635981 0.005918349 0.005936003 0.005936844 0.00594441 0.005951135 0.005951135 0.005952816 0.005972993 0.005973834 0.005991488 0.005988966 0.00599401 0.006711642 0.00687949 0.007075922 0.008205332 0.007090213 0.00245524 0.002459877 0.002545139 0.002551321 0.00254823 0.002554412 0.002603756 0.002532792 0.002411322 0.00233688 0.002007037 0.002134302
0.002042399 0.002182216 0.002048133 0.00205223 0.002050591 0.002055506 0.002057964 0.002062469 0.002067384 0.002066974 0.002065336 0.002068612 0.002071889 0.001938217 0.002078852 0.002079671 0.002083767 0.002087044 0.003046509 0.00209073 0.002092778 0.002089501 0.00209073 0.002095645 0.00209155 0.002099331 0.002101789 0.005883881 0.005867908 0.005874634 0.005877996 0.005884722 0.005897332 0.005891447 0.005897332 0.006620849 0.006795422 0.00859185 0.00787674 0.005914986 0.005925074 0.005925915 0.005936003 0.005948612 0.005940206 0.00595702 0.005967107 0.005974674 0.005979719 0.005998212 0.00599401 0.006702395 0.007064153 0.007248815 0.007435159 0.007615617 0.007446088 0.007458698 0.00305188 0.002545911 0.002469923 0.002472242 0.002605302 0.002402436 0.002328379 0.002329152 0.0020024 0.002005878
