02_Processed_Data/Guangdong-driving/GDP/jizhongtxt/gd-gdp-19-txt.txt
ncols         755
nrows         605
xllcorner     491130
yllcorner     2101946
cellsize      1000
NODATA_value  -9999
[rows 240 to 269 of 605, columns 264 to 329 of 755]
0.001383899 0.001383027 0.0004031283 0.0004040009 0.0004040009 0.0004031283 0.0004022558 0.0004022558 0.003410012 0.003410885 0.00341263 0.003403032 0.003403904 0.003415247 0.003410012 0.003407394 0.00341612 0.004970171 0.003433571 0.003422228 0.003423973 0.003420483 0.003429209 0.003423973 0.003452768 0.004982387 0.003472837 0.003463239 0.004452736 0.005142068 0.003369874 0.003629028 0.005541706 0.003451023 0.005079243 0.004004234 0.004224995 0.004299163 0.004540866 0.004151698 0.003455386 0.003403904 0.003392561 0.003402159 0.007388941 0.007397667 0.003426591 0.003333226 0.003411757 0.003549624 0.007369745 0.007377598 0.007406393 0.007072197 0.009448212 0.007349676 0.01020822 0.007838316 0.009744014 0.007928191 0.008841773 0.008094852 0.007270271 0.009538086 0.01013754 0.0133233
0.001383027 0.001382154 0.001381282 0.0004031283 0.0004040009 0.0004031283 0.0004022558 0.0004013832 0.003410012 0.003410885 0.003425718 0.003411757 0.003406522 0.003414375 0.003411757 0.003410012 0.004955337 0.005043467 0.00341263 0.003416993 0.004400381 0.003417865 0.004409107 0.004964936 0.003418738 0.00341612 0.003421356 0.003428336 0.003474582 0.004628995 0.003437934 0.003635136 0.00350076 0.003481563 0.003428336 0.003509485 0.00514294 0.005148176 0.004129012 0.005016417 0.004985877 0.003403032 0.003682255 0.003410012 0.003420483 0.003431826 0.003299195 0.004221504 0.003423973 0.003474582 0.003455386 0.00341612 0.007388069 0.007071325 0.007854895 0.00819258 0.01261041 0.00830776 0.01134257 0.01001189 0.0096681 0.01041153 0.007232751 0.009510164 0.009484859 0.007077433
0.001383027 0.001382154 0.001382154 0.0004031283 0.0004040009 0.0004031283 0.0004031283 0.0004022558 0.003415247 0.003410885 0.003420483 0.003415247 0.00341263 0.003411757 0.003420483 0.003414375 0.004964936 0.003411757 0.003416993 0.003427464 0.003427464 0.003424846 0.004418706 0.003340206 0.003692725 0.003408267 0.003414375 0.003429209 0.004427431 0.004465824 0.003651715 0.003633391 0.003664803 0.004987623 0.004673496 0.00516999 0.004531267 0.005087968 0.005063536 0.005022525 0.005004202 0.003441425 0.003455386 0.003559222 0.003423973 0.004007724 0.004454481 0.004619397 0.003453641 0.003476328 0.003327118 0.003288724 0.007135023 0.003343696 0.007525935 0.01193068 0.008968296 0.01119248 0.008782439 0.0117073 0.009950813 0.01087399 0.007363637 0.007440423 0.007674272 0.009463917
0.001801862 0.001381282 0.001381282 0.0004240701 0.0004249426 0.0004031283 0.0004022558 0.003410012 0.003408267 0.003413502 0.004953592 0.003420483 0.00341263 0.003414375 0.004954465 0.003417865 0.003411757 0.003408267 0.003411757 0.004395146 0.003423101 0.004404744 0.003557477 0.004398637 0.00341612 0.003402159 0.003416993 0.004002489 0.003499015 0.005432634 0.005625473 0.003555732 0.004378567 0.004607181 0.004915199 0.005003329 0.005763339 0.004733704 0.003738099 0.004614162 0.005122871 0.003478945 0.003768639 0.003440552 0.003462366 0.003536535 0.00447455 0.004130756 0.004527777 0.003585399 0.003336716 0.005404712 0.003436189 0.003364638 0.007184759 0.009664609 0.01037139 0.007696087 0.009655011 0.00955292 0.007200466 0.01024312 0.009767573 0.00954943 0.009486604 0.007970074
0.001800989 0.001381282 0.001378664 0.0004022558 0.001381282 0.001379537 0.001380409 0.001380409 0.001377792 0.003410885 0.003414375 0.003411757 0.003414375 0.00495621 0.004946612 0.00341263 0.003413502 0.003420483 0.003418738 0.004398637 0.004957083 0.004394273 0.003410012 0.00341263 0.003405649 0.004405617 0.003569693 0.003322755 0.005466665 0.005512038 0.004117668 0.005627218 0.003784345 0.009605275 0.009844359 0.009859193 0.006744983 0.003787836 0.0042948 0.004533885 0.005039977 0.004497237 0.003510358 0.003461494 0.003470219 0.004475423 0.004464079 0.003670911 0.005519892 0.00462027 0.004211906 0.005239796 0.004234593 0.003348059 0.007211809 0.0096681 0.01015761 0.009605275 0.01004505 0.009673336 0.007199593 0.00996652 0.009634942 0.009569499 0.007820864 0.007250202
0.001381282 0.001380409 0.001379537 0.001380409 0.001382154 0.001379537 0.001382154 0.001380409 0.001378664 0.00341612 0.003410885 0.003420483 0.003416993 0.003434444 0.003465857 0.003442297 0.003437062 0.004402127 0.004396891 0.004950975 0.003414375 0.003404777 0.003404777 0.003405649 0.004381185 0.004376822 0.003410012 0.004955337 0.004981515 0.00501031 0.005027761 0.005631581 0.00574327 0.003885564 0.00948835 0.004013832 0.009915038 0.005438742 0.004586239 0.003623792 0.003520829 0.004489384 0.00452865 0.00356184 0.003576673 0.005490224 0.003437934 0.003757296 0.00492916 0.005043467 0.004690948 0.004511198 0.004526904 0.007340077 0.007242349 0.007254565 0.008648936 0.00985483 0.009714346 0.009703876 0.007268526 0.007928191 0.01001626 0.01013493 0.01003458 0.01236522
0.001388262 0.001802734 0.001382154 0.001382154 0.001381282 0.001380409 0.001380409 0.001381282 0.001378664 0.001382154 0.003418738 0.003416993 0.004957955 0.003429209 0.003423101 0.004397764 0.00537679 0.003420483 0.003414375 0.003410012 0.003415247 0.003417865 0.003414375 0.004949229 0.003410012 0.003416993 0.003403904 0.003408267 0.003434444 0.003449278 0.003589762 0.004522542 0.005576609 0.004695311 0.003597615 0.005252885 0.004930906 0.005413438 0.004432667 0.003681382 0.005286915 0.003563585 0.004269496 0.004655173 0.004655173 0.003904761 0.004622887 0.003747697 0.004820089 0.004731959 0.004578386 0.004579259 0.003391688 0.007370617 0.009676825 0.007239731 0.01011224 0.009944705 0.007848787 0.007334842 0.009802476 0.007422099 0.008481402 0.009717836 0.00906079 0.01021695
0.001384772 0.001383027 0.001383899 0.001800116 0.001381282 0.001380409 0.001379537 0.001380409 0.001378664 0.001378664 0.001380409 0.003410012 0.003442297 0.003418738 0.003415247 0.003417865 0.00341961 0.003414375 0.003406522 0.003406522 0.003410885 0.00340914 0.00340914 0.004398637 0.005394241 0.003557477 0.003404777 0.003402159 0.003415247 0.003421356 0.003442297 0.004994603 0.004546973 0.004889894 0.003800924 0.004075785 0.003552241 0.004582749 0.003831464 0.003706687 0.003525192 0.004578386 0.004571406 0.003493779 0.003659568 0.003997253 0.004587112 0.004707527 0.004418706 0.004252917 0.004655173 0.004547846 0.003413502 0.009673336 0.009586078 0.00867424 0.007185632 0.01041677 0.01037925 0.008094852 0.009659374 0.009651521 0.008084381 0.00906079 0.009700385 0.009602657
0.001386517 0.001384772 0.001383027 0.001801862 0.001382154 0.001378664 0.001382154 0.001380409 0.001377792 0.001389135 0.001380409 0.001379537 0.001380409 0.00340914 0.003414375 0.00341612 0.003415247 0.003407394 0.003406522 0.004949229 0.003410885 0.00341612 0.003407394 0.004391656 0.003553987 0.003560094 0.003404777 0.003399541 0.003400414 0.003410885 0.00340914 0.003417865 0.003740717 0.004499855 0.00353828 0.003471965 0.003482436 0.004070549 0.003844553 0.004259897 0.004813981 0.004692693 0.003424846 0.003510358 0.004209288 0.004759009 0.005434379 0.005216237 0.005217109 0.00380965 0.00459322 0.00462376 0.003381217 0.009684678 0.00963756 0.008120157 0.007293831 0.009609638 0.01028501 0.01000579 0.007314772 0.009682934 0.01012271 0.007684743 0.00957997 0.007215299
0.001805352 0.001442362 0.001381282 0.001382154 0.001382154 0.001382154 0.001383899 0.001382154 0.001379537 0.002066251 0.001377792 0.001377792 0.001378664 0.001376046 0.003411757 0.003407394 0.003410012 0.001676211 0.003411757 0.003408267 0.003418738 0.003408267 0.003404777 0.004934396 0.003400414 0.003401286 0.003396051 0.003389943 0.003393433 0.003398669 0.003396051 0.001675339 0.003426591 0.00343968 0.003451895 0.003668293 0.003630773 0.003593252 0.004425686 0.003345442 0.004629868 0.004231102 0.004638594 0.004266005 0.003461494 0.004251172 0.004649937 0.004630741 0.00489164 0.005238923 0.004920435 0.004444883 0.007305174 0.00964454 0.007264163 0.008673367 0.008784184 0.009830398 0.01087574 0.01189578 0.01148654 0.01134867 0.007736225 0.008663769 0.0100084 0.007811266
0.001802734 0.001383899 0.001383027 0.001383027 0.001385645 0.001401351 0.001454578 0.001444107 0.001381282 0.001380409 0.001376919 0.001379537 0.001378664 0.001378664 0.001677084 0.001677956 0.001675339 0.001677956 0.001676211 0.001679701 0.00340914 0.003406522 0.003406522 0.003406522 0.003401286 0.003396051 0.003397796 0.003391688 0.003392561 0.003395178 0.001670103 0.001670976 0.001683192 0.001697153 0.001690172 0.001749507 0.001785283 0.003305303 0.004430921 0.004441393 0.004431794 0.003316647 0.00340914 0.003367256 0.003417865 0.003523446 0.004639466 0.004543483 0.00462376 0.004604564 0.004515561 0.004572278 0.007364509 0.01181899 0.009641923 0.007221407 0.009719581 0.007520699 0.009035485 0.01152755 0.0120476 0.007383706 0.00747009 0.01101361 0.008895873 0.01061746
0.001385645 0.001385645 0.001396988 0.001813205 0.001447597 0.001415312 0.001384772 0.001379537 0.001378664 0.001376046 0.001376919 0.001377792 0.001378664 0.001673593 0.001674466 0.001678829 0.001676211 0.001677956 0.001678829 0.001679701 0.001676211 0.001677084 0.00340914 0.00340914 0.003398669 0.003399541 0.003398669 0.001667485 0.001668358 0.001670103 0.001666613 0.001670976 0.001684937 0.001766086 0.001911806 0.001704133 0.001629965 0.003310539 0.00332101 0.004428304 0.004465824 0.003344569 0.003394306 0.00338209 0.003353295 0.003524319 0.004454481 0.004407362 0.00447455 0.00465779 0.004738939 0.009967392 0.007360146 0.009643667 0.009678571 0.01076841 0.01080855 0.009284168 0.01162353 0.01095776 0.009687296 0.007292086 0.009778917 0.01064887 0.009102673 0.01041764
0.001390007 0.001403096 0.002257344 0.002136929 0.001551433 0.001390007 0.001805352 0.001384772 0.001380409 0.001378664 0.001380409 0.001381282 0.001380409 0.001676211 0.001676211 0.001677084 0.001676211 0.001678829 0.001679701 0.001678829 0.001677956 0.001676211 0.001677084 0.001676211 0.003684872 0.003401286 0.001670103 0.001669231 0.001667485 0.001670976 0.001669231 0.001683192 0.00171984 0.001884756 0.002371651 0.001698898 0.001669231 0.003378599 0.003374237 0.004449246 0.003325372 0.004429176 0.003354167 0.00462027 0.003377727 0.004100217 0.00441347 0.004902983 0.004437029 0.004306144 0.007746696 0.01109999 0.01110697 0.01086789 0.01084171 0.007867111 0.01085131 0.01131377 0.009749249 0.01108603 0.007483179 0.007480561 0.01021433 0.0085896 0.009699512 0.009991824
0.001395243 0.001557541 0.001432764 0.001452833 0.001429273 0.001385645 0.001383899 0.001382154 0.001383027 0.002042691 0.001381282 0.001382154 0.001679701 0.001677084 0.001678829 0.001676211 0.001676211 0.001677956 0.001675339 0.001677956 0.001677084 0.001677084 0.001670976 0.001671848 0.001671848 0.001672721 0.001672721 0.001672721 0.001670103 0.001673593 0.001694535 0.001711987 0.002254727 0.002383867 0.002925735 0.002095918 0.002148273 0.001718967 0.003403032 0.004561807 0.003381217 0.004480658 0.004615034 0.003475455 0.004492002 0.003349805 0.00438642 0.005140323 0.004555699 0.007369745 0.007597486 0.007289468 0.009261481 0.007886307 0.0081315 0.008996219 0.00980073 0.008996219 0.0115101 0.00818909 0.009807711 0.009815564 0.01108079 0.008947355 0.009616618 0.009822545
0.001391753 0.001396116 0.001386517 0.00138739 0.001381282 0.001381282 0.001381282 0.001379537 0.001380409 0.001381282 0.001379537 0.001674466 0.001677956 0.001677084 0.001678829 0.001679701 0.002465016 0.002465889 0.002465889 0.001677084 0.001676211 0.001677956 0.001677084 0.001674466 0.001675339 0.001674466 0.001675339 0.001820186 0.001675339 0.001706751 0.001725075 0.00169628 0.002266943 0.002023495 0.002259962 0.001651779 0.001634328 0.001636945 0.003335843 0.003488544 0.00353828 0.004642084 0.004603691 0.004649937 0.003415247 0.003346314 0.004190092 0.003476328 0.003373364 0.007460492 0.007600976 0.007557347 0.007796432 0.00978677 0.007983163 0.01096474 0.01085305 0.0109883 0.01053893 0.01025883 0.01032253 0.008237954 0.007847914 0.007788579 0.009712601 0.009544195
0.001382154 0.001800116 0.001382154 0.001379537 0.001438871 0.001437999 0.001439744 0.001378664 0.001379537 0.001378664 0.001377792 0.001748635 0.002465889 0.001749507 0.002467634 0.001749507 0.001678829 0.001821058 0.001677084 0.001679701 0.001683192 0.001677956 0.001676211 0.001675339 0.001680574 0.001682319 0.001683192 0.001690172 0.001954562 0.001765214 0.002332385 0.002207607 0.002205862 0.001637818 0.002236403 0.001633455 0.001640436 0.001632583 0.003437062 0.004598456 0.00416566 0.005095821 0.004473677 0.005557412 0.004634231 0.003488544 0.004653427 0.003448405 0.004576641 0.00948835 0.008993601 0.00816204 0.007949132 0.009305109 0.01116194 0.01175791 0.007460492 0.007658566 0.01026232 0.01032776 0.007966584 0.00827722 0.007433442 0.02260922 0.02429415 0.01109912
0.001382154 0.001382154 0.001378664 0.001378664 0.001377792 0.001379537 0.001383027 0.001440617 0.001377792 0.002037456 0.001379537 0.001675339 0.001675339 0.001751252 0.002465016 0.001678829 0.001676211 0.001677084 0.001679701 0.001679701 0.002475487 0.001684937 0.001684937 0.001681447 0.001685809 0.001695408 0.001708496 0.001984229 0.002301845 0.002259089 0.002219824 0.002371651 0.001629092 0.001629965 0.002219824 0.001622112 0.001624729 0.001618621 0.005409075 0.00405746 0.00523456 0.002310571 0.003335843 0.003300941 0.003322755 0.00453912 0.005847106 0.004097599 0.004473677 0.004573151 0.009100928 0.008117539 0.008007595 0.00800934 0.01131203 0.008963934 0.007765892 0.007744951 0.009806839 0.009094819 0.008795528 0.0079788 0.0226258 0.02251149 0.02313538 0.02362838
0.001799244 0.001382154 0.001377792 0.001379537 0.001378664 0.001380409 0.001441489 0.001437126 0.001379537 0.001379537 0.001380409 0.001676211 0.001676211 0.001677084 0.001677956 0.001677956 0.001679701 0.001677956 0.001681447 0.001678829 0.001686682 0.001682319 0.001690172 0.001693663 0.001699771 0.001703261 0.002424878 0.002580196 0.002320169 0.00229312 0.001652652 0.001667485 0.001650907 0.00163171 0.001651779 0.001624729 0.001620367 0.001618621 0.003589762 0.001697153 0.002246001 0.001670103 0.002193647 0.007155965 0.007203956 0.003340206 0.003362021 0.00343968 0.004574023 0.01291494 0.007976182 0.008962189 0.008068675 0.01133035 0.009581715 0.007730117 0.009208255 0.009394985 0.01005639 0.009114888 0.01090628 0.007337459 0.02251585 0.01509812 0.01876292 0.02177417
0.001383899 0.001382154 0.001800116 0.001442362 0.001381282 0.001440617 0.001440617 0.001438871 0.001377792 0.001378664 0.001379537 0.001379537 0.001677956 0.001678829 0.001681447 0.001680574 0.001680574 0.001680574 0.001684064 0.0016893 0.001698026 0.001691045 0.001698898 0.00171984 0.001732928 0.00254093 0.00283935 0.001893482 0.001835892 0.001762596 0.001724203 0.001842872 0.001710241 0.001636945 0.002217206 0.001717222 0.001664868 0.001625602 0.002003426 0.001988592 0.001616004 0.001992955 0.001618621 0.002189283 0.007183887 0.004452736 0.009639305 0.003449278 0.008873186 0.009890606 0.007954368 0.01121953 0.008140226 0.007796432 0.01180852 0.007758039 0.007665547 0.008320848 0.01174133 0.007580034 0.01171341 0.01107643 0.02127593 0.0230298 0.01585027 0.01693837
0.001382154 0.001383027 0.001381282 0.001441489 0.002041819 0.001442362 0.001442362 0.001439744 0.001379537 0.001379537 0.001378664 0.001500824 0.001381282 0.001382154 0.001677956 0.002469379 0.001679701 0.002184921 0.001691045 0.001693663 0.001698026 0.001714604 0.00172333 0.001831529 0.002698866 0.002810555 0.0028123 0.002024367 0.002401319 0.002318424 0.001771322 0.002520861 0.001990337 0.001646544 0.002216333 0.002022622 0.001794881 0.001644799 0.001629965 0.001629965 0.001623857 0.001611641 0.001610768 0.001620367 0.009593931 0.009614 0.009584333 0.003375109 0.008846137 0.007287723 0.01976638 0.008213522 0.008027664 0.007907249 0.008390654 0.008559933 0.008531138 0.00970911 0.01144815 0.01225091 0.007590505 0.01540962 0.01557367 0.01974718 0.02130559 0.01885454
0.001382154 0.001382154 0.001383027 0.001380409 0.001381282 0.001383027 0.001380409 0.001380409 0.001441489 0.001439744 0.001379537 0.001378664 0.001378664 0.001380409 0.001801862 0.001444107 0.001682319 0.001684064 0.0016893 0.001698898 0.001704133 0.001745144 0.002011279 0.002227677 0.002986815 0.002364671 0.002300973 0.001944963 0.001828039 0.002313189 0.002367288 0.001814078 0.002268688 0.002284394 0.001660505 0.002770417 0.002121223 0.002024367 0.001641308 0.002206735 0.001622984 0.00162822 0.001617749 0.001618621 0.007203083 0.007181269 0.009538086 0.007213554 0.01006425 0.007417736 0.02016863 0.01995049 0.009511909 0.008836539 0.01082862 0.01264008 0.01010526 0.01013318 0.008653298 0.008190835 0.01025883 0.02294428 0.0161103 0.01570019 0.0229408 0.02528365
0.001384772 0.001383027 0.001381282 0.001382154 0.001382154 0.001444107 0.001383027 0.001379537 0.001380409 0.001380409 0.001380409 0.001379537 0.001377792 0.001377792 0.001381282 0.001381282 0.001683192 0.001684937 0.001691917 0.001698898 0.001711114 0.001736419 0.002355945 0.002709337 0.002718062 0.002643021 0.002280904 0.002121223 0.002466762 0.00253395 0.002396083 0.002278286 0.002047927 0.002459781 0.002299228 0.001764341 0.002270433 0.002049672 0.002225932 0.001643053 0.001642181 0.001645671 0.001622112 0.001619494 0.007173416 0.007400285 0.009585205 0.007204828 0.007505866 0.007573926 0.009424652 0.01005203 0.01027628 0.01074398 0.01180677 0.01175529 0.01128847 0.01151882 0.01061397 0.008429048 0.01548205 0.02366765 0.02041644 0.02318686 0.02491455 0.02138238
0.00138739 0.001388262 0.001386517 0.001385645 0.00138739 0.001805352 0.001381282 0.001381282 0.001382154 0.001382154 0.001380409 0.001380409 0.001379537 0.001379537 0.001379537 0.001381282 0.001679701 0.001683192 0.001690172 0.001699771 0.001718967 0.001916168 0.005433507 0.005610639 0.002630805 0.002210225 0.002725043 0.00308367 0.002511263 0.002849821 0.00242226 0.002331513 0.001672721 0.002109007 0.00233064 0.001924894 0.001861196 0.001798371 0.001649161 0.001634328 0.001649161 0.002224186 0.001620367 0.002185793 0.00160466 0.007144621 0.007258928 0.007153347 0.007253692 0.009703003 0.01227098 0.01083909 0.009935107 0.02241987 0.02236315 0.02245565 0.02161972 0.02126546 0.009502311 0.009822545 0.0168293 0.01677782 0.0191006 0.02336399 0.02274272 0.01922887
0.001390007 0.001390007 0.00180797 0.001451088 0.001446725 0.001806224 0.001384772 0.001383027 0.001392625 0.001386517 0.001380409 0.001378664 0.001380409 0.001379537 0.001380409 0.001382154 0.001681447 0.001685809 0.001695408 0.001708496 0.001718967 0.001670103 0.001718967 0.005188314 0.002074977 0.002899557 0.002314934 0.001705006 0.002274796 0.001670103 0.002271305 0.001636073 0.001632583 0.002210225 0.001650034 0.002227677 0.002210225 0.001629965 0.001630837 0.001611641 0.001608151 0.001608151 0.001605533 0.001608151 0.001605533 0.00709663 0.007102738 0.007183014 0.007169926 0.009790259 0.01215668 0.009445594 0.01972275 0.02129861 0.01127276 0.02037107 0.02085622 0.02153421 0.01167676 0.01081728 0.01819051 0.02228026 0.02204554 0.01559374 0.02324881 0.01968523
0.001404841 0.001400478 0.001402223 0.001814078 0.00138739 0.001384772 0.001385645 0.001385645 0.001803607 0.001801862 0.001381282 0.001380409 0.001382154 0.001376919 0.001382154 0.001381282 0.001677084 0.001688427 0.00169628 0.001703261 0.001713732 0.001741654 0.001736419 0.002178813 0.002014769 0.001705006 0.001677084 0.002016514 0.001649161 0.001640436 0.001632583 0.00162822 0.001637818 0.001678829 0.001755615 0.001737291 0.001624729 0.001621239 0.001611641 0.00160466 0.001605533 0.001602915 0.002171832 0.001602042 0.001607278 0.001335035 0.007114953 0.007162072 0.007261546 0.009569499 0.007340949 0.007444786 0.007257183 0.009735288 0.01041589 0.007764147 0.01929955 0.03949262 0.03932334 0.01839557 0.02435611 0.02498261 0.02369906 0.02417287 0.015544 0.01718269
0.001411822 0.001469412 0.001821931 0.001396116 0.00139088 0.00138739 0.001390007 0.001388262 0.001802734 0.001382154 0.001383027 0.001383027 0.001382154 0.001382154 0.001383027 0.01510161 0.01517141 0.01523162 0.00169279 0.001732056 0.00172682 0.001817568 0.00202524 0.002465016 0.00208283 0.001682319 0.001659632 0.001645671 0.002213716 0.0022015 0.002197137 0.002193647 0.002203245 0.002204117 0.002215461 0.002224186 0.001616876 0.001609896 0.001617749 0.002184048 0.001610768 0.002165724 0.001661377 0.001674466 0.001721585 0.00136383 0.001322819 0.007176034 0.008214395 0.00964105 0.007824355 0.007853149 0.007790324 0.01000753 0.009204764 0.01060611 0.0103426 0.01539741 0.01667747 0.02217206 0.01485467 0.01646893 0.02624086 0.02826174 0.02276279 0.02304289
0.002276541 0.001832402 0.00139437 0.00139437 0.001390007 0.001400478 0.001392625 0.001807097 0.001442362 0.001381282 0.001443234 0.001383899 0.001382154 0.001384772 0.01511121 0.01512604 0.015229 0.01522988 0.001711114 0.00172333 0.001770449 0.002461526 0.003177908 0.002683159 0.001862942 0.001673593 0.002227677 0.002211971 0.001623857 0.002191029 0.002188411 0.002188411 0.002185793 0.002190156 0.001646544 0.001656142 0.001616004 0.001609023 0.001606405 0.002176195 0.001667485 0.001668358 0.001663123 0.001682319 0.001626475 0.001735546 0.001336781 0.007501503 0.01005988 0.009617491 0.008133246 0.01100052 0.007875836 0.008026792 0.009120997 0.00900669 0.01018815 0.02094435 0.01726122 0.01514087 0.01517752 0.02184572 0.0221293 0.02516236 0.02243907 0.01629616
0.001334163 0.001347251 0.00139088 0.001392625 0.001809715 0.001809715 0.001393498 0.001807097 0.001385645 0.001385645 0.001386517 0.01513564 0.001388262 0.01515396 0.01515047 0.01526827 0.01523336 0.01525343 0.001707624 0.001789646 0.002986815 0.003075817 0.002640403 0.001996445 0.001733801 0.002226804 0.002211971 0.001624729 0.001688427 0.001682319 0.001684937 0.001820186 0.002179685 0.001608151 0.001642181 0.001651779 0.001608151 0.001602915 0.001595935 0.002450183 0.001661377 0.001668358 0.001374301 0.001380409 0.001620367 0.00174689 0.001344634 0.007485797 0.009704748 0.009645413 0.009591313 0.007999741 0.00985483 0.00821963 0.008287691 0.009769318 0.008818215 0.01027977 0.01718967 0.02375752 0.02249491 0.01474211 0.01646107 0.02410742 0.02345823 0.01886501
0.00144847 0.001351614 0.001412694 0.001407459 0.001402223 0.001398733 0.001396116 0.01544889 0.01522289 0.01519235 0.01517578 0.01519061 0.01516094 0.01517578 0.01534069 0.01530317 0.01537647 0.01538607 0.01539915 0.001908315 0.002063633 0.002574088 0.002320169 0.002318424 0.001677956 0.001413567 0.001682319 0.001682319 0.001684064 0.001679701 0.001675339 0.001672721 0.002177068 0.001600297 0.00160466 0.001605533 0.00217445 0.002170959 0.002160489 0.00165876 0.001661377 0.001370811 0.001379537 0.001419675 0.001706751 0.001852471 0.001511295 0.009855703 0.007532043 0.007332224 0.009887988 0.007651586 0.008541609 0.008053841 0.01109912 0.02043826 0.02014158 0.02419643 0.01571852 0.0247636 0.02644592 0.02444336 0.0151208 0.02386572 0.02004909 0.0174942
0.001388262 0.001393498 0.001344634 0.001431891 0.001472902 0.001492098 0.001449342 0.01976376 0.01979517 0.01797062 0.01963811 0.01970268 0.01954562 0.01528136 0.01534505 0.01546372 0.01553615 0.01559025 0.01564435 0.002370779 0.001783538 0.002275668 0.001730311 0.00171984 0.001410949 0.001390007 0.001382154 0.001378664 0.001672721 0.001670976 0.001664868 0.001666613 0.002167469 0.001602042 0.002168342 0.002157871 0.002164852 0.001656142 0.001653524 0.001659632 0.001373429 0.001458068 0.001857706 0.001717222 0.001766086 0.001859451 0.001878648 0.001892609 0.007409011 0.01035743 0.0101803 0.008011085 0.01018379 0.01200747 0.007895906 0.01292367 0.0200456 0.02142427 0.02530372 0.02463184 0.0151941 0.02462224 0.02297308 0.01505449 0.01928559 0.01862418
