02_Processed_Data/Guangdong-driving/GDP/jizhongtxt/gd-gdp-19-txt.txt
ncols         755
nrows         605
xllcorner     491130
yllcorner     2101946
cellsize      1000
NODATA_value  -9999
[rows 390 to 419 of 605, columns 66 to 131 of 755]
0.002401319 0.003176163 0.002314934 0.002307081 0.0023001 0.002297482 0.002293992 0.00229312 0.002286139 0.002282649 0.002281776 0.002359435 0.002278286 0.0007879327 -9999 -9999 -9999 -9999 0.002246873 0.002244256 0.00223902 0.00223204 0.002229422 0.002222441 0.002213716 0.002206735 0.002198009 0.002193647 0.002186666 0.002183176 0.002178813 0.002175323 0.002170087 0.003019972 0.003017355 0.0021474 0.001168374 0.001167502 0.001166629 0.001159648 0.001154413 0.00115005 0.001147432 0.001186698 0.00145196 0.001135216 0.00144498 0.001126491 0.001122128 0.001209385 0.001115147 0.001429273 0.001208512 0.001159648 0.001145687 0.001094206 0.00108897 0.00108548 0.001082862 0.001125618 0.001123 0.001128236 0.001725948 0.001697153 0.001063665 0.001102931
0.003162201 0.002379504 0.002298355 0.002294865 0.002289629 0.002285267 0.002282649 0.002279158 0.002275668 0.002277413 0.002276541 0.002270433 0.002267815 -9999 -9999 -9999 0.002403064 0.002244256 0.002162234 0.002233785 0.002227677 0.002224186 0.002218951 0.002206735 0.00220499 0.002196264 0.002188411 0.002184048 0.002259089 0.003032188 0.002170959 0.003256439 0.002155253 0.002307081 0.0021474 0.00214042 0.002139547 0.001156158 0.001467666 0.001159648 0.001151795 0.001147432 0.001141324 0.001138707 0.001133471 0.001175355 0.001126491 0.001166629 0.001116892 0.001114275 0.001111657 0.001110784 0.001147432 0.001250396 0.001142197 0.001089843 0.001084607 0.001125618 0.001123 0.001121255 0.001571503 0.001392625 0.001703261 0.001064538 0.001059303 0.001096823
0.002293992 0.003147368 0.002287884 0.002288757 0.002280031 0.002274796 0.002277413 0.002198009 0.002271305 0.002266943 0.003122936 0.002260834 0.002258217 0.002250364 0.002246001 0.002241638 0.002318424 0.002234657 0.002229422 0.002771289 0.002294865 0.002211098 0.002284394 0.002199754 0.00305313 0.002186666 0.002177068 0.002170959 0.002166597 0.002162234 0.002159616 0.002701483 0.0021474 0.001253886 0.001162266 0.002129076 0.001156158 0.001151795 0.00115005 0.001461558 0.001151795 0.001230327 0.001093333 0.001132599 0.001128236 0.001123873 0.001163139 0.001337653 0.001111657 0.001734674 0.001109912 0.001101186 0.001109912 0.001209385 0.00114656 0.001175355 0.001081117 0.001079372 0.001703261 0.001388262 0.001395243 0.001115147 0.001690172 0.00105843 0.001097696 0.00109246
0.0008149824 0.002276541 0.002273923 0.002273923 0.002268688 0.00226607 0.002267815 0.002263452 0.002261707 0.003119446 0.002256472 0.002252109 0.002244256 0.002239893 0.00223553 0.00223204 0.002230295 0.002304463 0.002218951 0.002213716 0.002287884 0.00220499 0.002196264 0.002199754 0.002196264 0.002255599 0.002169214 0.002239893 0.003014737 0.002151763 0.002149145 0.00269014 0.001253014 0.001160521 0.001649161 0.001643053 0.001149178 0.001147432 0.001143942 0.001140452 0.001141324 0.00145196 0.001130854 0.001125618 0.001122128 0.001120383 0.001114275 0.001109912 0.001107294 0.001595935 0.001592444 0.001097696 0.001410077 0.001443234 0.00118408 0.001132599 0.001126491 0.001389135 0.001699771 0.001075009 0.001109039 0.001284426 0.001055812 0.001096823 0.001047087 0.001043596
-9999 0.002266943 0.002264325 0.00226607 0.002258217 0.002257344 0.002412662 0.002259089 0.002810555 0.002248619 0.00224251 0.002239893 0.002236403 0.002226804 0.002225059 0.002220696 0.002215461 0.002762564 0.002367288 0.002280904 0.002273923 0.002273051 0.002185793 0.002188411 0.003289597 0.002254727 0.002159616 0.002155253 0.002225059 0.003003394 0.002220696 0.001161394 0.001157031 0.001780047 0.00115005 0.001148305 0.001143942 0.001140452 0.001271338 0.001134344 0.001129981 0.001129108 0.001262612 0.001612513 0.001116892 0.00111253 0.001108167 0.001104676 0.001101186 0.001098568 0.001095078 0.001582846 0.001091588 0.001108167 0.001123873 0.00115005 0.001397861 0.001117765 0.001065411 0.001061048 0.001102931 0.001143942 0.001048832 0.0015366 0.001086352 0.001038361
-9999 0.002261707 0.002256472 0.002800084 0.002253854 0.002252109 0.002800084 0.002800957 0.002247746 0.002244256 0.002234657 0.002386485 0.002224186 0.002221569 0.002218079 0.002212843 0.002206735 0.002202372 0.002198882 0.002192774 0.002185793 0.002180558 0.002171832 0.002170959 0.002245128 0.002707592 0.002230295 0.002145655 0.002138674 0.002676179 0.002671816 0.001155286 0.001151795 0.001149178 0.001145687 0.001452833 0.001137834 0.001135216 0.001266102 0.001174482 0.001081117 0.001122128 0.001116892 0.001116892 0.001424038 0.001105549 0.001103804 0.001099441 0.001095951 0.001225091 0.001312349 0.001087225 0.001095078 0.001148305 0.001752998 0.001043596 0.001115147 0.001107294 0.001059303 0.001055812 0.001097696 0.001047959 0.001042724 0.001040979 0.001081989 0.001078499
-9999 0.002248619 0.002248619 0.002247746 0.002798339 0.002374269 0.002836732 0.002171832 0.00223553 0.003323627 0.002225059 0.002221569 0.002216333 0.002209353 0.002753838 0.002358563 0.002196264 0.002192774 0.002188411 0.002258217 0.002254727 0.002249491 0.002163106 0.002154381 0.002227677 0.002691013 0.002221569 0.002134311 0.002283521 0.002122968 0.00211686 0.00115005 0.001145687 0.001142197 0.001139579 0.001136089 0.001132599 0.001127363 0.001123 0.001122128 0.00111602 0.001428401 0.001110784 0.001109912 0.001104676 0.001100314 0.001098568 0.001094206 0.001090715 0.001088097 0.001086352 0.001084607 0.001152668 0.00111602 0.001706751 0.001383899 0.001150923 0.001102059 0.001277446 0.001048832 0.001090715 0.001040979 0.001036616 0.001034871 0.001076754 0.001073264
-9999 0.002240765 0.002240765 0.002240765 0.00224251 0.00223553 0.002230295 0.002225932 0.002219824 0.002371651 0.002211971 0.002211098 0.002360308 0.0022015 0.002193647 0.002191029 0.002189283 0.002178813 0.002332385 0.002171832 0.002164852 0.002241638 0.002231167 0.003006011 0.00214042 0.002133439 0.002209353 0.002200627 0.002977216 0.002036583 0.00210988 0.002102026 0.002096791 0.002090683 0.001136089 0.001131726 0.001127363 0.001122128 0.001116892 0.001113402 0.001110784 0.001108167 0.001103804 0.001102059 0.001099441 0.001097696 0.001407459 0.001089843 0.00108548 0.001081989 0.001079372 0.001107294 0.001105549 0.001033998 0.001383899 0.001106421 0.001101186 0.001095951 0.001138707 0.001045341 0.001039233 0.001258249 0.001033125 0.00103138 0.001116892 0.001071519
0.002236403 0.00223204 0.00223204 0.002230295 0.002226804 0.002220696 0.002762564 0.002758201 0.002363798 0.00220499 0.002200627 0.002197137 0.003048767 0.003047022 0.002185793 0.002183176 0.002331513 0.002172705 0.002320169 0.002157871 0.002151763 0.002146528 0.002219824 0.002136929 0.002129076 0.002124713 0.002118605 0.002658727 0.002278286 0.00226258 0.002176195 0.002094173 0.002088065 0.002081085 0.002075849 0.001123 0.001120383 0.001114275 0.001111657 0.001062793 0.001105549 0.001102059 0.001097696 0.001095951 0.001605533 0.001102059 0.001089843 0.00108548 0.001080244 0.001076754 0.001081117 0.001123873 0.001075009 0.001694535 0.001061048 0.001369066 0.001095078 0.001091588 0.001088097 0.001263484 0.001527001 0.001030508 0.001028763 0.001520021 0.001069773 0.001515658
0.002228549 0.002228549 0.002222441 0.00229661 0.002218951 0.002289629 0.002207607 0.002200627 0.002195392 0.002192774 0.002191901 0.002191029 0.002189283 0.003043532 0.002251236 0.002170959 0.002165724 0.002160489 0.002151763 0.002302718 0.00229661 0.002213716 0.002129949 0.002123841 0.002118605 0.00210988 0.002108134 0.002109007 0.002657855 0.002642149 0.002635168 0.002081957 0.002075849 0.002073231 0.002070614 0.001117765 0.001113402 0.001109039 0.001198042 0.001105549 0.001101186 0.001096823 0.001093333 0.00108897 0.001087225 0.001591572 0.001086352 0.001081117 0.001166629 0.001164884 0.001301005 0.001755615 0.001084607 0.001381282 0.001099441 0.001094206 0.001089843 0.001041851 0.001040979 0.001047087 0.001076754 0.001071519 0.001022655 0.001512168 0.001017419 0.001508677
0.002219824 0.002293992 0.002760818 0.002285267 0.002280904 0.002353327 0.00211686 0.002190156 0.002185793 0.002183176 0.002729406 0.003041787 0.00217445 0.002176195 0.002163106 0.002238148 0.002157871 0.002151763 0.002143037 0.002138674 0.002130821 0.002127331 0.002122096 0.002270433 0.002107262 0.002102899 0.002255599 0.002651747 0.002638658 0.00208283 0.002078467 0.002073231 0.002065378 0.002060143 0.00111602 0.001201532 0.001108167 0.001193679 0.001593317 0.001099441 0.001051449 0.00109246 0.001088097 0.001083735 0.001081989 0.001081989 0.001393498 0.00156714 0.001164011 0.0011771 0.00139088 0.001065411 0.001407459 0.001703261 0.001095951 0.001046214 0.001040979 0.001036616 0.001126491 0.001035743 0.001651779 0.0010244 0.001063665 0.001014801 0.001055812 0.001518276
0.002213716 0.002287012 0.002278286 0.002743367 0.002508645 0.002734641 0.002344602 0.002179685 0.002176195 0.002170959 0.002170087 0.002164852 0.002162234 0.002163106 0.002158744 0.002148273 0.00214391 0.002293992 0.003225027 0.002126458 0.00212035 0.00211686 0.002187538 0.002259089 0.002098536 0.00208981 0.002168342 0.002084575 0.002078467 0.002073231 0.002066251 0.002060143 0.001113402 0.001202404 0.001600297 0.001418802 0.001191934 0.001590699 0.001096823 0.00109246 0.00108897 0.001086352 0.001081117 0.001078499 0.001164011 0.001070646 0.001071519 0.001165756 0.001205022 0.001155286 0.001060175 0.001055812 0.001095951 0.001045341 0.001086352 0.001037488 0.001079372 0.001029635 0.001073264 0.001068901 0.001021782 0.00150606 0.001011311 0.001010439 0.001503442 0.001574993
0.002209353 0.002359435 0.002351582 0.002271305 0.002263452 0.002257344 0.003039169 0.002275668 0.003024335 0.002163106 0.002162234 0.002156998 0.002150018 0.002695375 0.002143037 0.003230262 0.002133439 0.002127331 0.002122096 0.002118605 0.002115987 0.002108134 0.002257344 0.002095046 0.002639531 0.002163106 0.00224251 0.00223553 0.003159584 0.002065378 0.00205578 0.00205229 0.001155286 0.001108167 0.001415312 0.001099441 0.001096823 0.001585464 0.001715477 0.001218983 0.001127363 0.001078499 0.001164011 0.001205022 0.001068028 0.001691045 0.001561904 0.001126491 0.001385645 0.001375174 0.00105494 0.001052322 0.001004331 0.001354232 0.001081117 0.001076754 0.001074136 0.001517403 0.001067156 0.001060175 0.001641308 0.001053195 0.001051449 0.001148305 0.001557541 0.001671848
0.002360308 0.002347219 0.002344602 0.002259089 0.002258217 0.002333258 0.002332385 0.002252109 0.002159616 0.002156126 0.002150018 0.00214391 0.002141292 0.002136057 0.002132566 0.002132566 0.002125586 0.002274796 0.00211686 0.002265197 0.002261707 0.002100281 0.002093301 0.002164852 0.002081957 0.002622952 0.0021474 0.002233785 0.00260201 0.00220848 0.002047054 0.002040946 0.001104676 0.001101186 0.001411822 0.001721585 0.001093333 0.001715477 0.001575865 0.001078499 0.001388262 0.001161394 0.001068028 0.001155286 0.001376919 0.001373429 0.001061048 0.001117765 0.00108548 0.001365575 0.001359467 0.001086352 0.001348997 0.001345506 0.001342016 0.001070646 0.001067156 0.001017419 0.001059303 0.00105494 0.001499952 0.001497334 0.001496461 0.001099441 0.001520021 0.001622984
0.002768672 0.002739877 0.002340239 0.002257344 0.002253854 0.002721553 0.002772162 0.003274763 0.002154381 0.002146528 0.002139547 0.002136057 0.002131694 0.002125586 0.002122968 0.00212035 0.002115115 0.00210988 0.002024367 0.002097663 0.002641276 0.002090683 0.002631678 0.002002553 0.002070614 0.003160456 0.002930097 0.002607246 0.002047054 0.002041819 0.002036583 0.002031348 0.001097696 0.001095951 0.001585464 0.001089843 0.00109246 0.00108897 0.001572375 0.001163139 0.001158776 0.001378664 0.001060175 0.00105843 0.001100314 0.001364703 0.001051449 0.001192806 0.001106421 0.001053195 0.001534854 0.001081117 0.001210258 0.001341143 0.001337653 0.001063665 0.001105549 0.001012184 0.001009566 0.001499079 0.0009598294 0.001504314 0.001370811 0.001081989 0.001040979 0.0009877518
0.0009066025 0.00235769 0.002730278 0.002347219 0.002335876 0.002335876 0.002362053 0.002115987 0.002151763 0.002142165 0.002133439 0.002128204 0.002125586 0.002118605 0.002114242 0.002657855 0.002103772 0.002099409 0.002092428 0.002090683 0.002085448 0.002159616 0.002622079 0.002225932 0.002069741 0.002156126 0.003194487 0.002127331 0.002040074 0.002032221 0.002026985 0.001183208 0.00118059 0.001088097 0.001399606 0.001396116 0.001580228 0.001725075 0.001167502 0.001161394 0.001111657 0.00115005 0.001055812 0.001365575 0.001051449 0.001046214 0.001041851 0.001040106 0.001065411 0.001117765 0.001082862 0.001075882 0.001070646 0.00133329 0.001330673 0.001057558 0.001054067 0.001052322 0.001004331 0.001047087 0.001045341 0.001109912 0.001068901 0.001486863 0.00147901 0.001294897
-9999 0.0008018938 0.002316679 0.002311444 0.002308826 0.002310571 0.002307953 0.002304463 0.002303591 0.002133439 0.002126458 0.002121223 0.002114242 0.002107262 0.002104644 0.002099409 0.002096791 0.002088938 0.002162234 0.002081085 0.002074977 0.002617717 0.002146528 0.002220696 0.002635168 0.003271273 0.00260201 0.00212035 0.003121191 0.002022622 0.002015642 0.001088097 0.001130854 0.001129981 0.001392625 0.001076754 0.001074136 0.001565394 0.001382154 0.001154413 0.001373429 0.001145687 0.001097696 0.001047087 0.001045341 0.001084607 0.001036616 0.001033125 0.001091588 0.001725948 0.001352487 0.00111951 0.001064538 0.001063665 0.001325437 0.001052322 0.001053195 0.001066283 0.001321074 0.001045341 0.0009990952 0.001047959 0.001486863 0.00147901 0.0009807711 0.000972918
-9999 -9999 0.002302718 0.002298355 0.002291375 0.002676179 0.002281776 0.002280904 0.002271305 0.002272178 0.002663963 0.002112497 0.002182303 0.002095918 0.002953657 0.002088938 0.002163106 0.00208283 0.002074104 0.002070614 0.002066251 0.002062761 0.002063633 0.002066251 0.002613354 0.003136897 0.002034838 0.002026985 0.002016514 0.002009534 0.001927512 0.002000808 0.001124746 0.001077627 0.001074136 0.001070646 0.001068028 0.001063665 0.001060175 0.001055812 0.001053195 0.001048832 0.001362958 0.001047959 0.001040979 0.001078499 0.001029635 0.001520021 0.001030508 0.001117765 0.001039233 0.001069773 0.001106421 0.001195424 0.001008693 0.001053195 0.001321947 0.001072391 0.001336781 0.001008693 0.001038361 0.001521766 0.00102789 0.001470284 0.001022655 0.001463304
-9999 0.002290502 0.002289629 0.002286139 0.002668326 0.002667453 0.002664835 0.002191029 0.002259089 0.002259089 0.002259089 0.002099409 0.002095918 0.002091556 0.002085448 0.002078467 0.002077594 0.002072359 0.002064506 0.002061888 0.00205927 0.00259852 0.002139547 0.002922244 0.003133407 0.002032221 0.002023495 0.002561872 0.002166597 0.001083735 0.001081117 0.001076754 0.001075882 0.001071519 0.001560159 0.001065411 0.001554051 0.001684937 0.001054067 0.001053195 0.001046214 0.001041851 0.001040979 0.001037488 0.001079372 0.001033998 0.001026145 0.001514785 0.001023527 0.001061048 0.00124167 0.001068028 0.00106192 0.001010439 0.001319329 0.001317584 0.0009650648 0.001055812 0.001501697 0.00132631 0.00105843 0.000991242 0.001028763 0.001465049 0.001017419 0.001595935
-9999 0.002671816 0.00266658 0.002192774 0.00226956 0.002264325 0.00226258 0.002254727 0.002637786 0.002635168 0.002243383 0.00208283 0.002081085 0.002005171 0.002076722 0.002069741 0.0021474 0.002064506 0.00205927 0.002053162 0.002129076 0.002589794 0.002036583 0.001951071 0.002880361 0.003111592 0.002011279 0.002001681 0.001997318 0.001078499 0.001075882 0.00102789 0.001560159 0.001065411 0.001556669 0.001552306 0.001547943 0.001545325 0.001677084 0.001359467 0.001040106 0.001082862 0.001033998 0.001033125 0.001527001 0.001348124 0.001023527 0.001111657 0.001018292 0.001341143 0.001291407 0.001021782 0.001012184 0.001013056 0.001006076 0.001315839 0.001502569 0.001498206 0.001105549 0.001581101 0.001086352 0.001298387 0.001468539 0.001057558 0.0009633197 0.0009598294
-9999 0.002273051 0.002187538 0.003196232 0.002252981 0.002251236 0.002637786 0.002243383 0.002237275 0.002075849 0.002072359 0.002069741 0.002067124 0.002067124 0.002072359 0.002066251 0.002921372 0.001982484 0.00220499 0.002124713 0.002040074 0.002184048 0.001947581 0.002097663 0.002011279 0.002163979 0.002154381 0.001992955 0.002143037 0.001162266 0.001068901 0.001065411 0.001152668 0.00105843 0.001056685 0.001097696 0.001367321 0.001093333 0.001042724 0.001040106 0.001528746 0.001032253 0.001028763 0.001027017 0.001651779 0.001020037 0.001016547 0.00105843 0.001190188 0.001012184 0.001071519 0.001278318 0.001044469 0.001026145 0.001017419 0.001499079 0.001002585 0.001156158 0.001666613 0.0014825 0.001026145 0.001287044 0.001057558 0.001006948 0.001046214 0.0009537214
-9999 -9999 -9999 0.0007722264 0.002246001 0.00223902 0.002079339 0.002071486 0.002066251 0.002065378 0.002061888 0.002058398 0.00260201 0.002054035 0.0020488 0.0020488 0.002910028 0.002054907 0.003166565 0.002601138 0.002031348 0.00202175 0.002020005 0.002009534 0.002548783 0.0019947 0.001989465 0.001981611 0.001975504 0.001065411 0.001062793 0.001061048 0.001059303 0.001100314 0.001052322 0.001049704 0.001091588 0.001533982 0.001038361 0.001528746 0.001034871 0.001026145 0.001026145 0.001020909 0.001043596 0.001335035 0.001013056 0.001009566 0.001501697 0.001012184 0.001135216 0.00114656 0.001178845 0.001131726 0.0009999677 0.000991242 0.001075009 0.001525256 0.001483373 0.001294897 0.000972918 0.0009676826 0.0009615746 0.0009554665 0.0009502311 0.001266102
-9999 -9999 -9999 -9999 0.0007355784 0.002073231 0.002066251 0.002061888 0.002057525 0.002133439 0.002053162 0.0020488 0.002047054 0.002122096 0.002040946 0.002038329 0.002034838 0.002032221 0.00210988 0.002105517 0.002023495 0.002015642 0.002561872 0.002565362 0.001995573 0.001988592 0.001982484 0.001971141 0.001965905 0.001962415 0.001956307 0.001060175 0.001056685 0.001140452 0.00109246 0.001043596 0.00108897 0.001531364 0.001035743 0.00103138 0.001073264 0.001114275 0.001334163 0.001330673 0.001013056 0.001009566 0.001006948 0.001002585 0.001318457 0.001324565 0.001545325 0.001361213 0.001593317 0.001491226 0.001142197 0.00169279 0.001047087 0.001171864 0.0009833889 0.001468539 0.001284426 0.001459813 0.001453705 0.001445852 0.0009947323 0.001263484
-9999 -9999 -9999 -9999 -9999 0.002061888 0.00205927 0.002135184 0.002128204 0.002047054 0.002043564 0.002040946 0.002115987 0.002033966 0.002030476 0.002029603 0.002101154 0.002026113 0.002098536 0.002557509 0.00208632 0.001942346 0.002027858 0.00208632 0.002063633 0.001979866 0.001969395 0.001963287 0.001956307 0.001952816 0.001948454 0.001942346 0.002094173 0.001359467 0.001087225 0.001083735 0.001081117 0.001079372 0.001523511 0.00102789 0.001029635 0.001033998 0.001063665 0.00105843 0.001007821 0.001049704 0.001001713 0.001004331 0.001007821 0.001028763 0.001256504 0.001273083 0.001452833 0.003043532 0.001465921 0.001507805 0.001102059 0.001047959 0.0009886243 0.000979026 0.001288789 0.001602042 0.001270465 0.0009938597 0.0009449957 0.001250396
-9999 -9999 -9999 0.002062761 0.002062761 0.003148241 0.002134311 0.00259503 0.002589794 0.002035711 0.002033093 0.002031348 0.002026113 0.002882106 0.00202175 0.002016514 0.002011279 0.002010406 0.002551401 0.002079339 0.002077594 0.002023495 0.003148241 0.003133407 0.001987719 0.001979866 0.002820153 0.001958052 0.001947581 0.002490321 0.001941473 0.001935365 0.001931875 0.001086352 0.001083735 0.001348124 0.001041851 0.001525256 0.001078499 0.001066283 0.001062793 0.001015674 0.001010439 0.0016352 0.001003458 0.0009999677 0.001001713 0.001001713 0.001006076 0.001336781 0.001403969 0.001951071 0.003125553 0.003226772 0.003031316 0.001615131 0.001674466 0.001122128 0.0009982226 0.00130275 0.001034871 0.0009615746 0.0009990952 0.0009476134 0.001253014 0.00142491
-9999 -9999 -9999 0.0007268526 0.0007879327 0.002901302 0.002586304 0.002112497 0.002030476 0.00202524 0.00202175 0.002017387 0.002091556 0.0028664 0.002007789 0.002006043 0.002000808 0.002542675 0.002073231 0.003082797 0.00199819 0.002088065 0.003088905 0.002527842 0.001966778 0.002047054 0.002816663 0.001955434 0.001944091 0.002101154 0.001932747 0.002002553 0.001922276 0.001527001 0.001033125 0.001030508 0.001341143 0.001342889 0.001520893 0.001020037 0.001014801 0.00105494 0.001005203 0.001494716 0.001002585 0.001047087 0.001310603 0.001006948 0.001322819 0.001056685 0.001297515 0.00133329 0.003306176 0.003499015 0.001870795 0.002000808 0.001156158 0.001101186 0.001079372 0.0009641923 0.001581101 0.001576738 0.0009929872 0.000985134 0.001025272 0.001018292
-9999 -9999 -9999 -9999 -9999 0.002114242 0.002575833 0.002024367 0.002019132 0.002017387 0.002091556 0.002007789 0.002081085 0.001997318 0.001996445 0.001992082 0.002000808 0.002097663 0.002532204 0.002142165 0.00307669 0.003067091 0.001893482 0.002040074 0.001951944 0.002814918 0.00280532 0.001937983 0.002787868 0.002010406 0.002006916 0.001923149 0.002774779 0.001521766 0.001027017 0.001026145 0.001022655 0.001653524 0.00135685 0.001022655 0.001012184 0.001095951 0.001047087 0.00100084 0.001313221 0.001625602 0.001307986 0.001622984 0.001634328 0.001035743 0.001351614 0.001099441 0.001073264 0.001435381 0.00147552 0.001435381 0.001422293 0.0009990952 0.00096681 0.0009519762 0.0009467408 0.0009441231 0.001253014 0.0009336522 0.001240798 0.000924054
-9999 -9999 -9999 -9999 -9999 0.001152668 0.00202175 0.002014769 0.002006916 0.002006916 0.002861164 0.001999935 0.0019947 0.00199121 0.001986847 0.001984229 0.00205578 0.002836732 0.002128204 0.00251388 0.00251039 0.001961542 0.001953689 0.001868177 0.002020005 0.002016514 0.002478105 0.001929257 0.001924894 0.001921404 0.0019947 0.001995573 0.001999063 0.001117765 0.001026145 0.001337653 0.00151653 0.001020037 0.001651779 0.001336781 0.001087225 0.001066283 0.001002585 0.0009982226 0.001039233 0.001617749 0.001301878 0.0009894968 0.001621239 0.001040106 0.001410077 0.001251269 0.001678829 0.001040979 0.001005203 0.00099735 0.001487736 0.001049704 0.0009545939 0.000948486 0.0009432505 0.001429273 0.00142491 0.00124167 0.0009694277 0.0009196911
-9999 -9999 -9999 -9999 -9999 0.002094173 0.002011279 0.002007789 0.002855929 0.002544421 0.002072359 0.00199121 0.001986847 0.001980739 0.001977249 0.001973758 0.001972886 0.002822771 0.001963287 0.002507773 0.001951071 0.001945836 0.002097663 0.001939728 0.00193362 0.002475487 0.002469379 0.001919659 0.003009501 0.001914423 0.001984229 0.002993795 0.002997285 0.001340271 0.001339398 0.001652652 0.001644799 0.0013298 0.001637818 0.001323692 0.001321074 0.001314094 0.001309731 0.001617749 0.000942378 0.001608151 0.0009842614 0.0009842614 0.0009903695 0.001654397 0.001253014 0.00120764 0.001066283 0.001029635 0.0009807711 0.0009615746 0.001274828 0.001267847 0.0009476134 0.0009449957 0.0009798985 0.001424038 0.00141793 0.001237307 0.001410077 0.0008708271
-9999 -9999 -9999 -9999 -9999 0.002083702 0.002020005 0.002005171 0.001990337 0.001986847 0.002530459 0.001981611 0.002524351 0.001970268 0.001968523 0.001965033 0.001958925 0.002034838 0.003058366 0.001950199 0.001942346 0.001939728 0.002480723 0.001926639 0.002080212 0.002467634 0.002471125 0.001918786 0.001903952 0.002448438 0.002443202 0.002432731 0.002743367 0.001962415 0.001061048 0.001335908 0.00132631 0.001100314 0.001632583 0.001312349 0.001313221 0.001307986 0.00130275 0.00130275 0.001614259 0.0009336522 0.001602915 0.0009807711 0.000960702 0.001018292 0.001618621 0.0009807711 0.000979026 0.001029635 0.000960702 0.0009519762 0.0009476134 0.001568885 0.0009371425 0.0009327796 0.0009336522 0.0009266717 0.0009685551 0.0009188185 0.001411822 0.0009127105
