02_Processed_Data/Guangdong-driving/GDP/jizhongtxt/gd-gdp-15-txt.txt
ncols         755
nrows         605
xllcorner     491130
yllcorner     2101946
cellsize      1000
NODATA_value  -9999
[rows 290 to 318 of 605, columns 132 to 197 of 755]
-9999 -9999 -9999 -9999 -9999 -9999 -9999 -9999 -9999 -9999 -9999 -9999 -9999 -9999 -9999 -9999 -9999 -9999 -9999 -9999 -9999 -9999 -9999 -9999 -9999 -9999 -9999 -9999 -9999 -9999 -9999 -9999 -9999 -9999 -9999 -9999 -9999 0.0005154308 0.0005133608 0.0005112909 0.0005102558 0.0005092208 0.0005081858 0.0005071508 0.0005061158 0.0005206058 0.0005030108 0.0005195708 0.0005175009 0.0004988708 0.0004968008 0.0004968008 0.0004947308 0.0004936958 0.0005278509 0.0004926608 0.0005247458 0.0004895558 0.0004895558 0.0004864508 0.0004874858 0.0004854158 0.0004843808 0.0004823108 0.0004812758 0.0004802408
-9999 -9999 -9999 -9999 -9999 -9999 -9999 -9999 -9999 -9999 -9999 -9999 -9999 -9999 -9999 -9999 -9999 -9999 -9999 -9999 -9999 -9999 -9999 -9999 -9999 -9999 -9999 -9999 -9999 -9999 -9999 -9999 -9999 -9999 -9999 9.004515e-05 0.0005164659 0.0005154308 0.0005123258 0.0005112909 0.0005092208 0.0005081858 0.0005081858 0.0005112909 0.0005257808 0.0005040458 0.0005030108 0.0006893111 0.0005009408 0.0004988708 0.0004978358 0.0004968008 0.0004957658 0.0004947308 0.0004936958 0.0004916258 0.0005071508 0.0004905908 0.0004885208 0.0004885208 0.0005030108 0.0004854158 0.0004843808 0.0004833458 0.0004812758 0.0004802408
-9999 -9999 -9999 -9999 -9999 -9999 -9999 -9999 -9999 -9999 -9999 -9999 -9999 -9999 -9999 -9999 -9999 -9999 -9999 -9999 -9999 -9999 -9999 -9999 -9999 -9999 -9999 -9999 -9999 -9999 -9999 -9999 -9999 -9999 -9999 -9999 0.0005506209 0.0005143958 0.0005133608 0.0005112909 0.0005102558 0.0005247458 0.0005081858 0.0005268159 0.000625141 0.0005216409 0.0005030108 0.0005019758 0.0006882761 0.0004988708 0.0004978358 0.0004968008 0.0004947308 0.0005112909 0.0004926608 0.000611686 0.0006789611 0.0006768911 0.0006768911 0.0005050808 0.0005040458 0.0004854158 0.0005009408 0.0006706811 0.0004812758 0.0004802408
-9999 -9999 -9999 -9999 -9999 -9999 -9999 -9999 -9999 -9999 -9999 -9999 -9999 -9999 -9999 -9999 -9999 -9999 -9999 -9999 -9999 -9999 -9999 -9999 -9999 -9999 -9999 -9999 -9999 -9999 -9999 -9999 -9999 -9999 -9999 -9999 -9999 0.0005143958 0.0005133608 0.0005112909 0.0005102558 0.0006282461 0.0005081858 0.0005071508 0.0005050808 0.0005040458 0.0005030108 0.0005019758 0.0005175009 0.0006862061 0.0006851711 0.0004968008 0.0004947308 0.0005112909 0.0004936958 0.000614791 0.000610651 0.0005071508 0.0004895558 0.0006758561 0.0006748211 0.0005030108 0.0005030108 0.0007213962 0.0004823108 0.0004812758
-9999 -9999 -9999 -9999 -9999 -9999 -9999 -9999 -9999 -9999 -9999 -9999 -9999 -9999 -9999 -9999 -9999 -9999 -9999 -9999 -9999 -9999 -9999 -9999 -9999 -9999 -9999 -9999 -9999 -9999 -9999 -9999 -9999 -9999 -9999 -9999 0.0005164659 0.0005143958 0.0005123258 0.0005123258 0.0005102558 0.0005092208 0.0005081858 0.0005071508 0.0005061158 0.0005040458 0.0005030108 0.0005009408 0.0004999058 0.0006862061 0.0004978358 0.0004968008 0.0005133608 0.0006820661 0.0005112909 0.000611686 0.0005081858 0.0005071508 0.0005061158 0.0005071508 0.0005050808 0.0005030108 0.0004843808 0.0004833458 0.0006696461 0.0004812758
-9999 -9999 -9999 -9999 -9999 -9999 -9999 -9999 -9999 -9999 -9999 -9999 -9999 -9999 -9999 -9999 -9999 -9999 -9999 -9999 -9999 -9999 -9999 -9999 -9999 -9999 -9999 -9999 -9999 -9999 -9999 -9999 -9999 -9999 9.004515e-05 0.0005164659 0.0005154308 0.0005143958 0.0006996611 0.0005112909 0.0005092208 0.0005092208 0.0005081858 0.0005061158 0.0006924162 0.0005040458 0.0005030108 0.0005019758 0.0005009408 0.0004999058 0.0004978358 0.0006841361 0.0005123258 0.0005112909 0.0004936958 0.0005092208 0.0006789611 0.0005071508 0.0005071508 0.0005050808 0.0005050808 0.0004864508 0.0004843808 0.0004843808 0.0004823108 0.0004812758
-9999 -9999 -9999 -9999 -9999 -9999 -9999 -9999 -9999 -9999 -9999 -9999 -9999 -9999 -9999 -9999 -9999 -9999 -9999 -9999 -9999 -9999 -9999 -9999 -9999 -9999 -9999 -9999 -9999 -9999 -9999 -9999 -9999 9.108015e-05 0.0005185358 0.000635491 0.0005154308 0.0005319909 0.0005123258 0.0005112909 0.0005102558 0.0005081858 0.0005071508 0.0005226759 0.0005050808 0.0005040458 0.0005030108 0.0005019758 0.0004999058 0.0004999058 0.0004988708 0.0004968008 0.0006831011 0.0006820661 0.0005102558 0.0005092208 0.0006779261 0.0006779261 0.0005071508 0.0004885208 0.0006758561 0.0005040458 0.0004843808 0.0005009408 0.0004823108 0.0006696461
-9999 -9999 -9999 -9999 -9999 -9999 -9999 -9999 -9999 -9999 -9999 -9999 -9999 -9999 -9999 -9999 -9999 -9999 -9999 -9999 -9999 -9999 -9999 -9999 -9999 -9999 -9999 -9999 -9999 -9999 -9999 -9999 -9999 9.108015e-05 0.0005185358 0.0005506209 0.0005485509 0.0005475159 0.0005123258 0.0005112909 0.0005102558 0.0005081858 0.0005071508 0.0005050808 0.0005050808 0.0005040458 0.0005040458 0.0005195708 0.0005009408 0.0006872411 0.0006862061 0.0005143958 0.0005133608 0.0005123258 0.0005112909 0.0006799961 0.0004905908 0.0004905908 0.0005061158 0.0005050808 0.0004874858 0.0005040458 0.0005019758 0.0005009408 0.0004823108 0.0004812758
-9999 -9999 -9999 -9999 -9999 -9999 -9999 -9999 -9999 -9999 -9999 -9999 -9999 -9999 -9999 -9999 -9999 -9999 -9999 -9999 -9999 -9999 -9999 -9999 -9999 -9999 -9999 -9999 -9999 -9999 -9999 -9999 -9999 9.108015e-05 0.0005185358 0.0005185358 0.0005495859 0.0005133608 0.0005123258 0.0005112909 0.0005092208 0.0005081858 0.0005071508 0.0005392359 0.0005392359 0.0005040458 0.0005030108 0.0005195708 0.0006893111 0.0005009408 0.0006872411 0.0005154308 0.0004968008 0.0004957658 0.0005112909 0.000611686 0.0005092208 0.0005081858 0.0006768911 0.0006758561 0.0005040458 0.0005030108 0.0006727511 0.0004833458 0.0004823108 0.0004812758
-9999 -9999 -9999 -9999 -9999 -9999 -9999 -9999 -9999 -9999 -9999 -9999 -9999 -9999 -9999 -9999 -9999 -9999 -9999 -9999 -9999 -9999 -9999 -9999 -9999 -9999 -9999 -9999 -9999 -9999 -9999 -9999 -9999 -9999 0.0005195708 0.0005837409 0.0007017311 0.0006975911 0.0006955211 0.0006944861 0.0006924162 0.0006903461 0.0006893111 0.0005061158 0.0005050808 0.0006913811 0.0005206058 0.0005195708 0.0005185358 0.0004999058 0.0005164659 0.0004988708 0.0004978358 0.0004957658 0.0006820661 0.0006810311 0.0005257808 0.0006779261 0.0006768911 0.0005050808 0.0004874858 0.0004854158 0.0005019758 0.0006706811 0.0004823108 0.0004812758
-9999 -9999 -9999 -9999 -9999 -9999 -9999 -9999 -9999 -9999 -9999 -9999 -9999 -9999 -9999 -9999 -9999 -9999 -9999 -9999 -9999 -9999 -9999 -9999 -9999 -9999 -9999 -9999 -9999 -9999 -9999 -9999 -9999 -9999 0.0007027661 0.0007027661 0.0006996611 0.0006986262 0.0006965561 0.0006944861 0.0007172562 0.0009459915 0.0006903461 0.0006872411 0.0005050808 0.0005040458 0.0005195708 0.0005195708 0.0005019758 0.0005009408 0.000618931 0.0005164659 0.0004978358 0.000615826 0.0006820661 0.0006820661 0.0004926608 0.0005081858 0.0005071508 0.0005061158 0.0004885208 0.0004854158 0.0004843808 0.0004843808 0.0004823108 0.0004988708
-9999 -9999 -9999 -9999 -9999 -9999 -9999 -9999 -9999 -9999 -9999 -9999 -9999 -9999 -9999 -9999 -9999 -9999 -9999 -9999 -9999 -9999 -9999 -9999 -9999 -9999 -9999 -9999 -9999 -9999 -9999 -9999 -9999 -9999 0.0007038012 0.0007027661 0.0006996611 0.0006986262 0.0006965561 0.0006944861 0.0006934511 0.0006913811 0.0006893111 0.0007120811 0.0005061158 0.0005216409 0.0005030108 0.0005030108 0.0005185358 0.0005009408 0.0007420962 0.0005164659 0.0006851711 0.0005123258 0.0005123258 0.0006820661 0.0005092208 0.0005071508 0.0005071508 0.0005061158 0.0005050808 0.0004864508 0.0004843808 0.0004833458 0.0004833458 0.0004812758
-9999 -9999 -9999 -9999 -9999 -9999 -9999 -9999 -9999 -9999 -9999 -9999 -9999 -9999 -9999 -9999 -9999 -9999 -9999 -9999 -9999 -9999 -9999 -9999 -9999 -9999 -9999 -9999 -9999 -9999 -9999 -9999 -9999 0.0007058711 0.0007048362 0.0007017311 0.0006996611 0.0006986262 0.0009511666 0.0006955211 0.0009470265 0.0006924162 0.0007120811 0.0006882761 0.0005226759 0.0005050808 0.0005030108 0.0005019758 0.0005009408 0.0005185358 0.0006893111 0.0005164659 0.0004978358 0.0004968008 0.0004957658 0.0004947308 0.0005102558 0.0004905908 0.0005071508 0.0005061158 0.0004874858 0.0004864508 0.0005019758 0.0006717161 0.0006706811 0.0006686111
-9999 -9999 -9999 -9999 -9999 -9999 -9999 -9999 -9999 -9999 -9999 -9999 -9999 -9999 -9999 -9999 -9999 -9999 -9999 -9999 -9999 -9999 -9999 -9999 -9999 -9999 -9999 -9999 -9999 -9999 -9999 -9999 -9999 0.0007069061 0.0007048362 0.0007255362 0.0006996611 0.0006986262 0.0006965561 0.0009501316 0.0006934511 0.0006924162 0.0006903461 0.0006893111 0.0006872411 0.0005216409 0.0005040458 0.0005195708 0.0005185358 0.0006882761 0.0005175009 0.0005164659 0.000616861 0.0004968008 0.0004957658 0.0005133608 0.0005133608 0.0005092208 0.0005081858 0.0005061158 0.0005061158 0.0005030108 0.0005019758 0.0004833458 0.0004823108 0.0004812758
-9999 -9999 -9999 -9999 -9999 -9999 -9999 -9999 -9999 -9999 -9999 -9999 -9999 -9999 -9999 -9999 -9999 -9999 -9999 -9999 -9999 -9999 -9999 -9999 -9999 -9999 -9999 -9999 -9999 -9999 -9999 -9999 -9999 0.0007069061 0.0007048362 0.0007017311 0.0006996611 0.0006986262 0.0006965561 0.0006955211 0.0006934511 0.0006913811 0.0006903461 0.0007110462 0.0006882761 0.0005226759 0.0005216409 0.0005195708 0.0006893111 0.0006893111 0.0006882761 0.0005185358 0.0006862061 0.0004968008 0.0004968008 0.0005257808 0.0006520511 0.0005185358 0.0007307112 0.000609616 0.0006779261 0.000605476 0.0005019758 0.0004833458 0.0005175009 0.0005154308
-9999 -9999 -9999 -9999 -9999 -9999 -9999 -9999 -9999 -9999 -9999 -9999 -9999 -9999 -9999 -9999 -9999 -9999 -9999 -9999 -9999 -9999 -9999 -9999 -9999 -9999 -9999 -9999 -9999 -9999 -9999 -9999 0.0007089762 0.0007058711 0.0007038012 0.0007027661 0.0006996611 0.0006986262 0.0006975911 0.0009501316 0.0006934511 0.0006934511 0.0006903461 0.0006882761 0.0006882761 0.0005226759 0.0006924162 0.0005206058 0.0005195708 0.0006893111 0.0004999058 0.0004988708 0.000617896 0.0004978358 0.0005216409 0.0006841361 0.0006841361 0.0006820661 0.0005081858 0.0004895558 0.0005050808 0.0005040458 0.0006727511 0.0005019758 0.0004999058 0.0005154308
-9999 -9999 -9999 -9999 -9999 -9999 -9999 -9999 -9999 -9999 -9999 -9999 -9999 -9999 -9999 -9999 -9999 -9999 -9999 -9999 -9999 -9999 -9999 -9999 -9999 -9999 -9999 -9999 -9999 -9999 -9999 0.0007131161 0.0007089762 0.0007058711 0.0007048362 0.0007038012 0.0007017311 0.0006996611 0.0007213962 0.0007182912 0.0006944861 0.0006934511 0.0007141512 0.0006893111 0.0006893111 0.0007100112 0.0005216409 0.0005040458 0.0005195708 0.0005185358 0.0004999058 0.0005164659 0.0006862061 0.000617896 0.000615826 0.0004957658 0.0004936958 0.0005278509 0.0004968008 0.0004895558 0.0005050808 0.0005030108 0.0005040458 0.0005019758 0.0004999058 0.0004988708
-9999 -9999 -9999 -9999 -9999 -9999 -9999 -9999 -9999 -9999 -9999 -9999 -9999 -9999 -9999 -9999 -9999 -9999 -9999 -9999 -9999 -9999 -9999 -9999 -9999 -9999 -9999 -9999 -9999 0.0007224312 0.0007151862 0.0007348512 0.0009635866 0.0007307112 0.0007048362 0.0007276062 0.0007245012 0.0009542715 0.0007203612 0.0007193262 0.0006955211 0.0009480615 0.0006924162 0.0007193262 0.0007120811 0.0006872411 0.0006851711 0.0005040458 0.0005030108 0.0005185358 0.0004999058 0.0004988708 0.0004978358 0.0004968008 0.0004957658 0.0005288859 0.0004936958 0.0005102558 0.0005081858 0.0005061158 0.0005050808 0.0005040458 0.0005092208 0.0005071508 0.0005030108 0.0005009408
-9999 -9999 -9999 -9999 -9999 -9999 -9999 -9999 -9999 -9999 -9999 -9999 -9999 -9999 -9999 -9999 -9999 -9999 -9999 -9999 -9999 -9999 -9999 -9999 -9999 -9999 -9999 -9999 -9999 0.0007265712 0.0007203612 0.0007358862 0.0007338162 0.0007307112 0.0007058711 0.0007276062 0.0007245012 0.0006996611 0.0007213962 0.0006965561 0.0006955211 0.0007162212 0.0009470265 0.0007141512 0.0007110462 0.0006862061 0.0009397815 0.0006841361 0.0005019758 0.0005009408 0.0004999058 0.0004988708 0.0005154308 0.0004978358 0.0005143958 0.000614791 0.0004771358 0.0005102558 0.0005092208 0.0005061158 0.0005071508 0.0006758561 0.000606511 0.000604441 0.0005009408 0.0004636807
-9999 -9999 -9999 -9999 -9999 -9999 -9999 -9999 -9999 -9999 -9999 -9999 -9999 -9999 -9999 -9999 -9999 -9999 -9999 -9999 -9999 -9999 -9999 -9999 -9999 -9999 -9999 -9999 0.0007182912 0.0007203612 0.0007503762 0.0007213962 0.0007120811 0.0007317462 0.0007058711 0.0007276062 0.0007027661 0.0007245012 0.0007213962 0.0006975911 0.0006955211 0.0007151862 0.0007141512 0.0007120811 0.0009428865 0.0006862061 0.0006862061 0.0006841361 0.0006820661 0.0005009408 0.0005175009 0.0004999058 0.0005154308 0.0005143958 0.0005143958 0.0005133608 0.0005123258 0.0006820661 0.0005102558 0.0005081858 0.0005175009 0.0005702859 0.0005568309 0.0006717161 0.0004999058 0.0006686111
-9999 -9999 -9999 -9999 -9999 -9999 -9999 -9999 -9999 -9999 -9999 -9999 -9999 -9999 -9999 -9999 -9999 -9999 -9999 -9999 -9999 -9999 -9999 -9999 -9999 -9999 -9999 -9999 0.0007182912 0.0007162212 0.0009708316 0.0009780766 0.0009749716 0.0007100112 0.0007079411 0.0008694014 0.0007048362 0.0007255362 0.0009553066 0.0006975911 0.0007182912 0.0007162212 0.0006934511 0.0009449566 0.0006882761 0.0006872411 0.0006851711 0.0006820661 0.0006810311 0.0007276062 0.0007027661 0.0006799961 0.0005175009 0.0005154308 0.0005154308 0.0005133608 0.0005143958 0.0006903461 0.0006996611 0.0006893111 0.0006882761 0.0004750658 0.0008238613 0.0009139065 0.0009108015 0.000630316
-9999 -9999 -9999 -9999 -9999 -9999 -9999 -9999 -9999 -9999 -9999 -9999 -9999 -9999 -9999 -9999 -9999 -9999 -9999 -9999 -9999 -9999 -9999 -9999 -9999 -9999 -9999 0.0007203612 0.0007182912 0.0007389912 0.0007369212 0.0009677266 0.0009708316 0.0007234662 0.0007441662 0.0009842867 0.0007483062 0.0007514113 0.0007327812 0.0008652614 0.0006955211 0.0006944861 0.0007079411 0.0006996611 0.0007120811 0.0006862061 0.0006851711 0.0007058711 0.0007276062 0.0007276062 0.0007265712 0.0007265712 0.0007069061 0.0008414563 0.0008404214 0.0007410612 0.0005185358 0.0007110462 0.0006924162 0.001023617 0.0006499811 0.0008280014 0.0009170115 0.0009149415 0.0009139065 0.000631351
-9999 -9999 -9999 -9999 -9999 -9999 -9999 -9999 -9999 -9999 -9999 -9999 -9999 -9999 -9999 -9999 -9999 -9999 -9999 -9999 -9999 -9999 -9999 -9999 -9999 -9999 0.0007224312 0.0007203612 0.0007182912 0.0007162212 0.0007131161 0.0009666916 0.0007089762 0.0007079411 0.0007296762 0.0007317462 0.0007938463 0.001032932 0.0009884266 0.0007358862 0.0007058711 0.0007079411 0.0007058711 0.0006975911 0.0007131161 0.0006872411 0.0007079411 0.0007079411 0.0007058711 0.0007276062 0.0007276062 0.0007038012 0.0007079411 0.0007058711 0.0007110462 0.0007110462 0.0009377115 0.0007193262 0.0007472712 0.0008238613 0.0008445614 0.0008321414 0.0006851711 0.0009149415 0.0009128715 0.0006820661
-9999 -9999 -9999 -9999 -9999 -9999 -9999 -9999 -9999 -9999 -9999 -9999 -9999 -9999 -9999 -9999 -9999 -9999 -9999 -9999 -9999 -9999 -9999 -9999 -9999 -9999 0.0009770415 0.0007431312 0.0007410612 0.0007151862 0.0007131161 0.0009656566 0.0007317462 0.0007058711 0.0007048362 0.0009584115 0.0007276062 0.0007069061 0.0006996611 0.0006986262 0.0006996611 0.0009501316 0.0006934511 0.0007006961 0.0008714714 0.0006955211 0.0008590514 0.0008611214 0.0007131161 0.0007296762 0.0007296762 0.001006022 0.0007162212 0.0009915316 0.0008652614 0.0009697966 0.0008600864 0.001020512 0.0008041963 0.001012232 0.001019477 0.0009335715 0.0009190815 0.0009159765 0.000635491 0.0006779261
-9999 -9999 -9999 -9999 -9999 -9999 -9999 -9999 -9999 -9999 -9999 -9999 -9999 -9999 -9999 -9999 -9999 -9999 -9999 -9999 -9999 -9999 -9999 -9999 -9999 -9999 0.0007441662 0.0007420962 0.0007400262 0.0007131161 0.0009666916 0.0007089762 0.0009625516 0.0007058711 0.0007048362 0.0007027661 0.0007017311 0.0007224312 0.0006986262 0.0006955211 0.0006924162 0.0006913811 0.0006903461 0.0006882761 0.0006882761 0.0006882761 0.0006903461 0.0006882761 0.0006934511 0.0009791116 0.0009522015 0.0007172562 0.0009563416 0.0009956716 0.0008424914 0.001678773 0.0007400262 0.0008818214 0.0007576213 0.0009780766 0.001010162 0.0009346065 0.0009304665 0.000654121 0.0006903461 0.0006799961
-9999 -9999 -9999 -9999 -9999 -9999 -9999 -9999 -9999 -9999 -9999 -9999 -9999 -9999 -9999 -9999 -9999 -9999 -9999 -9999 -9999 -9999 -9999 -9999 -9999 0.0007462362 0.0007203612 0.0009739366 0.0007162212 0.0009677266 0.0009666916 0.0009646215 0.0007069061 0.0007058711 0.0007276062 0.0007255362 0.0007006961 0.0007213962 0.0009522015 0.0007172562 0.0007151862 0.0007131161 0.0007120811 0.0006872411 0.0006872411 0.0006913811 0.0007203612 0.0007079411 0.0007089762 0.0007307112 0.0007089762 0.0007120811 0.0009066615 0.0009770415 0.001734663 0.001805043 0.0009915316 0.0009511666 0.0008932065 0.0009977416 0.001009127 0.0008331764 0.0008269664 0.0006841361 0.0009873916 0.0006799961
-9999 -9999 -9999 -9999 -9999 -9999 -9999 -9999 -9999 -9999 -9999 -9999 -9999 -9999 -9999 -9999 -9999 -9999 -9999 -9999 -9999 -9999 -9999 0.0007245012 0.0007234662 0.0007224312 0.0007431312 0.0009729016 0.0007162212 0.0009687616 0.0007120811 0.0007089762 0.0007296762 0.0007286412 0.0007027661 0.0007017311 0.0007006961 0.0007213962 0.0007193262 0.0007182912 0.0009470265 0.0006665411 0.0006893111 0.0006872411 0.0006872411 0.0007089762 0.0009387466 0.0007048362 0.0007048362 0.0007048362 0.0007058711 0.0007110462 0.0009615166 0.001025687 0.001827813 0.001880598 0.001792623 0.001644618 0.0009170115 0.0008983815 0.001012232 0.0008321414 0.0009884266 0.0006851711 0.0008238613 0.0006872411
-9999 -9999 -9999 -9999 -9999 -9999 -9999 -9999 -9999 -9999 -9999 -9999 -9999 -9999 -9999 -9999 -9999 -9999 -9999 -9999 -9999 0.0007286412 0.0007503762 0.0007472712 0.0007462362 0.0007224312 0.0007193262 0.0007410612 0.0007151862 0.0007120811 0.0007120811 0.0007100112 0.0007069061 0.0009594465 0.0009584115 0.0007245012 0.0009532365 0.0007203612 0.0007193262 0.0007172562 0.0006913811 0.0006903461 0.0006893111 0.0007100112 0.0007100112 0.0009397815 0.0007058711 0.0009366765 0.0009366765 0.0007058711 0.0007069061 0.0008487014 0.0009542715 0.0009894617 0.001785378 0.002272864 0.001760538 0.0009377115 0.0008983815 0.0008476664 0.0007245012 0.0008290363 0.0009180465 0.0009822166 0.0008228263 0.0008259313
-9999 -9999 -9999 -9999 -9999 -9999 -9999 -9999 -9999 -9999 -9999 -9999 -9999 -9999 -9999 -9999 -9999 -9999 -9999 -9999 -9999 0.0007503762 0.0007255362 0.0009791116 0.0007224312 0.0007203612 0.0007182912 0.0007172562 0.0007151862 0.0007131161 0.0007100112 0.0007079411 0.0009615166 0.0007286412 0.0009573766 0.0009553066 0.0007203612 0.0009501316 0.0009490966 0.0006924162 0.0009459915 0.0009449566 0.0007120811 0.0007100112 0.0009408165 0.0008466314 0.0007069061 0.0007048362 0.0009366765 0.0007079411 0.0006644711 0.0009697966 0.0008694014 0.0008683664 0.001004987 0.0009718666 0.001724313 0.0009097665 0.001013267 0.0008404214 0.0008331764 0.0008269664 0.0009842867 0.0009801466 0.0008176513 0.0009770415
