02_Processed_Data/Guangdong-driving/GDP/jizhongtxt/gd-gdp-05-txt.txt
ncols         755
nrows         605
xllcorner     491130
yllcorner     2101946
cellsize      1000
NODATA_value  -9999
[rows 450 to 479 of 605, columns 0 to 67 of 755]
-9999 -9999 -9999 -9999 -9999 -9999 0.005817783 0.005830887 0.008859702 -9999 -9999 -9999 0.005671328 -9999 -9999 0.009091764 0.00997061 0.009107486 0.005906883 0.006212062 0.008151153 0.009320329 0.00950784 0.01039717 0.00952269 0.009538414 0.009347408 0.008010813 0.01004399 0.008431693 0.009314034 0.008443048 0.007832037 0.009186978 0.005995983 0.008041386 0.007864357 0.007309687 0.007306193 0.005269525 0.007311434 0.005856296 0.005860664 0.005845814 0.009023051 0.009023925 0.005816333 0.008451784 0.005253802 0.007282608 0.007283481 0.007841647 0.008017801 0.008017801 0.008187841 0.008372731 0.008370111 0.009467222 0.01130826 0.01296703 0.02413004 0.02448759 0.02262209 0.0205848 0.009597953 0.008486867 0.007929575 0.005877183
-9999 -9999 -9999 -9999 -9999 -9999 0.009362835 0.009181439 0.00900441 0.005797692 -9999 0.007848337 0.005821277 0.009034984 0.009041972 0.006141306 0.005860586 0.007032383 0.005691419 0.005988736 0.00589378 0.006189351 0.009288008 0.009288883 0.009298491 0.01019132 0.007276673 0.005927849 0.009131946 0.008954916 0.00895579 0.008964525 0.006247876 0.005667219 0.005968904 0.008008192 0.006373406 0.007279987 0.005238078 0.007279987 0.005531901 0.00728785 0.005829217 0.008446543 0.005238078 0.008440428 0.008443048 0.005226722 0.005231963 0.005221481 0.007254655 0.007804958 0.007992469 0.007990722 0.007989847 0.007984607 0.007975873 0.008894207 0.008218995 0.02133921 0.02317064 0.02371658 0.0123486 0.0123451 0.009195853 0.006519823 0.006150042 0.008870184
-9999 -9999 -9999 -9999 -9999 -9999 0.009497933 0.009328768 0.009152612 0.005949388 0.005766245 0.007818637 0.008989559 0.006088895 0.006096757 0.009020134 0.009026248 0.00903673 0.008857955 0.008863197 0.009053328 0.007894634 0.009251321 0.009068177 0.009076038 0.00996799 0.009092636 0.009096131 0.00588854 0.005716752 0.00572374 0.005728108 0.009132817 0.01000031 0.00622866 0.007981113 0.005758681 0.009839005 0.005208378 0.008412475 0.005209252 0.009283461 0.008411602 0.008410728 0.007249414 0.005206631 0.008409854 0.007235437 0.007234564 0.007231069 0.007224955 0.007783119 0.007962769 0.007961022 0.007950539 0.005907758 0.007946173 0.008861888 0.01051629 0.02074523 0.01233724 0.02238828 0.01102729 0.01101855 0.006572195 0.006014903 0.009025374 0.008836117
-9999 -9999 -9999 -9999 -9999 0.01052498 0.008298184 0.01016569 0.009113303 0.009107188 0.00572519 0.008940642 0.005750522 0.005581356 0.005590091 0.008990434 0.009867535 0.005613676 0.005058132 0.008275331 0.009151559 0.008279699 0.00883961 0.008846599 0.00903673 0.007014913 0.009057695 0.005857092 0.009065556 0.005684432 0.008900758 0.008895516 0.008904252 0.009091764 0.007752546 0.00542817 0.007203989 0.005463766 0.005750601 0.005761083 0.005179552 0.005472501 0.005764576 0.005749727 0.008377533 0.008381902 0.009252014 0.007206611 0.009245026 0.007195255 0.007749925 0.007754293 0.005708017 0.007925207 0.009963622 0.009952267 0.00791123 0.008640309 0.008629827 0.007954612 0.01064091 0.01100282 0.007661445 0.007946532 0.006639198 0.006268544 0.00578721 0.005045902
-9999 -9999 -9999 -9999 -9999 0.01029118 0.009427179 0.009247529 0.005685881 0.00568326 0.008712949 0.004969032 0.00873042 0.004990871 0.008756625 0.005559517 0.008770602 0.005576988 0.008791567 0.008239516 0.009116616 0.009120985 0.008254367 0.008251745 0.005066866 0.009142824 0.008836989 0.00537816 0.008292803 0.008844852 0.008862323 0.008860576 0.008871058 0.008319881 0.008330363 0.009214452 0.009208338 0.0048438 0.00834434 0.00834434 0.008346961 0.005429698 0.005727889 0.0057209 0.004852536 0.009779605 0.007735949 0.007728088 0.00772896 0.007163808 0.005968645 0.007721973 0.007711491 0.007897255 0.007892886 0.006722838 0.007885025 0.008425719 0.006377695 0.007402344 0.007759896 0.007641354 0.006620854 0.006320043 0.008958987 0.008958112 0.005569999 0.009636346
-9999 -9999 -9999 -9999 -9999 0.005517549 0.009898684 0.009906545 0.008845429 0.008851543 0.008672767 0.008125085 0.008701594 0.008154785 0.008167887 0.008726926 0.00905547 0.008744397 0.005839364 0.008752258 0.008203702 0.008213311 0.008209816 0.008220299 0.008222918 0.005605595 0.007066846 0.007079949 0.008250872 0.006190838 0.008817773 0.008829128 0.008838737 0.008291928 0.005672857 0.00567373 0.007137603 0.009175143 0.007144591 0.008310271 0.008305031 0.00568858 0.005690327 0.005400873 0.007148085 0.00769664 0.007694894 0.007698388 0.007693146 0.004803618 0.005380781 0.005389516 0.007682664 0.006129951 0.007868428 0.007855325 0.005810796 0.006169221 0.006159612 0.00670642 0.008051751 0.009886058 0.006667112 0.009485704 0.008928413 0.006295364 0.008737408 0.008175749
-9999 -9999 -9999 -9999 -9999 -9999 0.006897382 0.006890394 0.008941039 0.00807442 0.004888667 0.008111108 0.008118096 0.008122464 0.008132072 0.004932344 0.008138187 0.004948067 0.008703341 0.006997838 0.008170508 0.008170508 0.005262855 0.008181863 0.008175749 0.008189726 0.007579588 0.00876012 0.008951126 0.007795051 0.008963355 0.008791567 0.008805543 0.008810785 0.007095674 0.005058132 0.005061626 0.004773044 0.007100914 0.008266597 0.007104408 0.005357196 0.005656259 0.005917108 0.007666067 0.007853578 0.00785445 0.00766694 0.00766694 0.005325095 0.00914719 0.007111396 0.007656458 0.007658206 0.00783436 0.00578721 0.005773235 0.006235349 0.00623273 0.006298204 0.009490945 0.009111556 0.009786296 0.008903081 0.005507105 0.008705962 0.008705962 0.008703341
-9999 -9999 -9999 -9999 -9999 -9999 0.006848465 0.006854579 -9999 0.008908718 0.008048213 0.005157158 0.008077913 0.005171135 0.006930576 0.005186858 0.008096259 0.006945427 0.008114601 0.008120717 0.008132946 0.0081312 0.005223546 0.008133819 0.008141682 0.008155659 0.007549014 0.005521956 0.008914437 0.008917057 0.00893016 0.007775833 0.005756637 0.007611034 0.007612781 0.005022317 0.005606468 0.005325749 0.007074708 0.005323128 0.007073835 0.005032799 0.005324001 0.005324875 0.00763462 0.007812521 0.007816017 0.007638988 0.007629379 0.009108755 0.007068594 0.007620642 0.007813396 0.00897209 0.006344283 0.008953746 0.008941516 0.006495104 0.009109809 0.007239687 0.006651169 0.009073121 0.009751354 0.009741746 0.008672767 0.009547247 0.005495531 0.008117222
-9999 -9999 -9999 -9999 -9999 -9999 -9999 -9999 -9999 0.00887465 0.008011526 0.004532824 0.004834509 0.008048213 0.005431763 0.006893888 0.00806481 0.004869449 0.005174629 0.00488692 0.008096259 0.008100626 0.006924462 0.008098005 0.008975106 0.006952414 0.009731264 0.008876002 0.009061765 0.005869024 0.009087098 0.008901333 0.009790664 0.009600532 0.008742649 0.005533311 0.006127072 0.00584111 0.007041514 0.007039767 0.005290808 0.005285566 0.005292555 0.009081677 0.009642461 0.007593565 0.007597059 0.007590943 0.005266568 0.00703802 0.008211563 0.007044135 0.005738292 0.006026001 0.008924919 0.009786296 0.008903081 0.008895219 0.009072247 0.005860289 0.006431337 0.008856783 0.00885329 0.008661412 0.008652677 0.008965498 0.00808665 0.008080535
-9999 -9999 -9999 -9999 -9999 -9999 -9999 -9999 0.006796053 0.007965229 0.005067184 0.004490895 0.004503124 0.005385465 0.008014146 0.008023755 0.008021135 0.005412545 0.005133573 0.004848485 0.005426522 0.00543089 0.008058696 0.006894762 0.006906991 0.008951521 0.007660529 0.006215 0.009019836 0.009217829 0.006599631 0.008854164 0.007701584 0.009746114 0.008877749 0.008894347 0.006271779 0.005990186 0.005815778 0.00580879 0.009043242 0.006998711 0.007006573 0.007010067 0.007558623 0.007569106 0.007559497 0.007556002 0.006996091 0.007002206 0.005250625 0.008719938 0.006277894 0.008892599 0.008882116 0.00888299 0.006251688 0.008864647 0.009036434 0.009030319 0.009013722 0.006195783 0.009684967 0.00862385 0.005436131 0.008931429 0.00805695 0.005420407
-9999 -9999 -9999 -9999 -9999 -9999 -9999 -9999 0.004418393 0.008808263 0.008816124 0.00444984 0.008694308 0.005026348 0.008720513 0.007987068 0.00507854 0.00479782 0.00509339 0.005097758 0.00509339 0.004805682 0.004814418 0.005107367 0.006865935 0.008047341 0.005878374 0.008799131 0.005782546 0.009183761 0.00900848 0.00551056 0.007855027 0.007677999 0.006222861 0.00641474 0.006421729 0.006242953 0.007704204 0.005664917 0.009562097 0.007527177 0.007531544 0.005198433 0.005195813 0.00751582 0.007520189 0.00751582 0.005478279 0.004920987 0.004629786 0.008672767 0.008678008 0.009723403 0.008657044 0.006213253 0.008826211 0.008825338 0.005796522 0.009863743 0.008984022 0.006166955 0.008593276 0.004832761 0.004829268 0.0048249 0.008017641 0.008008905
-9999 -9999 -9999 -9999 -9999 -9999 -9999 -9999 -9999 0.004391313 -9999 -9999 0.00847797 0.006050777 0.008688194 0.005897334 0.007964355 0.00506107 0.007971344 0.005061944 0.005055829 0.007974837 0.004783844 0.00478297 0.007995802 0.00509077 0.008748466 0.008758076 0.005573197 0.008966551 0.007804363 0.008782534 0.00762122 0.006068506 0.01004339 0.009359916 0.006744339 0.006747833 0.006571678 0.005511435 0.007659655 0.009524535 0.007482625 0.007486993 0.005742402 0.005735413 0.005736288 0.005728426 0.00543897 0.006019628 0.008633459 0.008636953 0.00862909 0.005722311 0.008619482 0.008605505 0.005403156 0.00878166 0.008778166 0.006333502 0.008752834 0.008564451 0.00887465 0.007994928 0.006822259 0.007975711 0.008845824 0.007975711
-9999 -9999 -9999 -9999 -9999 -9999 -9999 -9999 -9999 -9999 -9999 -9999 0.008443029 0.008648011 0.008654999 0.005280862 0.007931162 0.004736674 0.007935529 0.005020888 0.00792592 0.007939897 0.004751523 0.007954746 0.007962609 0.006796926 0.008530382 0.008726628 0.007567934 0.008739731 0.007581912 0.007581912 0.009621199 0.009811331 0.007960427 0.006403345 0.009324974 0.006704156 0.006718132 0.006524507 0.009659635 0.005110207 0.007448559 0.0056996 0.005696104 0.005697852 0.005407523 0.008605505 0.008603759 0.008594151 0.009479112 0.008601138 0.008588036 0.01044443 0.0104434 0.009779309 0.01042384 0.007551563 0.008735364 0.008733616 0.008724008 0.005624475 0.007969595 0.007959114 0.006782951 0.007946011 0.007933782 0.007928542
-9999 -9999 -9999 -9999 -9999 -9999 -9999 -9999 -9999 -9999 -9999 0.004904055 0.00872615 0.008423811 0.007880498 0.007887485 0.008775068 0.004988567 0.007906702 0.007904083 0.007900588 0.007903209 0.005006038 0.005560708 0.008654999 0.008666355 0.008681205 0.005592155 0.008510292 0.008514659 0.008703044 0.00851728 0.008518154 0.005804125 0.008105135 0.009460075 0.009652827 0.008497627 0.006861093 0.005806091 0.007942957 0.007581037 0.007586278 0.005838193 0.008570564 0.005358606 0.008563576 0.008565323 0.008568818 0.008566197 0.005382845 0.008002791 0.00975048 0.01076579 0.009741214 0.01038162 0.007286269 0.00680948 0.01057999 0.006068247 0.008678585 0.008489327 0.008795159 0.007917184 0.006748882 0.007904083 0.007894473 0.00789622
-9999 -9999 -9999 -9999 -9999 -9999 -9999 -9999 -9999 -9999 -9999 0.004312695 0.006650174 0.008377516 0.004636217 0.007853417 -9999 0.00786128 0.007863026 0.007863026 0.00786652 0.007873509 0.007264245 0.005995745 0.008616564 0.00861569 0.008629668 0.00864015 0.008466615 0.008475349 0.008478845 0.007315782 0.007316656 0.00750766 0.01010686 0.01030136 0.005936822 0.005942063 0.008277795 0.006636021 0.007908888 0.006269735 0.00870479 0.008710905 0.008530382 0.008522521 0.008531256 0.008535624 0.008527762 0.00851728 0.005331307 0.009704147 0.01072666 0.009688702 0.01033323 0.006548303 0.01032705 0.01053778 0.01053469 0.0105213 0.0102941 0.005242427 0.004684262 0.007872635 0.008748863 0.004668538 0.007863026 0.004654562
-9999 -9999 -9999 -9999 -9999 -9999 -9999 -9999 -9999 -9999 -9999 -9999 0.008651901 0.007789649 0.004602151 -9999 0.00664668 0.006658909 0.008699072 0.007826339 0.006665898 0.005213381 0.009266844 0.008576381 0.008587738 0.009464838 0.007441272 0.00947794 0.007437779 0.007261625 0.0072756 0.005128254 0.007645381 0.005329741 0.01008153 0.009203555 0.009398927 0.008237612 0.009400675 0.009223646 0.006604574 0.006227806 0.00603418 0.008656747 0.008663734 0.007930288 0.007925047 0.008799527 0.00675325 0.007912818 0.007912818 0.009641339 0.01067004 0.01066489 0.009636192 0.006509177 0.006499911 0.01048527 0.01049041 0.01048527 0.006693131 0.0102385 0.006675506 0.006674632 0.004630976 0.005183027 0.008560658 0.008554542
-9999 -9999 -9999 -9999 -9999 -9999 -9999 -9999 -9999 -9999 -9999 0.00860473 0.004538383 0.004543624 0.004548865 -9999 0.00485317 0.004858411 0.00488025 0.008659763 0.006624842 0.006628336 0.008350437 0.009419414 0.005048762 0.007387114 0.007399343 0.004885711 0.007224937 0.007224062 0.00723105 0.007422929 0.007607819 0.007617428 0.009356124 0.009350884 0.008197431 0.00917735 0.006561771 0.01005445 0.008998574 0.008809317 0.009677681 0.008622679 0.009491044 0.007461363 0.008749736 0.006704332 0.007877002 0.00786914 0.008734012 0.009589857 0.009586768 0.009588827 0.00958471 0.007362111 0.007140061 0.01043687 0.006659153 0.006647828 0.01041422 0.008809936 0.006638818 0.004599529 0.008662383 0.008334711 0.008512614 0.008503006
-9999 -9999 -9999 -9999 -9999 -9999 -9999 -9999 -9999 -9999 -9999 -9999 0.007705791 0.004499948 0.007707539 -9999 0.005678733 0.005690088 0.005707559 0.005709306 0.006584659 0.006589027 0.006592521 0.00715418 -9999 0.005022557 0.009399324 0.007181259 0.00718388 0.00718388 0.007376632 0.00756589 0.007941784 0.01017557 0.00967262 0.009678734 0.009314196 0.01000641 0.009998544 0.00632709 0.006323596 0.006136958 0.008758651 0.008572014 0.007403711 0.008565026 0.008566773 0.008562406 0.005935471 0.007387988 0.005933724 0.006446111 0.006448171 0.007317836 0.01039981 0.01017673 0.01120233 0.009009334 0.01037303 0.01036789 0.01037098 0.01013863 0.01035553 0.008975356 0.008493396 0.008482914 0.006042617 0.008656449
-9999 -9999 -9999 -9999 -9999 -9999 -9999 -9999 -9999 -9999 -9999 -9999 0.007658621 0.004459765 0.007663863 -9999 -9999 0.005642918 0.005658642 -9999 0.005669124 0.005672618 -9999 -9999 -9999 0.006574177 0.008611719 0.00657505 0.006585533 0.007141951 0.004826311 0.007522213 0.007711472 0.005763864 0.006140633 0.01050604 0.0101415 0.009085629 0.008707986 0.008713228 0.008710607 0.009585087 0.008710607 0.009405438 0.008518729 0.008513488 0.00850912 0.008510868 0.009375738 0.008502132 0.0103545 0.007266354 0.006392571 0.006385363 0.006379186 0.008968149 0.006565457 0.006567516 0.01032773 0.01031949 0.01031537 0.01134098 0.01007685 0.008704914 0.01028037 0.008624128 0.00861976 0.005699878
-9999 -9999 -9999 -9999 -9999 -9999 -9999 -9999 -9999 -9999 -9999 -9999 -9999 0.004996746 -9999 -9999 -9999 -9999 -9999 -9999 -9999 -9999 -9999 -9999 -9999 0.004783288 0.006535742 -9999 0.006539236 0.006546224 0.006551465 0.007298015 0.008827362 0.009026229 0.009402997 0.009402124 0.009034091 0.009908571 0.005463708 0.008666931 0.009538789 0.008666058 0.008668678 0.008482914 0.008477673 0.007302382 0.008648586 0.008647713 0.007289279 0.008450594 0.0102989 0.007215903 0.01031126 0.007204577 0.01028654 0.008910489 0.01028654 0.006508828 0.006494413 0.01026801 0.01026801 0.00669587 0.006474849 0.01023815 0.01023506 0.00679338 0.008570842 0.008568223
-9999 -9999 -9999 -9999 -9999 -9999 -9999 -9999 -9999 -9999 -9999 -9999 -9999 -9999 -9999 -9999 -9999 -9999 -9999 -9999 -9999 -9999 -9999 -9999 -9999 0.006481583 0.006483331 -9999 0.006498181 0.006501674 0.008540963 0.008414779 0.008603164 0.008599669 0.009668648 0.008799409 0.008611899 0.008611899 0.008430503 0.008436617 0.008440112 0.008436617 0.01026801 0.0102608 0.01026183 0.008426134 0.008418273 0.005795707 0.009467161 0.01046123 0.01023815 0.008862098 0.01023506 0.01023609 0.007372056 0.01148169 0.00907488 0.01066166 0.007565276 0.01065136 0.01064827 0.006519077 0.01143948 0.006968067 0.01017432 0.00879517 0.01016196 0.005020512
-9999 -9999 -9999 -9999 -9999 -9999 -9999 -9999 -9999 -9999 -9999 -9999 -9999 -9999 -9999 -9999 -9999 -9999 -9999 -9999 -9999 -9999 -9999 -9999 0.004110911 0.004102175 -9999 0.004667329 0.006447515 0.008486804 0.007622805 0.009236848 0.008371102 0.008368483 0.008557741 0.008567349 0.0104324 0.01043137 0.01021962 0.01124832 0.01022374 0.01022065 0.01000169 0.01021138 0.007114999 0.008377217 0.008367609 0.007197559 0.008547258 0.006627914 0.0112164 0.01121228 0.00663512 0.01039945 0.01040049 0.01039843 0.009026486 0.007514824 0.007502469 0.006901399 0.01101721 0.01101515 0.01056384 0.009187789 0.008750896 0.006339967 0.01010224 0.01009606
-9999 -9999 -9999 -9999 -9999 -9999 -9999 -9999 -9999 -9999 -9999 -9999 -9999 -9999 -9999 -9999 -9999 -9999 -9999 -9999 -9999 -9999 -9999 -9999 -9999 -9999 -9999 0.008121571 0.008112837 0.008112837 0.00812856 0.008127686 0.00813118 0.005414532 0.009927555 0.009929615 0.009932703 0.009942999 0.01015475 0.01015681 0.01016196 0.01016711 0.009948147 0.01016299 0.01117933 0.01013931 0.008316944 0.00936758 0.007260856 0.01035621 0.01014034 0.01013725 0.01034488 0.008973976 0.01159048 0.01158842 0.009401602 0.01004922 0.01003686 0.008276638 0.02166513 0.01001936 0.01197795 0.01154209 0.006980117 0.005938036 -9999 0.008669555
-9999 -9999 -9999 -9999 -9999 -9999 -9999 -9999 -9999 -9999 -9999 -9999 -9999 -9999 -9999 -9999 -9999 -9999 -9999 -9999 -9999 -9999 -9999 -9999 -9999 -9999 0.01006003 0.01109696 0.01006209 0.008075275 0.008084884 0.008084884 0.009868866 0.009225368 0.009872984 0.009879163 0.009872984 0.009877102 0.01009195 0.01010327 0.01010327 0.01010636 0.01010636 0.01031194 0.01031503 0.01133033 0.007207315 0.01030267 0.01030061 0.01008886 0.01008783 0.01008783 0.01030473 0.01029546 0.0105103 0.01050104 0.01071279 0.00998538 0.01151193 0.009975814 0.02334474 0.01263916 0.01154024 0.006888739 0.006230826 0.009998249 0.01000237 0.00622156
-9999 -9999 -9999 -9999 -9999 -9999 -9999 -9999 -9999 -9999 -9999 -9999 -9999 -9999 -9999 -9999 -9999 -9999 -9999 -9999 -9999 -9999 -9999 -9999 -9999 -9999 0.01000855 0.0110393 0.01103724 0.006015984 0.01083063 0.009151233 0.009169768 0.009166679 0.009166679 0.009159472 0.009818413 0.0100384 0.0100384 0.01004458 0.01108357 0.0100487 0.01004252 0.00694305 0.00694305 0.01024913 0.01025016 0.01024913 0.01025119 0.01003223 0.01003017 0.01024707 0.01067984 0.008272002 0.008709923 0.01153612 0.01196581 0.01123943 0.02352972 0.01405606 0.02503774 0.01367116 0.01077062 0.007045922 0.00901584 0.006510231 0.01118619 0.0101544
-9999 -9999 -9999 -9999 -9999 -9999 -9999 -9999 -9999 -9999 -9999 -9999 -9999 -9999 -9999 -9999 -9999 -9999 -9999 -9999 -9999 -9999 -9999 -9999 0.01075032 0.009726777 0.009948826 0.009948826 0.01098782 0.01098988 0.0099653 0.01013154 0.009112108 0.01013257 0.01013257 0.00568175 0.005678662 0.006338633 0.006898776 0.009988981 0.009767961 0.00977414 0.01100944 0.009976626 0.007101263 0.01019662 0.01019456 0.01019765 0.01019765 0.01122531 0.01019662 0.01018529 0.01062527 0.01062424 0.007485903 0.00907989 0.009253806 0.01401826 0.01313285 0.02563902 0.02562769 0.01382217 0.01113337 0.007427214 0.006776508 0.01032188 0.01010704 0.01009365
-9999 -9999 -9999 -9999 -9999 -9999 -9999 -9999 -9999 -9999 -9999 -9999 -9999 -9999 -9999 -9999 -9999 -9999 -9999 -9999 -9999 -9999 -9999 -9999 0.01003681 0.005578787 0.01091368 0.009888078 0.0109281 0.009912789 0.009915877 0.009044153 0.009041064 0.005614825 0.009057538 0.009059597 0.00594391 0.006619067 0.006849354 0.005811392 0.005812422 0.009927204 0.00683288 0.009924116 0.00705287 0.01013175 0.01013793 0.01013896 0.01014205 0.01117383 0.01013999 0.01013278 0.01056864 0.01056246 0.01098597 0.01223363 0.009201295 0.012935 0.02406511 0.02514138 0.02512902 0.01240184 0.0110891 0.009777394 0.0104873 0.01027555 0.01004629 0.01005247
-9999 -9999 -9999 -9999 -9999 -9999 -9999 -9999 -9999 -9999 -9999 -9999 -9999 -9999 -9999 -9999 -9999 -9999 -9999 -9999 -9999 -9999 -9999 -9999 0.008954574 0.008958694 0.005864369 0.006741242 0.009994596 0.006760806 0.006761835 0.009861307 0.005898347 0.005559224 0.005568491 0.005227308 0.005535801 0.006788605 0.006787576 0.006784488 0.009871604 0.01009056 0.01009262 0.01111823 0.0103085 0.01030335 0.01008851 0.01008953 0.01008748 0.01008439 0.006652999 0.0100813 0.01029305 0.006854456 0.01072377 0.01093037 0.01179592 0.008671994 0.02312543 0.02399921 0.01306232 0.0110335 0.01175061 0.01131166 0.01087271 0.01043891 0.01021068 0.01102865
-9999 -9999 -9999 -9999 -9999 -9999 -9999 -9999 -9999 -9999 -9999 -9999 -9999 -9999 -9999 -9999 -9999 -9999 -9999 -9999 -9999 -9999 -9999 0.0088825 0.009922523 0.008893826 0.00992767 0.009779966 0.008906181 0.009942085 0.005823184 0.005838628 0.006493452 0.009584688 0.0089381 0.008940159 0.006505807 0.00672168 0.00672168 0.00672065 0.006938581 0.01002879 0.01002982 0.006254157 0.01025187 0.01025393 0.01002982 0.01004114 0.01003702 0.006606665 0.00659431 0.006589162 0.01001746 0.006805034 0.01044303 0.0068853 0.0113096 0.01195207 0.008818881 0.009460319 0.0130129 0.01097378 0.01169913 0.01126945 0.007044541 0.01060536 0.01038434 0.01015199
-9999 -9999 -9999 -9999 -9999 -9999 -9999 -9999 -9999 -9999 -9999 -9999 -9999 -9999 -9999 -9999 -9999 -9999 -9999 -9999 -9999 -9999 -9999 0.005362824 0.004710059 0.008833079 0.009498198 0.009496138 0.009510553 0.00885573 0.008858819 0.005774791 0.009908107 0.01078086 0.009528057 0.008877353 0.006660931 0.00666608 0.009751137 0.00688607 0.007102971 0.01041214 0.0104039 0.0104142 0.01040699 0.01019009 0.01019627 0.01100497 0.009981424 0.006547976 0.00653974 0.006535621 0.006525324 0.006526354 0.006618974 0.006836907 0.007041453 0.0122652 0.01079549 0.01079034 0.01078107 0.009408107 0.01098665 0.01120355 0.007212021 0.01076563 0.0113492 0.01031741
