02_Processed_Data/Guangdong-driving/GDP/jizhongtxt/gd-gdp-15-txt.txt
ncols         755
nrows         605
xllcorner     491130
yllcorner     2101946
cellsize      1000
NODATA_value  -9999
[rows 290 to 318 of 605, columns 396 to 461 of 755]
0.02850809 0.0316193 0.03089583 0.02629629 0.03001815 0.05317735 0.02871405 0.02176609 0.03141437 0.0507658 0.05303866 0.05142923 0.04879308 0.02707047 0.02351938 0.02848118 0.02277004 0.01796245 0.01958223 0.01719034 0.01755156 0.01662316 0.01759606 0.04695906 0.004191757 0.004170022 0.004321132 0.004363567 0.004031332 0.003952671 0.003912306 0.003901956 0.003865731 0.003845031 0.003850206 0.01533666 0.01668319 0.0192738 0.02692246 0.01531802 0.0159204 0.01603528 0.01647516 0.01480777 0.01479328 0.01490609 0.01616673 0.01679911 0.04949689 0.02304017 0.03840995 0.03504723 0.03208609 0.0210923 0.0230557 0.02801853 0.03275056 0.04988191 0.04984361 0.04896076 0.05059709 0.01398184 0.02281454 0.02324614 0.004111027 0.004208317
0.02710462 0.02749999 0.03392114 0.0521113 0.05059606 0.02703424 0.05105663 0.05667048 0.03520144 0.05634963 0.05587042 0.05488303 0.05333157 0.02960622 0.05191775 0.02489697 0.02447158 0.02098673 0.01891983 0.02676928 0.02326684 0.04756247 0.01811563 0.004373917 0.005906755 0.004576778 0.004226947 0.004648193 0.01205156 0.004047892 0.004015807 0.004142077 0.003890571 0.004065487 0.004035471 0.003948532 0.007070097 0.03110387 0.02067002 0.01595662 0.01562128 0.01481294 0.01607565 0.01556022 0.0151162 0.01662109 0.01964123 0.02320577 0.02368705 0.03527286 0.03455457 0.03262946 0.05557752 0.0297977 0.04827765 0.03167105 0.05791869 0.04638774 0.04649124 0.04581849 0.02294806 0.0227452 0.02318921 0.01951185 0.00628039 0.005008373
0.02401204 0.02617623 0.02883515 0.05072336 0.05089414 0.05205127 0.05924971 0.04074595 0.02869646 0.03419853 0.0389585 0.03674566 0.03381144 0.03248456 0.03080579 0.01852446 0.0261369 0.0253917 0.03004817 0.03285199 0.05746329 0.05050498 0.01982339 0.007572073 0.005446179 0.006285565 0.005452389 0.007428207 0.007883607 0.01266428 0.004478452 0.004822073 0.004163812 0.004768253 0.006353875 0.006989366 0.004419457 0.007343337 0.01651035 0.01493611 0.01554883 0.01471979 0.01479017 0.01612015 0.01944044 0.02024049 0.02933712 0.03535876 0.05390496 0.03510001 0.03031002 0.03251147 0.02433082 0.04907253 0.04982395 0.05352925 0.0527706 0.04896282 0.04868648 0.01508618 0.0142499 0.02263342 0.02395097 0.007245012 0.004593337 0.007207752
0.01859588 0.0326926 0.02986394 0.02043404 0.0505174 0.05161968 0.03468497 0.04137212 0.0447514 0.03891089 0.03816051 0.03882084 0.03372346 0.02711083 0.01953359 0.01809183 0.02410829 0.02302154 0.02480588 0.04421527 0.03566616 0.05818158 0.009757996 0.008405249 0.006612626 0.01325009 0.01362994 0.01411742 0.01435754 0.01375724 0.01358129 0.006848606 0.004265242 0.004436017 0.005290929 0.006951071 0.005674914 0.005416164 0.003883326 0.003999247 0.01473739 0.01784964 0.01553641 0.01598353 0.01791277 0.03340986 0.03408571 0.04831491 0.0485126 0.03218752 0.05281717 0.02957 0.04916465 0.04870822 0.04798475 0.0564966 0.05018723 0.0454521 0.02309089 0.02282282 0.01415468 0.0140605 0.01444138 0.004712363 0.004460857 0.004953518
0.01694505 0.02407 0.01978716 0.02158496 0.02531511 0.02533684 0.02517952 0.04287701 0.03837993 0.03503998 0.06033956 0.05549162 0.02435773 0.03340365 0.05229656 0.02052098 0.02000762 0.02268206 0.02588643 0.03978857 0.04372882 0.04060725 0.01043592 0.01001054 0.009031424 0.01387109 0.009971206 0.01414847 0.0148264 0.01460801 0.009791116 0.00589537 0.004778603 0.004777568 0.005878809 0.01485227 0.01318178 0.01196772 0.006132385 0.00596782 0.003770511 0.01815289 0.01919618 0.01553538 0.01712928 0.03281576 0.0501034 0.04985603 0.05000921 0.05081962 0.03072196 0.03199501 0.03326288 0.04771565 0.04659164 0.05115703 0.04671066 0.02341691 0.0233662 0.02345314 0.02284352 0.01943319 0.01403048 0.004487767 0.007214997 0.007243977
0.01645135 0.01719552 0.01762401 0.03037626 0.02006454 0.02047854 0.0224378 0.02461337 0.04297638 0.03155306 0.02536272 0.02805476 0.02831661 0.03821951 0.03408157 0.03242867 0.02666164 0.0289697 0.04018601 0.04245266 0.04207489 0.009401956 0.006692321 0.01073297 0.01510792 0.01469081 0.01706407 0.01496405 0.01496612 0.008526344 0.008953799 0.01580137 0.008546009 0.006862061 0.01376552 0.008018158 0.01185905 0.004988708 0.005229863 0.006221395 0.003972337 0.003833646 0.004816898 0.02045784 0.02169571 0.05295586 0.05208543 0.05356858 0.04993262 0.05246734 0.03113492 0.05048945 0.05281407 0.04998644 0.04752935 0.0489887 0.04854986 0.02810237 0.0257229 0.01593385 0.02294702 0.01430993 0.0063073 0.007290552 0.01421575 0.0146846
0.02908251 0.01669561 0.02061516 0.02648466 0.02958242 0.01878631 0.02055927 0.01970229 0.03574378 0.02896556 0.03069608 0.0376575 0.03833025 0.04039197 0.04119203 0.04422148 0.04169711 0.03921311 0.04100573 0.04108957 0.04022327 0.00925395 0.01591212 0.008566709 0.008348323 0.006666446 0.009946366 0.007415787 0.01564819 0.01800178 0.01827813 0.009591361 0.008215844 0.008387654 0.007437522 0.006103405 0.01219956 0.005158449 0.004362532 0.006006115 0.00599266 0.003810876 0.003789141 0.00602164 0.006837221 0.02015976 0.01659522 0.05274162 0.02785914 0.03398428 0.03276505 0.05226345 0.05076269 0.02248852 0.0325508 0.05087551 0.0237388 0.0560795 0.0539091 0.05002474 0.02307019 0.01523833 0.007382667 0.007887748 0.0149299 0.01760745
0.03097346 0.03467152 0.01849652 0.01649896 0.01654968 0.01637062 0.01955946 0.02036987 0.02400997 0.03259738 0.02363116 0.03441795 0.03795351 0.06032197 0.04059277 0.04201072 0.04347214 0.04401034 0.04138765 0.04104299 0.006697496 0.01581172 0.01536771 0.01548259 0.01721725 0.008711609 0.007474782 0.01374689 0.01548052 0.01159409 0.008070943 0.01517416 0.01377794 0.01492783 0.007896028 0.01429855 0.008244824 0.007913623 0.005496894 0.003653556 0.004014771 0.003841926 0.00600922 0.00616033 0.006894146 0.005106698 0.004282837 0.0189395 0.04757903 0.05068403 0.04771254 0.05114668 0.04954139 0.02190685 0.01892915 0.05463981 0.03419232 0.04861093 0.04942547 0.05079167 0.02363737 0.01812909 0.007503762 0.007630032 0.01651035 0.01306069
0.03345126 0.02906699 0.01554159 0.01544015 0.01562542 0.01565233 0.01717689 0.02487626 0.03104384 0.02311262 0.05615712 0.0540985 0.05063642 0.0567212 0.0575668 0.05620887 0.03820916 0.03973682 0.05704826 0.0375126 0.007206717 0.006947966 0.01557781 0.008380408 0.01741597 0.01794486 0.01578895 0.006854816 0.01447553 0.01363822 0.01405325 0.01459042 0.01387006 0.01522177 0.01448174 0.01487504 0.01347572 0.01227202 0.006121 0.003926796 0.004926608 0.004558147 0.004388407 0.004721678 0.01385246 0.007271922 0.005683194 0.004988708 0.0118518 0.04686798 0.04724679 0.02629525 0.01758675 0.01740562 0.01774614 0.02679516 0.03220718 0.05295276 0.0301496 0.02969316 0.02472308 0.02419627 0.008366954 0.007321602 0.01905335 0.01953359
0.08779091 0.02797713 0.02750207 -9999 -9999 -9999 -9999 -9999 -9999 -9999 -9999 -9999 -9999 0.02322958 0.04987466 0.02034503 0.05104525 0.05306868 0.0356527 0.05654214 0.008276909 0.01565337 0.01475705 0.007041116 0.007802878 0.01535218 0.01444966 0.007060782 0.006560876 0.01265704 0.01322111 0.009918422 0.01452832 0.009896686 0.01516588 0.01407292 0.005408919 0.006322825 0.01169345 0.004092397 0.005527944 0.01277606 0.005848795 0.01386799 0.007236732 0.005679054 0.006018535 0.005521734 0.01376035 0.01219335 0.01299962 0.02158806 0.04934267 0.05152549 0.04778913 0.05261224 0.04871235 0.0491781 0.05299726 0.03212335 0.05090656 0.02377399 0.01575273 0.01187043 0.01919825 0.01792519
0.03754365 0.08593205 0.02757451 -9999 -9999 -9999 -9999 -9999 -9999 -9999 -9999 -9999 -9999 -9999 -9999 -9999 0.04804271 0.0504553 0.05069024 0.03512071 0.007467537 0.006694391 0.01480673 0.0150541 0.006898286 0.01594524 0.01442792 0.01313314 0.005063228 0.005648004 0.007425102 0.01413502 0.00924567 0.01503754 0.01470323 0.01551882 0.01000019 0.006293845 0.004720643 0.004563322 0.006024745 0.005694579 0.0160684 0.006940722 0.007847383 0.01477258 0.0139808 0.006302125 0.01386488 0.01255768 0.008112343 0.008075084 0.02411347 0.04670135 0.018097 0.05069749 0.05274265 0.05195398 0.02353283 0.03692472 0.05479506 0.03112768 0.01005918 0.01967849 0.01665628 0.00631144
0.04701909 0.03995003 0.0346798 -9999 -9999 -9999 -9999 -9999 -9999 -9999 -9999 -9999 -9999 -9999 -9999 -9999 -9999 0.02044853 0.024011 0.01575066 0.01590901 0.01436375 0.0147229 0.01609324 0.01543394 0.0158407 0.01479638 0.01446932 0.004525027 0.005142923 0.01409879 0.01582414 0.01007885 0.007963303 0.01363511 0.01501166 0.01314038 0.00591814 0.006198625 0.00606925 0.01240864 0.004173127 0.004842773 0.0129427 0.01413191 0.01479742 0.00903867 0.00919599 0.01518865 0.01387523 0.01262185 0.01277192 0.007470642 0.005536224 0.01690882 0.02059446 0.05233693 0.05284201 0.03734183 0.03251147 0.02983082 0.02583571 0.007329882 0.01912373 0.0172659 0.007922938
0.04762974 0.04006284 0.03460011 -9999 -9999 -9999 -9999 -9999 -9999 -9999 -9999 -9999 -9999 -9999 -9999 -9999 -9999 -9999 0.005811534 0.01638408 0.01640374 0.01665007 0.01514725 0.01627437 0.007494447 0.01515553 0.01433684 0.01411639 0.01265807 0.004883138 0.00896622 0.009194955 0.01005504 0.01462664 0.01477982 0.006824801 0.00596368 0.004505362 0.004010632 0.004241437 0.004078941 0.003899886 0.01164998 0.005196744 0.01311244 0.01413605 0.01498682 0.01426025 0.006355945 0.006250375 0.01347365 0.01335773 0.01209607 0.007713867 0.01610773 0.01865694 0.05096141 0.04806134 0.05274162 0.05243526 0.0299043 0.01792519 0.006554666 0.008576024 0.008791304 0.02042576
0.03010095 -9999 -9999 -9999 -9999 -9999 -9999 -9999 -9999 -9999 -9999 -9999 -9999 -9999 -9999 -9999 -9999 -9999 0.004633702 0.0154267 0.0163758 0.00930156 0.01548052 0.0153884 0.01523212 0.01640892 0.01441033 0.0132118 0.006976946 0.01348918 0.01511102 0.01498372 0.01383901 0.01342604 0.004544693 0.004331482 0.004274557 0.00624934 0.004720643 0.004636807 0.005623164 0.004546762 0.003945427 0.004113097 0.004994918 0.01415779 0.01509446 0.005791869 0.005059088 0.01234032 0.005785659 0.01467943 0.01921067 0.01031276 0.02006661 0.01957499 0.01916306 0.05476711 0.05560753 0.03448212 0.02731473 0.01537081 0.006768911 0.01747807 0.008869965 0.01833195
-9999 -9999 -9999 -9999 -9999 -9999 -9999 -9999 -9999 -9999 -9999 -9999 -9999 -9999 -9999 -9999 -9999 -9999 0.004658543 0.01497958 0.0162516 0.01626712 0.0154888 0.01465459 0.01533666 0.01450555 0.01414951 0.007441662 0.006726476 0.004710293 0.005433759 0.005062193 0.01296029 0.004717538 0.004820003 0.004384267 0.004636807 0.006645746 0.01422403 0.01356991 0.01008195 0.01395493 0.00627211 0.004272487 0.004746518 0.01296754 0.01423852 0.01427164 0.005281614 0.01403359 0.01304516 0.0129634 0.01874181 0.008791304 0.01912269 0.0200604 0.01874492 0.01832677 0.01146368 0.00970728 0.02491974 0.005129468 0.005779449 0.008461139 0.01033242 0.01090581
-9999 -9999 -9999 -9999 -9999 -9999 -9999 -9999 -9999 -9999 -9999 -9999 -9999 -9999 -9999 -9999 -9999 -9999 0.005434794 0.006614696 0.01638925 0.01579309 0.01486676 0.01430579 0.01543084 0.008743694 0.01368686 0.006486356 0.004253857 0.006208975 0.004433947 0.00633214 0.004167952 0.007809088 0.008413529 0.005759784 0.004840703 0.005452389 0.007124952 0.01420747 0.01227512 0.01555918 0.008335903 0.005367519 0.005497929 0.01294373 0.01421161 0.01419401 0.01426129 0.0116417 0.007625892 0.004082046 0.0164172 0.0155923 0.02004281 0.01882565 0.008932064 0.008270699 0.01618536 0.01492576 0.006709916 0.005124293 0.004818968 0.007838068 0.0173901 0.007310217
-9999 -9999 -9999 -9999 -9999 -9999 -9999 -9999 -9999 -9999 -9999 -9999 -9999 -9999 -9999 -9999 -9999 -9999 -9999 0.008243788 0.01633543 0.01502615 0.01513069 0.007741813 0.01713652 0.0148502 0.01258045 0.005142923 0.003987861 0.004348042 0.004202107 0.004159672 0.004222807 0.006718196 0.006897251 0.01475602 0.008071979 0.006022675 0.008402144 0.008317273 0.007425102 0.01738389 0.01656624 0.01458628 0.01369204 0.01440826 0.01476947 0.009894616 0.01009541 0.01057979 0.005695614 0.01459456 0.01506134 0.01493507 0.01917548 0.01834851 0.01030241 0.01988342 0.01513483 0.01462354 0.004894523 0.005057018 0.006157225 0.008361778 0.01120493 0.01643065
-9999 -9999 -9999 -9999 -9999 -9999 -9999 -9999 -9999 -9999 -9999 -9999 -9999 -9999 -9999 -9999 -9999 -9999 -9999 0.008567744 0.01626919 0.008647439 0.01440722 0.01321283 0.007428207 0.009188745 0.007547232 0.006430465 0.003993037 0.003978547 0.004267312 0.006949001 0.004068592 0.007210857 0.00646669 0.01562232 0.01397045 0.006739931 0.004293187 0.01250696 0.007408542 0.01722036 0.01589763 0.01364132 0.01493507 0.01758054 0.01571754 0.009343995 0.01591108 0.01771405 0.016086 0.005616954 0.006974876 0.01612533 0.007380597 0.01076091 0.01652484 0.00933882 0.01631577 0.0061003 0.00596575 0.007810123 0.008199283 0.00887307 0.018511 0.01531595
-9999 -9999 -9999 -9999 -9999 -9999 -9999 -9999 -9999 -9999 -9999 -9999 -9999 -9999 -9999 -9999 -9999 -9999 -9999 -9999 0.01586037 0.01583242 0.007696272 0.007010066 0.008426984 0.01376966 0.004573673 0.004421527 0.004622317 0.006799961 0.005164659 0.007715938 0.007708692 0.00877371 0.01421057 0.01263841 0.006408731 0.003944391 0.003906096 0.004013737 0.004568498 0.006709916 0.01783618 0.01554676 0.01688502 0.01657555 0.01647516 0.01602493 0.01562439 0.01889499 0.0173073 0.005757714 0.006070285 0.0168136 0.01782687 0.01981925 0.01676392 0.01913615 0.01920446 0.0181591 0.009008654 0.00941955 0.02067933 0.01981304 0.01878425 0.01655692
-9999 -9999 -9999 -9999 -9999 -9999 -9999 -9999 -9999 -9999 -9999 -9999 -9999 -9999 -9999 -9999 -9999 -9999 -9999 -9999 -9999 0.01518244 0.007755267 0.01721518 0.01567407 0.01252766 0.004286977 0.004755833 0.005539329 0.004542622 0.007087692 0.006922091 0.006624011 0.007478922 0.01322836 0.01181558 0.003845031 0.003797421 0.003790176 0.003866766 0.003963022 0.004646122 0.007213962 0.008819249 0.01656624 0.01851515 0.01728867 0.01508722 0.01450555 0.01770163 0.01706097 0.01685707 0.006479111 0.01574755 0.01621848 0.02103123 0.0167722 0.01819015 0.02034503 0.006752351 0.008418703 0.01251731 0.01797901 0.01555608 0.006869306 0.006464621
0.05202746 -9999 -9999 -9999 -9999 -9999 -9999 -9999 -9999 -9999 -9999 -9999 -9999 -9999 -9999 -9999 -9999 -9999 -9999 -9999 -9999 0.006057865 0.01384108 0.007263642 0.01410914 0.01242209 0.004385302 0.006028885 0.007548267 0.004485697 0.003878151 0.006465656 0.006961422 0.01263634 0.01349021 0.006219325 0.003812946 0.003754986 0.003719796 0.003731181 0.003904026 0.004183477 0.006550526 0.01176176 0.0168343 0.01576204 0.01622986 0.01586658 0.01677738 0.01922412 0.01935764 0.01721829 0.01035726 0.006853781 0.01536253 0.01762504 0.01843752 0.01938248 0.01057358 0.01798626 0.01529112 0.01694712 0.01610773 0.004334587 0.004847948 0.01601458
0.02929986 0.03763059 -9999 -9999 -9999 -9999 -9999 -9999 -9999 -9999 -9999 -9999 -9999 -9999 -9999 -9999 -9999 -9999 -9999 -9999 -9999 -9999 0.01513069 0.01069571 0.01012025 0.006909671 0.004932818 0.004802408 0.007734567 0.01175969 0.01153406 0.006062005 0.004253857 0.00633421 0.01412467 0.007047326 0.003989932 0.004429807 0.003736356 0.003799491 0.003816051 0.004260067 0.007531707 0.01175037 0.01765092 0.01705579 0.01735905 0.01611394 0.01785895 0.02148456 0.02244091 0.01767472 0.01702578 0.01930278 0.01695747 0.01681671 0.008261384 0.009726946 0.01901816 0.01694194 0.004799303 0.01472807 0.004650263 0.004449472 0.004182442 0.005657319
0.03731078 0.03696405 -9999 -9999 -9999 -9999 -9999 -9999 -9999 -9999 -9999 -9999 -9999 -9999 -9999 -9999 -9999 -9999 -9999 -9999 -9999 -9999 -9999 0.01163135 0.01201533 0.008737484 0.01484192 0.005290929 0.005209163 0.00618931 0.004032366 0.003768441 0.004186582 0.0061624 0.004567462 0.01334945 0.007409577 0.0060589 0.004774463 0.005136713 0.004151392 0.004252822 0.004581952 0.006652991 0.01524661 0.01740355 0.01646895 0.01504685 0.01541117 0.01874078 0.01920963 0.01586451 0.006818591 0.007654872 0.01779685 0.01795935 0.008425949 0.01791381 0.01904921 0.01881012 0.004952483 0.004577812 0.004576778 0.004434982 0.004982498 0.005865355
0.03704478 0.04085359 -9999 -9999 -9999 -9999 -9999 -9999 -9999 -9999 -9999 -9999 -9999 -9999 -9999 -9999 -9999 -9999 -9999 -9999 -9999 -9999 -9999 -9999 0.01160754 0.0188774 0.00925395 0.007606227 0.008121658 0.004935923 0.003745671 0.003616296 0.003786036 0.003838821 0.004252822 0.00638389 0.006598136 0.004704083 0.002929055 0.005043563 0.005811534 0.004825178 0.004779638 0.005167763 0.007203612 0.01044006 0.0164203 0.0168757 0.01456868 0.01734559 0.0162133 0.005112908 0.005786695 0.01731144 0.01966089 0.0204506 0.01714273 0.01675564 0.01631577 0.01554572 0.004188652 0.01090064 0.003249905 0.004280767 0.004161742 0.004372882
0.03703547 0.03824745 -9999 -9999 -9999 -9999 -9999 -9999 -9999 -9999 -9999 -9999 -9999 -9999 -9999 -9999 -9999 -9999 -9999 -9999 -9999 -9999 -9999 -9999 -9999 0.0188629 0.0173073 0.01610152 0.01422299 0.005210198 0.004930748 0.003682536 0.003790176 0.003798456 0.004847948 0.004835528 0.003243695 0.004705118 0.004662683 0.004738238 0.004832423 0.004904873 0.00331097 0.004677173 0.006269005 0.006084775 0.008326588 0.01637683 0.01407602 0.01317971 0.0145573 0.005104628 0.005088068 0.006577436 0.01877079 0.01857517 0.01293856 0.004028227 0.003912306 0.003552126 0.003342021 0.005211234 0.003835716 0.003243695 0.00304601 0.004115167
-9999 -9999 -9999 -9999 -9999 -9999 -9999 -9999 -9999 -9999 -9999 -9999 -9999 -9999 -9999 -9999 -9999 -9999 -9999 -9999 -9999 -9999 -9999 -9999 -9999 0.009516841 0.01646895 0.01531699 0.01581276 0.007756303 0.004688558 0.00600508 0.003848136 0.003641136 0.00634249 0.007024556 0.005968855 0.004759973 0.00291974 0.003831576 0.003498306 0.01058393 0.01110039 0.004663717 0.01397563 0.005289894 0.005800149 0.008137183 0.01443206 0.01208986 0.004905908 0.005052878 0.006878621 0.008222054 0.006924161 0.01257941 0.0120174 0.01109522 0.003748776 0.003268535 0.005208129 0.00334823 0.00313916 0.00303566 0.00301289 0.00301082
-9999 -9999 -9999 -9999 -9999 -9999 -9999 -9999 -9999 -9999 -9999 -9999 -9999 -9999 -9999 -9999 -9999 -9999 -9999 -9999 -9999 -9999 -9999 -9999 -9999 -9999 0.0155302 0.015672 0.01427371 0.0153025 0.006908636 0.01327079 0.006883796 0.005238144 0.007309182 0.005434794 0.005372694 0.003780861 0.004566427 0.006601241 0.005722524 0.01159926 0.013277 0.0106098 0.01066569 0.004515712 0.004133797 0.004906943 0.004691663 0.004441192 0.004448437 0.004414282 0.004663717 0.005742189 0.01372516 0.01462147 0.005360274 0.01231963 0.01077851 0.00315779 0.003439311 0.003544881 0.003175385 0.003117425 0.00308327 0.003314075
-9999 -9999 -9999 -9999 -9999 -9999 -9999 -9999 -9999 -9999 -9999 -9999 -9999 -9999 -9999 -9999 -9999 -9999 -9999 -9999 -9999 -9999 -9999 -9999 -9999 -9999 0.01495577 0.01400771 0.01340327 0.006753386 0.01639236 0.01475498 0.01342294 0.006865166 0.00618517 0.006130315 0.005484474 0.005820849 0.01180626 0.01127324 0.006963491 0.01113558 0.009339855 0.003121565 0.00306464 0.001980993 0.002017218 0.002377399 0.003009785 0.007339197 0.006958317 0.006001975 0.008569814 0.007393017 0.01517623 0.01468253 0.01381417 0.01322215 0.01116974 0.003661836 0.005242283 0.007275027 0.003648381 0.00333788 0.003644241 0.003620436
-9999 -9999 -9999 -9999 -9999 -9999 -9999 -9999 -9999 -9999 -9999 -9999 -9999 -9999 -9999 -9999 -9999 -9999 -9999 -9999 -9999 -9999 -9999 -9999 -9999 -9999 -9999 0.01399943 0.01573306 0.01567096 0.01594006 0.01616362 0.01548984 0.01561714 0.01475291 0.01162824 0.0124873 0.01245418 0.008181688 0.004497082 0.003841926 0.003418611 0.003469326 0.00316193 0.002209729 0.002131068 0.00290318 0.007779073 0.007746988 0.008126833 0.008755079 0.01223372 0.01406464 0.01521038 0.01485434 0.0142085 0.01411535 0.01390007 0.01358026 0.005929525 0.00588295 -9999 -9999 0 0 -9999
