02_Processed_Data/Guangdong-driving/GDP/jizhongtxt/gd-gdp-05-txt.txt
ncols         755
nrows         605
xllcorner     491130
yllcorner     2101946
cellsize      1000
NODATA_value  -9999
[rows 330 to 359 of 605, columns 272 to 339 of 755]
0.01936019 0.02843078 0.02015872 0.03005594 0.01995386 0.02046817 0.02041336 0.02038047 0.01973187 0.01966609 0.01784361 0.0178025 0.01776139 0.01769561 0.02943929 0.01934269 0.0193098 0.01757208 0.0184934 0.01929428 0.0192337 0.01918466 0.02009444 0.02099269 0.01890693 0.02891034 0.01973834 0.01966709 0.02111696 0.02017318 0.0292794 0.0292191 0.02919718 0.01999229 0.0199594 0.01989089 0.01893066 0.02060599 0.02054829 0.02114159 0.02113582 0.02106659 0.0210637 0.02103774 0.05514126 0.0489107 0.04882442 0.02087041 0.0214464 0.02201086 0.05034412 0.0728917 0.05225665 0.06712303 0.05733209 0.0578556 0.06037792 0.08419281 0.0841497 0.08407574 0.05880249 0.06526849 0.06592603 0.08727688 0.07277381 0.09487285 0.1052394 0.107811
0.01926975 0.02835678 0.01732463 0.01991549 0.01987712 0.02038869 0.02035306 0.02119818 0.03029892 0.03078857 0.03017011 0.01948247 0.01943039 0.01934817 0.01930432 0.01928514 0.01830847 0.01744621 0.01740784 0.01905766 0.01903026 0.01896722 0.02097826 0.02093787 0.02888841 0.02883634 0.01963146 0.02872398 0.0195465 0.01951087 0.02917251 0.01910332 0.02546041 0.02598294 0.02046275 0.02040246 0.01943401 0.02050213 0.02048482 0.02106659 0.02162815 0.02158199 0.02158488 0.04606333 0.04675784 0.04800667 0.04919389 0.0225955 0.02378787 0.05415224 0.05410294 0.07787471 0.07786854 0.05315578 0.0721122 0.06019922 0.0653979 0.09051709 0.1518815 0.07372097 0.07237355 0.07495748 0.07874096 0.07786158 0.08429677 0.1012464 0.1011355 0.1903571
0.0283376 0.02826908 0.01724241 0.01984149 0.01981134 0.02032292 0.02083997 0.0213625 0.03411505 0.03073101 0.02641142 0.02944477 0.01930706 0.01928514 0.02105486 0.01919195 0.01915085 0.01911522 0.01732562 0.01902204 0.01896174 0.01980412 0.02889938 0.02884456 0.01878086 0.01870138 0.02869931 0.02864449 0.01855612 0.01849857 0.01848487 0.01901562 0.02536723 0.02591717 0.02585413 0.0258048 0.01936549 0.0193326 0.02102042 0.02193598 0.02217529 0.02370146 0.0227109 0.05742941 0.05608815 0.04782181 0.05106944 0.05022088 0.06259856 0.06252462 0.06045187 0.08293167 0.07337335 0.05685299 0.05812647 0.07703974 0.07956822 0.08209669 0.07156195 0.07351763 0.07608924 0.07860539 0.08241352 0.08750745 0.09060873 0.1022857 0.1021933 0.1887755
0.0173027 0.01722597 0.01809849 0.0180519 0.01881001 0.01931884 0.03412053 0.03247676 0.03577035 0.03239179 0.02750308 0.0305008 0.01981316 0.01918647 0.01912618 0.01909877 0.01905218 0.02085753 0.01898915 0.01895078 0.02039791 0.02886101 0.03156355 0.02875686 0.02872946 0.01863012 0.0185616 0.02857324 0.01757945 0.01843005 0.01840265 0.01893066 0.01888955 0.01942305 0.02578561 0.02574177 0.01930794 0.02931957 0.03213486 0.02248889 0.0245997 0.025193 0.02420533 0.02931595 0.06598511 0.07547563 0.05743685 0.06648063 0.06899062 0.08942848 0.07982703 0.07720613 0.07452974 0.07181024 0.07169316 0.07033341 0.08724172 0.07536571 0.08485007 0.07913686 0.08560287 0.09073377 0.09581538 0.1009031 0.1718012 0.1795839 0.182137 0.1176125
0.01896349 0.01888675 0.01708345 0.01703686 0.01873327 0.01923388 0.02125287 0.02179459 0.02380537 0.02315676 0.02284171 0.03041858 0.02979464 0.02916248 0.02909397 0.01899463 0.0189727 0.02168073 0.01891241 0.01886308 0.02029925 0.03154163 0.01961227 0.01954924 0.01857531 0.02858968 0.01849309 0.01844375 0.01841087 0.01835879 0.01831768 0.01825191 0.018832 0.01936001 0.01932712 0.02564584 0.02561843 0.02556636 0.02728744 0.0230043 0.02827418 0.03498309 0.03783938 0.03719126 0.05344386 0.05263227 0.05719037 0.08124224 0.08506269 0.09447311 0.08226307 0.09269306 0.07432023 0.06901062 0.05245329 0.07013004 0.0562306 0.0751562 0.0599771 0.05851875 0.06497243 0.07143844 0.07524656 0.08039595 0.1019363 0.1071288 0.09586876 0.1831517
0.01890867 0.02065921 0.01977229 0.01877095 0.01867571 0.0185935 0.01967145 0.0205522 0.03110829 0.02190889 0.02276497 0.02669551 0.02058702 0.02966583 0.02902545 0.02531883 0.01889596 0.01886582 0.01941302 0.01935546 0.0293671 0.02872398 0.01954102 0.01947524 0.01848487 0.01844924 0.02022444 0.01836153 0.01830672 0.01827109 0.01824095 0.01819436 0.01816695 0.01870045 0.01957571 0.02616015 0.02064818 0.02666076 0.0217371 0.02349952 0.03552735 0.03554177 0.03836921 0.03158818 0.06950361 0.07201359 0.06353928 0.08621909 0.09436218 0.09555556 0.09291001 0.07684871 0.07148364 0.06746601 0.0469773 0.04825695 0.05082856 0.06715173 0.06704082 0.08389983 0.07205464 0.08371932 0.08888104 0.09269532 0.07749774 0.09906889 0.09632474 0.08900221
0.0298038 0.02151803 0.01880932 0.01872162 0.01866955 0.0185195 0.02086382 0.0204645 0.02281704 0.02184037 0.02209718 0.03028429 0.01960486 0.02958909 0.02953702 0.03007051 0.03002666 0.01994925 0.02116355 0.01929517 0.02928488 0.0176973 0.01946428 0.01941769 0.01843827 0.01836427 0.01832042 0.01827109 0.01823273 0.01820258 0.01816969 0.0245213 0.01809021 0.01864015 0.01857712 0.02117072 0.02113509 0.02715315 0.03411225 0.03042754 0.02704202 0.0328094 0.03277767 0.03150452 0.06934339 0.07185338 0.06596916 0.08604655 0.1003339 0.07482808 0.09623004 0.0909759 0.07128645 0.05084705 0.06323269 0.04672465 0.05063753 0.08135902 0.07993149 0.066782 0.0528086 0.07061759 0.07446884 0.07215115 0.07334453 0.07462417 0.09613371 0.08617795
0.01876068 0.01879288 0.01779976 0.01957222 0.01675183 0.01842357 0.01838521 0.01924677 0.01975286 0.03246978 0.02602498 0.02105473 0.03287172 0.03284157 0.0300157 0.02689191 0.02743363 0.03105254 0.02397629 0.03098677 0.03037653 0.02002244 0.0193848 0.01842183 0.02016414 0.02012851 0.01826013 0.0191217 0.02454048 0.01813132 0.01960038 0.0250356 0.01861 0.01854697 0.03246517 0.02773871 0.02220208 0.02882215 0.02995218 0.03337963 0.03519127 0.03291097 0.04021029 0.04305216 0.07172397 0.07297281 0.07547663 0.09626085 0.09620539 0.09351669 0.07906291 0.07118786 0.06584744 0.06311561 0.06566257 0.06555782 0.06939675 0.0693228 0.06792608 0.06651086 0.06773504 0.0657329 0.06159973 0.09750142 0.06655809 0.09117842 0.08416091 0.07288237
0.02051121 0.0295818 0.02036047 0.02944477 0.0184455 0.02932418 0.02928307 0.02923374 0.02914604 0.02054042 0.02048287 0.02038695 0.03005955 0.03001022 0.03052179 0.02250723 0.03274895 0.03444262 0.02436795 0.03319201 0.03145175 0.02019224 0.01896355 0.01890599 0.0182848 0.01880459 0.01876622 0.01964423 0.02505205 0.02501094 0.01860452 0.01855519 0.01941127 0.01992284 0.02049471 0.03346912 0.02818451 0.03221497 0.04089789 0.03791717 0.04915538 0.03953249 0.03400526 0.03685577 0.07981777 0.06119385 0.07265852 0.06033296 0.08818243 0.08024576 0.06578582 0.0631341 0.0617805 0.04390039 0.04900048 0.04894502 0.05538021 0.07172187 0.0847666 0.07584118 0.06751937 0.06028156 0.07255784 0.09860853 0.09366991 0.07016286 0.08529882 0.07006426
0.02041803 0.01945232 0.02028374 0.02937899 0.02932418 0.02927485 0.02007544 0.02913782 0.01995485 0.02046369 0.02189163 0.02089852 0.02085466 0.0305026 0.02130868 0.03157234 0.03265577 0.03552606 0.03606778 0.03429189 0.03308786 0.02065996 0.01947512 0.01884844 0.01877992 0.01964971 0.02506027 0.02504931 0.02499176 0.01856067 0.01910513 0.01905854 0.02541562 0.02044263 0.02647165 0.02698322 0.02870156 0.03855836 0.03442295 0.04425234 0.04012789 0.04418302 0.03637537 0.03225995 0.07962058 0.06101514 0.0816548 0.06586593 0.06576733 0.06566257 0.06557014 0.06296156 0.0451862 0.05888846 0.07570434 0.0494485 0.0572188 0.08592916 0.08452627 0.06873123 0.06729753 0.0723853 0.08670967 0.07170593 0.0865415 0.07520749 0.08127784 0.08630116
0.02034129 0.008458664 0.008866491 0.02930774 0.02009463 0.02917344 0.02911041 0.02906656 0.01986167 0.02128962 0.02638034 0.02084371 0.0219381 0.02187233 0.03097307 0.03091003 0.03200717 0.0244939 0.0353808 0.03751422 0.03357203 0.02175436 0.02054759 0.01935727 0.02019691 0.02503835 0.02499724 0.01946883 0.0185086 0.01848119 0.0254074 0.02046182 0.02042619 0.0203933 0.02639765 0.03334031 0.0280694 0.0230231 0.03782947 0.04301463 0.04586847 0.04526371 0.03892786 0.04523163 0.03063273 0.05880683 0.06453699 0.0541794 0.05143525 0.04922077 0.04504446 0.04369703 0.06003869 0.04295784 0.04412041 0.04792237 0.06879901 0.08309257 0.06986914 0.08419352 0.06187084 0.06435002 0.06687234 0.08633814 0.07600521 0.09668005 0.07622832 0.07093719
0.008444022 0.008408079 0.008817237 0.01322296 0.01319767 0.008738697 0.01990278 0.01985345 0.02070131 0.0294411 0.02084097 0.02076697 0.02278597 0.03369205 0.0272363 0.03081137 0.02769032 0.03304949 0.03298372 0.03626909 0.02192689 0.02864494 0.02744366 0.02683068 0.02559103 0.02553621 0.01941127 0.01847297 0.01842912 0.01840445 0.01986255 0.02588334 0.02585594 0.02639491 0.0263264 0.02048362 0.02251906 0.02387644 0.04414545 0.04933335 0.05104346 0.05157422 0.04923742 0.03476311 0.03638781 0.02996769 0.01234833 0.06164493 0.05125038 0.06139844 0.04490889 0.04757139 0.05984767 0.04276681 0.04260043 0.06771346 0.04637774 0.04887541 0.07754264 0.0630827 0.04527036 0.06414666 0.0667306 0.06581862 0.08213563 0.09255765 0.1042057 0.08324889
0.007569465 0.007536185 0.008785289 0.008750677 0.01316172 0.01312711 0.008670806 0.01308318 0.02059717 0.02053139 0.02017866 0.02925473 0.02667814 0.02660414 0.03295575 0.02651095 0.0264397 0.02023323 0.02202487 0.02165295 0.02159266 0.03162074 0.03432054 0.027873 0.02726551 0.02171792 0.01900098 0.01896261 0.01892424 0.01888588 0.02033849 0.01999672 0.02087747 0.0208254 0.01985146 0.0221444 0.02268338 0.02436883 0.03653227 0.03938336 0.04226187 0.0354808 0.04349193 0.03999771 0.02675962 0.02322703 0.02115319 0.06021123 0.07443701 0.05995243 0.05982918 0.04325952 0.06656323 0.04461155 0.06504942 0.04444518 0.04352883 0.05915749 0.04540438 0.0452873 0.04651765 0.06133473 0.06391867 0.06901259 0.07672743 0.08189531 0.08183368 0.0649608
0.007533524 0.007500243 0.01318569 0.01315773 0.0116338 0.01309916 0.01306721 0.01303926 0.02874864 0.02866916 0.03196275 0.02553167 0.03028335 0.03017921 0.02649451 0.01855874 0.02578561 0.02023254 0.01985239 0.02040233 0.02036945 0.02147207 0.02327741 0.03419721 0.02716685 0.02713396 0.01986803 0.01947144 0.01941663 0.02034397 0.02575727 0.01841803 0.02022886 0.02040963 0.0209486 0.022043 0.02259568 0.03436402 0.04286469 0.04047582 0.02477658 0.02477472 0.02827314 0.02663698 0.02550078 0.02313659 0.02108275 0.05994626 0.07420901 0.05976756 0.04533226 0.0664523 0.0445561 0.04313472 0.0423108 0.04217524 0.04205815 0.0576252 0.0430605 0.04508395 0.05864603 0.06111289 0.06373379 0.0675296 0.07821966 0.07261736 0.07252493 0.06979925
0.007494918 0.007458977 0.008708079 0.007793922 0.009102593 0.01305922 0.01304192 0.008565644 0.01297137 0.0185616 0.02124222 0.02121207 0.02903274 0.02528775 0.0288957 0.02519456 0.02512879 0.02018595 0.01917913 0.01915172 0.01912705 0.02022145 0.02715315 0.02714492 0.02766198 0.02031999 0.01967139 0.02695034 0.01934537 0.02572987 0.01929878 0.02623047 0.01982131 0.02091571 0.02204574 0.02430579 0.02634946 0.02689665 0.0323264 0.03226611 0.02237978 0.0227536 0.02704786 0.02111557 0.02238626 0.01645583 0.01709928 0.05846943 0.04809953 0.05080516 0.04254497 0.04235395 0.06487688 0.04087711 0.06342469 0.04198421 0.04184864 0.05609907 0.05598815 0.04147274 0.05846116 0.07659365 0.06349347 0.06607124 0.1329948 0.06847648 0.05196844 0.04923661
0.007458977 0.007431023 0.008680125 0.007752656 0.009059994 0.009022722 0.012994 0.01296205 0.01293942 0.01850131 0.02847457 0.02841154 0.03168046 0.01974289 0.02516716 0.02878334 0.02871208 0.01950993 0.02860793 0.01940305 0.01845379 0.01866195 0.01954544 0.02762087 0.03516005 0.02415256 0.02748657 0.02196638 0.02077332 0.01981035 0.02210055 0.02265049 0.02378874 0.02432224 0.02428661 0.0265357 0.02741096 0.03868349 0.02993754 0.03625626 0.01502626 0.01995703 0.01537784 0.02461399 0.01514621 0.01392464 0.01271975 0.04385543 0.04242789 0.06499396 0.04230465 0.04088943 0.04079084 0.04069224 0.04053202 0.04045191 0.0416268 0.05587722 0.04144809 0.04131253 0.04247509 0.06070618 0.0633086 0.06456976 0.06447732 0.06045353 0.05909994 0.0589582
0.007424366 0.007384432 0.008640189 0.008608241 0.008580286 0.008989443 0.01295007 0.01292344 0.01291412 0.01286753 0.02837591 0.02468025 0.02826902 0.02822243 0.02875319 0.02868741 0.03136529 0.01942772 0.02851201 0.01839897 0.01836334 0.01890506 0.01887765 0.02115963 0.02318685 0.02463124 0.02184648 0.02156158 0.02033014 0.02120815 0.02292375 0.02164641 0.02366815 0.03004637 0.02998333 0.04000319 0.03512269 0.03336599 0.03741369 0.02920671 0.02916835 0.01911669 0.01718169 0.02454725 0.01507948 0.01386532 0.0130565 0.01617553 0.04356581 0.04222454 0.0387489 0.04680573 0.04056283 0.04248769 0.04032251 0.05458526 0.05449282 0.05438806 0.0398665 0.06235862 0.04099825 0.04480638 0.1275312 0.1274387 0.1273956 0.06024401 0.04443664 0.04434421
0.007373782 0.007340502 0.008606911 0.007981164 0.0079186 0.01349628 0.008310451 0.008266522 0.01313332 0.008235904 0.01824369 0.01821628 0.02818132 0.02815666 0.02809088 0.02800592 0.02856957 0.0193455 0.01926876 0.0283969 0.02833935 0.01884202 0.01936456 0.02165476 0.02856179 0.02179441 0.02632696 0.02147662 0.02291553 0.02460098 0.03152639 0.03257762 0.03579242 0.03689504 0.03685942 0.03450618 0.07008868 0.06425767 0.02660614 0.02856907 0.02005048 0.0273212 0.01902586 0.01529025 0.02368097 0.02284991 0.01773014 0.01610138 0.04132668 0.06458725 0.04064294 0.06309193 0.04033484 0.06150417 0.03881486 0.0407582 0.0406596 0.03849443 0.03838967 0.03957072 0.03947828 0.0433357 0.05898901 0.04324943 0.1232486 0.1218457 0.04240548 0.05592442
0.008622884 0.008594929 0.008838083 0.009090553 0.008167077 0.009016006 0.01137822 0.01312 0.01337114 0.01439806 0.008157364 0.007838335 0.01269848 0.007353301 0.01398318 0.008619375 0.01932631 0.01744696 0.02835579 0.03104737 0.02824891 0.01874336 0.01928508 0.02040414 0.02789948 0.03484214 0.02839735 0.02288812 0.0300499 0.03002524 0.03693147 0.03979079 0.04729355 0.07709084 0.04838795 0.04546011 0.07464989 0.03780662 0.02584038 0.02172222 0.01997099 0.02176538 0.01525874 0.01523279 0.01890722 0.02280912 0.01396302 0.01274145 0.01270252 0.01229904 0.01845091 0.01083332 0.06270371 0.04069658 0.03654492 0.04059798 0.04045008 0.03832188 0.03819864 0.03933039 0.0393119 0.0562387 0.04385766 0.04307689 0.1230206 0.05588745 0.05454002 0.05440445
0.008582948 0.009276525 0.008806134 0.009331043 0.008412893 0.01192842 0.01367021 0.00920325 0.01360764 0.01329261 0.008114768 0.01295893 0.01265188 0.008626031 0.008891813 0.008424084 0.008381487 0.01917832 0.02884544 0.02880159 0.02933508 0.02929397 0.02007812 0.02119445 0.02174165 0.02044787 0.02771586 0.02368391 0.02598233 0.03458097 0.04440134 0.07705247 0.07991727 0.08048914 0.08101715 0.07982135 0.07862829 0.04313016 0.02874012 0.02105991 0.02718142 0.0132784 0.01402975 0.01769678 0.01844257 0.01433499 0.02192801 0.01715797 0.01263764 0.0122323 0.01837675 0.01115153 0.0398665 0.03848826 0.03842048 0.03828491 0.03819248 0.03812469 0.0379768 0.03788436 0.0391332 0.06296042 0.04035122 0.04019716 0.05449688 0.05308167 0.04271793 0.03851698
0.008824769 0.008792822 0.009049286 0.008396918 0.00836497 0.01367154 0.01495625 0.01181527 0.01357037 0.01354508 0.01295095 0.01292965 0.0088998 0.008422754 0.008846552 0.008382818 0.008353531 0.01910706 0.02874403 0.02871389 0.02925286 0.02921175 0.02914872 0.02909939 0.02109305 0.02161832 0.02214633 0.02874996 0.03046829 0.0345015 0.0735555 0.05120617 0.08157257 0.08272452 0.08267519 0.08148488 0.07912342 0.06861881 0.02622862 0.02943326 0.01771531 0.01690279 0.01396116 0.01314493 0.01759853 0.01387033 0.01714499 0.0191967 0.02061931 0.01587523 0.01830817 0.01107738 0.0106498 0.03829724 0.03821713 0.0381555 0.03803226 0.03789669 0.03576232 0.03771183 0.03766252 0.04088551 0.04079924 0.05441062 0.0542997 0.03854779 0.03842454 0.03833827
0.008784835 0.008751555 0.00900802 0.009255165 0.008338346 0.01361829 0.01359034 0.01356504 0.01353176 0.01349316 0.01290702 0.01288172 0.01286575 0.00749129 0.008344213 0.008337557 0.008317591 0.01900291 0.02809543 0.02861248 0.02917064 0.02911857 0.02906924 0.02901443 0.03012253 0.03066424 0.03394413 0.02871159 0.03794171 0.04256047 0.041933 0.04715503 0.04885144 0.08262312 0.08200192 0.08080338 0.0413328 0.06794828 0.01596189 0.02238896 0.01647891 0.01234909 0.01273033 0.01679898 0.02146891 0.01711719 0.01297624 0.01295771 0.01873019 0.01581035 0.01168979 0.01061458 0.01739554 0.01079199 0.0107475 0.010111 0.03784739 0.03775496 0.03370034 0.03363872 0.03951344 0.03939019 0.0516603 0.05158019 0.03713874 0.0370463 0.03695387 0.03819038
0.01346832 0.01343371 0.01340975 0.01337647 0.01333387 0.00841516 0.008379218 0.008637014 0.01350115 0.009022209 0.008707173 0.01312754 0.008376162 0.008344213 0.008313596 0.01095756 0.008269668 0.01893166 0.01888506 0.02854122 0.02847271 0.01990272 0.02956985 0.03009512 0.03006771 0.02179291 0.02748838 0.02861566 0.02974021 0.0291833 0.03045915 0.04150478 0.07907956 0.08020685 0.07435391 0.07316633 0.07023574 0.03573199 0.01882566 0.01720987 0.01889146 0.01885624 0.01266359 0.01341495 0.01747247 0.01745764 0.01663214 0.01250046 0.01827851 0.01538276 0.0149385 0.01488289 0.01116952 0.009504152 0.0168864 0.01005909 0.00886162 0.03363872 0.03352164 0.03341072 0.03723733 0.03510912 0.03710176 0.03493042 0.03692305 0.0368183 0.03678749 0.03800551
0.01342972 0.0133991 0.01337114 0.01333387 0.01461459 0.008094798 0.01295228 0.01319277 0.00812802 0.008990261 0.01310225 0.01308095 0.01276591 0.008300285 0.008276323 0.007967942 0.007932001 0.01884944 0.01878366 0.02845626 0.01983421 0.02953148 0.0294794 0.02178469 0.02631998 0.02171343 0.02681237 0.02734861 0.02060315 0.03018052 0.01681011 0.03493815 0.03491622 0.03896861 0.03957267 0.0411123 0.03817897 0.04054018 0.01389072 0.01245838 0.01265432 0.01263949 0.01669331 0.0174595 0.01820714 0.02064935 0.01656541 0.01614709 0.01388415 0.01530861 0.01487176 0.01915119 0.01727505 0.01007948 0.01002943 0.008807862 0.008787471 0.008761519 0.03330597 0.03322586 0.03700933 0.03698468 0.03689841 0.03289926 0.03674435 0.03666424 0.03658414 0.03780832
0.01443799 0.01307874 0.01332722 0.01328595 0.01325001 0.008054865 0.008021584 0.01314618 0.008240776 0.01338533 0.01334407 0.01331212 0.01273396 0.01714275 0.01833786 0.00792002 0.01820631 0.01725157 0.0186987 0.01922123 0.02831923 0.02297775 0.03446392 0.02345917 0.03322701 0.02678222 0.02616103 0.02153529 0.02665889 0.0181948 0.01973643 0.02794132 0.0235933 0.03981806 0.03974681 0.02727026 0.01500524 0.01874409 0.01304112 0.01238608 0.01591601 0.01320185 0.01704675 0.01407732 0.01483053 0.0232268 0.0193629 0.0160989 0.01343247 0.01338983 0.01111206 0.01108425 0.01475869 0.0100146 0.009955283 0.009931184 0.009910793 0.009882988 0.03701549 0.03691073 0.03683678 0.03283763 0.03277601 0.03267126 0.036541 0.0364917 0.03640543 0.03766043
0.01306276 0.01126373 0.008563858 0.01430621 0.01321407 0.008298017 0.008264736 0.01339066 0.008477272 0.01333608 0.01330546 0.01327751 0.02866181 0.01945693 0.01823372 0.01816794 0.01718853 0.01864937 0.01860004 0.01848014 0.02025534 0.0310936 0.03164627 0.03433785 0.02273109 0.02669178 0.02093053 0.02544939 0.0254028 0.02594725 0.01500671 0.01672437 0.01667988 0.03970296 0.03327187 0.0214832 0.01989337 0.01672297 0.01159765 0.01156614 0.01152721 0.01622681 0.01735569 0.01418661 0.02135807 0.02315822 0.02232901 0.01232436 0.01521407 0.01517515 0.01105088 0.01721017 0.01060476 0.00995899 0.009916356 0.01050652 0.01108926 0.009825522 0.009781032 0.0367197 0.03277601 0.03262812 0.03647938 0.03640543 0.03634997 0.03630067 0.0362144 0.03746323
0.01302682 0.01299487 0.01295627 0.01321806 0.01317945 0.01475258 0.008501234 0.01362849 0.009003513 0.01357657 0.01354862 0.0132429 0.02915146 0.01936375 0.01873159 0.01866581 0.01770284 0.01854796 0.0190842 0.02935059 0.02989231 0.03376051 0.03097026 0.02725816 0.03300502 0.03241397 0.01933815 0.02478434 0.02476515 0.0310921 0.01685644 0.01390184 0.01348909 0.02194807 0.0179223 0.01710236 0.0166859 0.01626944 0.01154389 0.0114957 0.01579552 0.01143082 0.0133611 0.01451223 0.02246656 0.02389289 0.0183511 0.0122706 0.0114488 0.01720461 0.01471049 0.01467898 0.009931184 0.01112263 0.01110409 0.0104472 0.01103365 0.009758786 0.009723567 0.009693907 0.03250488 0.03244941 0.03235082 0.03230152 0.0361651 0.0360665 0.03600489 0.03725372
0.01121714 0.01295361 0.01291367 0.008732465 0.008531852 0.01337735 0.01362982 0.01387031 0.01384102 0.01352732 0.01350069 0.01141059 0.02483187 0.02203888 0.02779122 0.0277227 0.02766515 0.0276213 0.01900198 0.01952999 0.02978543 0.02451451 0.0308853 0.03359059 0.0180937 0.03176263 0.03055312 0.02413848 0.01860732 0.02406174 0.01229533 0.01306522 0.01343163 0.02184119 0.0178741 0.01665624 0.01252456 0.0158363 0.01046683 0.01167311 0.01202654 0.01198761 0.01429914 0.01523763 0.02424817 0.02381317 0.02262126 0.01259252 0.01873141 0.01074186 0.01093039 0.01029759 0.01704333 0.01663429 0.01041012 0.009148235 0.01098175 0.009697613 0.009662393 0.009614197 0.009582683 0.0322399 0.03213514 0.03599256 0.03593094 0.03586315 0.03577072 0.03567212
0.01322871 0.01320209 0.0131728 0.008971625 0.01364579 0.01390093 0.01414541 0.01467298 0.01597233 0.01375583 0.01316835 0.01108757 0.01283335 0.02831649 0.03044443 0.03038413 0.02814383 0.02809724 0.01891428 0.01946696 0.02855125 0.02907105 0.03177085 0.01807177 0.02476242 0.02412203 0.02408092 0.02403159 0.0239987 0.01846481 0.01807371 0.01158838 0.01257832 0.01625276 0.01250602 0.01249676 0.016199 0.01539018 0.01535125 0.01531232 0.01606182 0.01231509 0.01441955 0.01597416 0.02300567 0.02650408 0.02489942 0.01909782 0.01659629 0.01500646 0.01065844 0.01145382 0.01018451 0.01077653 0.01691913 0.01009183 0.01647672 0.01643779 0.009593805 0.009569707 0.009528924 0.008325891 0.03194411 0.03187017 0.03572142 0.03563515 0.03557353 0.0354811
0.01346121 0.01343059 0.01368573 0.01393953 0.01389294 0.01413476 0.01437525 0.0143433 0.015636 0.01400697 0.01312309 0.01282004 0.01251299 0.02765144 0.01663573 0.02753634 0.02805887 0.02800954 0.02431662 0.02850192 0.03119898 0.02843614 0.02838133 0.01955111 0.01769369 0.01706701 0.01791761 0.01788472 0.01785184 0.01688613 0.01119788 0.0117695 0.01213405 0.01209698 0.01823958 0.02007494 0.01202098 0.01531418 0.01157301 0.01563424 0.01269077 0.01400494 0.01866877 0.01863726 0.02647945 0.04541036 0.01954749 0.01441529 0.01809714 0.01780766 0.01215744 0.01733744 0.01113367 0.01875079 0.0168524 0.0100288 0.009612342 0.01018768 0.01014875 0.00951224 0.009477019 0.008251742 0.008246182 0.03161751 0.03155589 0.03538866 0.03538866 0.03530239
