02_Processed_Data/Guangdong-driving/GDP/jizhongtxt/gd-gdp-19-txt.txt
ncols         755
nrows         605
xllcorner     491130
yllcorner     2101946
cellsize      1000
NODATA_value  -9999
[rows 390 to 419 of 605, columns 198 to 263 of 755]
0.0006230166 0.000689332 0.0006177811 0.0004938759 0.0004537375 0.0004493747 0.0004450118 0.0004676987 0.0004659535 0.0004642084 0.0004642084 0.0004598455 0.0008193453 0.0008315613 0.0004293055 0.0004240701 0.0006142908 0.0006116731 0.0004153443 0.0004118541 0.0004092364 0.0006020748 0.0004057461 0.0005977119 0.000707656 0.001332418 0.001473774 0.001319329 0.001314094 0.001308858 0.001307113 0.001304495 0.00129926 0.001296642 0.00129577 0.002171832 0.002102899 0.001279191 0.00142142 0.00126523 0.001263484 0.002301845 0.001773067 0.001321074 0.001762596 0.001233817 0.001230327 0.001225964 0.001294897 0.001291407 0.002033093 0.002252981 0.002042691 0.002022622 0.001195424 0.001190188 0.001182335 0.001178845 0.0011771 0.001322819 0.001253886 0.001559286 0.001197169 0.0006518114 0.0005671719 0.0008498853
0.0005837508 0.0005985845 0.00063436 0.0004511198 0.0004450118 0.0004432667 0.000440649 0.0004118541 0.0007390686 0.0006256343 0.000622144 0.0007312155 0.0006212714 0.0007443041 0.0004327958 0.0006160359 0.0006108005 0.0006081828 0.0004118541 0.0004101089 0.0006012022 0.0006003297 0.0005959668 0.0004031283 0.002151763 0.001324565 0.001316711 0.001464176 0.002126458 0.001304495 0.001300133 0.00129577 0.001366448 0.001291407 0.001810587 0.002346347 0.001350742 0.002088938 0.002084575 0.001259122 0.001254759 0.001248651 0.001765214 0.001390007 0.001235562 0.001226836 0.001225091 0.001218983 0.001286171 0.001209385 0.001201532 0.001199787 0.00202175 0.002013024 0.001185826 0.002002553 0.0011771 0.001170119 0.002211971 0.001985974 0.00127221 0.002020005 0.0005715348 0.0006046925 0.001013056 0.0005584462
0.0006474485 0.0004554827 0.0006395954 0.0004441392 0.0007443041 0.0004389038 0.000628252 0.0004057461 0.0004040009 0.0006212714 0.0006203988 0.0006177811 0.000452865 0.0005401222 0.000495621 0.0004790421 0.0006116731 0.0006055651 0.0004092364 0.0004074912 0.0005985845 0.0007896778 0.000458973 0.001413567 0.002145655 0.001315839 0.001312349 0.001304495 0.00129926 0.002115987 0.001370811 0.001290534 0.002107262 0.001805352 0.002325405 0.001420547 0.001416185 0.001261739 0.001255631 0.00132631 0.001248651 0.001762596 0.001767831 0.00123469 0.001227709 0.001219856 0.001218111 0.001212003 0.00120764 0.001202404 0.001269593 0.001264357 0.001335035 0.002001681 0.0019947 0.001992955 0.001169247 0.001982484 0.001978994 0.001979866 0.00199819 0.001972013 0.001669231 0.0005601913 0.000556701 0.001004331
0.0006439583 0.0006395954 0.0006369777 0.000440649 0.0004380312 0.0004354135 0.0004319232 0.0004293055 0.0004275604 0.0006177811 0.000809747 0.0004502472 0.0003970203 0.0004074912 0.0008228355 0.0004807873 0.0006212714 0.0004118541 0.0004074912 0.0005985845 0.0005968394 0.0005959668 0.0004554827 0.001403096 0.001320202 0.001306241 0.001306241 0.001298387 0.001300133 0.001291407 0.002107262 0.001362958 0.001804479 0.001358595 0.001274828 0.001339398 0.001407459 0.001403096 0.001776557 0.001246906 0.00123818 0.001758233 0.001307113 0.001229454 0.001220729 0.001732056 0.001208512 0.00120415 0.001349869 0.002016514 0.001263484 0.001261739 0.002000808 0.001253014 0.001244288 0.001164011 0.001978994 0.001974631 0.001154413 0.001157903 0.00115005 0.001139579 0.001134344 0.0005523382 0.0005514656 0.0008350516
0.0004205798 0.0004450118 0.0006334874 0.0007416863 0.0007373235 0.0004310507 0.0004284329 0.0006195263 0.0004258152 0.0004223249 0.0003926575 0.0006125456 0.0006195263 0.0006134182 0.0008001487 0.0006073102 0.0006029474 0.0005165627 0.001865559 0.0005959668 0.0005924765 0.0004258152 0.001842 0.001839382 0.001308858 0.001301878 0.002115115 0.001290534 0.001287917 0.00136034 0.002098536 0.001353359 0.001857706 0.00181146 0.001791391 0.001338526 0.002299228 0.001400478 0.001767831 0.002278286 0.001754743 0.002051417 0.001294897 0.001739036 0.001732056 0.00172682 0.001720712 0.001121255 0.002011279 0.001707624 0.001704133 0.001697153 0.001990337 0.001244288 0.001984229 0.001976376 0.001972886 0.001148305 0.001159648 0.001159648 0.001136962 0.001130854 0.001123873 0.00111951 0.001115147 0.0005427399
0.0006395954 0.0004423941 0.0006334874 0.0007381961 0.0004327958 0.0004842776 0.0004266878 0.0004258152 0.0004231975 0.0004197072 0.0004179621 0.0003891672 0.0006081828 0.0003848043 0.0007128915 0.0007940407 0.0006003297 0.0004188347 0.0005933491 0.0005898588 0.001839382 0.00183851 0.001829784 0.001826294 0.001298387 0.00129577 0.00210988 0.00135685 0.001351614 0.002092428 0.001790518 0.002088938 0.001825421 0.001793136 0.00178092 0.001772194 0.002287884 0.002060143 0.001231199 0.001225964 0.001219856 0.001217238 0.001210258 0.001206767 0.001201532 0.001197169 0.002010406 0.001184953 0.00118059 0.001177972 0.001249523 0.001244288 0.001313221 0.001236435 0.001987719 0.001232072 0.001156158 0.00115354 0.001169247 0.002027858 0.001137834 0.001201532 0.001040979 0.001111657 0.001106421 0.001101186
0.0006308697 0.000628252 0.0006265068 0.000458973 0.0004293055 0.0004816598 0.0004240701 0.0004214524 0.0007224898 0.0004441392 0.0004423941 0.0007172544 0.0003848043 0.0006020748 0.0005985845 0.0007879327 0.0004022558 0.0004293055 0.001851598 0.002364671 0.001388262 0.001383027 0.00130275 0.00129577 0.001293152 0.002106389 0.002102026 0.002096791 0.002090683 0.002088065 0.002081957 0.002081085 0.001263484 0.001775684 0.001320202 0.001312349 0.001233817 0.001230327 0.001221601 0.001219856 0.001215493 0.001205022 0.002020877 0.001197169 0.001342016 0.001187571 0.001107294 0.0011771 0.001175355 0.001170992 0.001242543 0.001239925 0.001232072 0.001155286 0.001233817 0.002205862 0.001157903 0.001159648 0.002105517 0.001138707 0.001424038 0.001044469 0.001037488 0.001033125 0.001100314 0.001094206
0.0006273794 0.0004598455 0.0004581004 0.0004554827 0.0004537375 0.0004502472 0.0004502472 0.0007216172 0.0007198721 0.0007163818 0.00060382 0.000713764 0.0003813141 0.0003778237 0.000375206 0.000483405 0.0003996381 0.001849853 0.001392625 0.001314094 0.001306241 0.002346347 0.001369938 0.001296642 0.001286171 0.002100281 0.002093301 0.002090683 0.002085448 0.002080212 0.001255631 0.002072359 0.001248651 0.001318457 0.001235562 0.001229454 0.001224219 0.001221601 0.00121462 0.001210258 0.00120415 0.001200659 0.001344634 0.001191061 0.001261739 0.00118059 0.0011771 0.001172737 0.001987719 0.001987719 0.001236435 0.001977249 0.00115354 0.001308858 0.001992082 0.00196765 0.001955434 0.001139579 0.002315806 0.001691917 0.001120383 0.001925767 0.00102789 0.001098568 0.001017419 0.001087225
0.0006247617 0.0004572278 0.0006195263 0.0006177811 0.0004493747 0.0006125456 0.0004205798 0.0004450118 0.000440649 0.0004389038 0.0003813141 0.0007094012 0.0005968394 0.0003734609 0.0005924765 0.000369098 0.002143037 0.001294897 0.001876903 0.001832402 0.001376919 0.001298387 0.001292279 0.001280936 0.002095918 0.002099409 0.002312316 0.001261739 0.001259994 0.00178092 0.001261739 0.001254759 0.001766959 0.002056653 0.0020488 0.001225091 0.001741654 0.001213748 0.001209385 0.001201532 0.001198042 0.001193679 0.001187571 0.00118408 0.001178845 0.001099441 0.001171864 0.001315839 0.001169247 0.001164011 0.001981611 0.001978994 0.001157903 0.001979866 0.001287917 0.001284426 0.001135216 0.001956307 0.001644799 0.001188443 0.001102931 0.001095951 0.001089843 0.001087225 0.001083735 0.00115354
0.000483405 0.0004258152 0.0004790421 0.0004214524 0.0003917849 0.0006090554 0.0004144718 0.0007163818 0.0007128915 0.0004083638 0.0007085286 0.0004022558 0.0004005106 0.0003708432 0.0005898588 0.0005872411 0.0006963126 0.002139547 0.001467666 0.001824548 0.001813205 0.001287044 0.001355105 0.001275701 0.001266102 0.001261739 0.001259122 0.001256504 0.001250396 0.001251269 0.001307986 0.001905698 0.001770449 0.001781792 0.001246033 0.001222474 0.001216366 0.00120764 0.001349869 0.001196296 0.001188443 0.001183208 0.00118408 0.001177972 0.001322819 0.001168374 0.001166629 0.001164884 0.001690172 0.001997318 0.002037456 0.002035711 0.002081957 0.002042691 0.001292279 0.001987719 0.001159648 0.002171832 0.001632583 0.001249523 0.001093333 0.001013056 0.001084607 0.001075882 0.001148305 0.001069773
0.0004249426 0.0004781696 0.0004755518 0.0004179621 0.0006099279 0.0004127266 0.00060382 0.0006029474 0.0007931681 0.000791423 0.0005959668 0.0004005106 0.0003978929 0.0005881137 0.0005863685 0.0003909123 0.0006919497 0.000689332 0.0006884594 0.001288789 0.001282681 0.001280936 0.001273083 0.001266102 0.001262612 0.002074977 0.001249523 0.001396116 0.001246033 0.001765214 0.002069741 0.001804479 0.001227709 0.001749507 0.001738164 0.001210258 0.00120415 0.001199787 0.001193679 0.001336781 0.001182335 0.001179718 0.001252141 0.001278318 0.001327182 0.001174482 0.001172737 0.002018259 0.002013024 0.002083702 0.002104644 0.001613386 0.001704133 0.00432185 0.001195424 0.002194519 0.001643926 0.00163171 0.001103804 0.001244288 0.001087225 0.001083735 0.001075882 0.001070646 0.001885628 0.001062793
0.0004214524 0.0004755518 0.0004720615 0.0006081828 0.0006055651 0.0004109815 0.0006020748 0.0005994571 0.0005968394 0.0004013832 0.0005924765 0.0004519924 0.0005881137 0.0003926575 0.0005820057 0.0007739715 0.0005793879 0.0003848043 0.0006858417 0.001280936 0.001277446 0.001271338 0.001266975 0.001260867 0.002073231 0.001322819 0.00205927 0.001386517 0.001239925 0.002054035 0.001379537 0.001746017 0.00175038 0.001741654 0.002027858 0.002022622 0.001197169 0.001189316 0.001185826 0.001179718 0.001176227 0.00117361 0.001172737 0.001179718 0.00199121 0.001995573 0.001254759 0.002024367 0.002018259 0.001688427 0.001632583 0.002079339 0.004109815 0.001484245 0.001677084 0.001653524 0.001634328 0.001619494 0.001091588 0.001082862 0.001078499 0.001075009 0.001141324 0.001063665 0.001057558 0.001128236
0.0004197072 0.0004170895 0.0006081828 0.0006046925 0.0004101089 0.0004092364 0.0006012022 0.0004040009 0.0004013832 0.0005907314 0.0005898588 0.0003944026 0.0003917849 0.0003891672 0.0005802605 0.0005785153 0.0005767702 0.0006858417 0.0007661183 0.00181844 0.001798371 0.0017879 0.001259122 0.001773067 0.001321074 0.001766086 0.002054035 0.002051417 0.001225091 0.002044437 0.002043564 0.001742527 0.001739909 0.001732056 0.001276573 0.001276573 0.00126872 0.001332418 0.001327182 0.001247778 0.001170119 0.001239925 0.005422163 0.004300036 0.001259122 0.002017387 0.002014769 0.002000808 0.002081085 0.001563649 0.001483373 0.001975504 0.002188411 0.001278318 0.001637818 0.001927512 0.001914423 0.001910933 0.001081989 0.001075009 0.001068901 0.001883883 0.001059303 0.00105494 0.001049704 0.001043596
0.0004162169 0.0004144718 0.0006046925 0.0006020748 0.0004066186 0.0004066186 0.0004066186 0.0004022558 0.0005907314 0.0007818247 0.0003935301 0.0003909123 0.0003882946 0.0004415215 0.0005767702 0.0003839318 0.0005741525 0.0005732799 0.0005706622 0.004398637 0.006322658 0.001800989 0.001803607 0.001247778 0.001761723 0.001756488 0.0020488 0.002043564 0.001741654 0.002042691 0.001738164 0.001733801 0.001731183 0.001725075 0.001273955 0.001270465 0.001184953 0.001328927 0.001095951 0.001311476 0.004190964 0.004433539 0.004449246 0.005235433 0.001194551 0.001199787 0.002061015 0.001611641 0.001581973 0.00199819 0.001959797 0.001950199 0.001269593 0.001259994 0.001097696 0.001910933 0.001905698 0.001156158 0.001594189 0.001067156 0.001061048 0.00120415 0.001051449 0.001045341 0.001043596 0.001038361
0.0004127266 0.00060382 0.0004362861 0.0004057461 0.0004040009 0.0004022558 0.0006012022 0.0005916039 0.0005889862 0.0003926575 0.0003891672 0.0005811331 0.0003848043 0.0003830592 0.0005741525 0.0004345409 0.007990143 0.006268559 0.00625896 0.006253725 0.008006723 0.006470995 0.004615907 0.004225867 0.006160359 0.002273923 0.001745144 0.001745144 0.002039201 0.002040074 0.001734674 0.001730311 0.001742527 0.001296642 0.001275701 0.001192806 0.001341143 0.001102931 0.001319329 0.004194454 0.004255535 0.007000647 0.004293927 0.004275604 0.001175355 0.002079339 0.001720712 0.001805352 0.002246001 0.001992082 0.001655269 0.001642181 0.001109912 0.001100314 0.001090715 0.00190308 0.00108548 0.001892609 0.001062793 0.001056685 0.0009772808 0.001049704 0.001863814 0.001040979 0.001032253 0.00103138
0.0004092364 0.0004354135 0.0004336684 0.0004040009 0.0004005106 0.0003987655 0.0003970203 0.0004493747 0.0003917849 0.0004450118 0.0003882946 0.0004397764 0.0003813141 0.0003804415 0.004544356 0.007241476 0.005023398 0.006240636 0.004656918 0.004550464 0.004503345 0.006337492 0.006380248 0.006195263 0.0061909 0.004664771 0.00465081 0.004129884 0.001731183 0.001725948 0.001725948 0.001280936 0.001285299 0.001539217 0.001300133 0.001277446 0.001262612 0.0011771 0.004214524 0.004278221 0.006939567 0.006963126 0.007043403 0.00431836 0.004683095 0.001587209 0.00171635 0.004240701 0.004161297 0.001091588 0.001656142 0.001936238 0.001104676 0.001093333 0.001082862 0.001224219 0.001068901 0.001881266 0.00105494 0.001048832 0.001044469 0.001040106 0.001856834 0.001850726 0.00102789 0.002067124
0.0004615907 0.0004607181 0.0005968394 0.0003996381 0.000452865 0.0005898588 0.0003944026 0.0003909123 0.0003891672 0.000440649 0.0004118541 0.0003830592 0.004580131 0.004577514 0.004533012 0.007220535 0.007217917 0.006231038 0.004971916 0.004463207 0.004450118 0.007162945 0.006279029 0.007314772 0.007136768 0.004673496 0.004651682 0.004610671 0.004093236 0.007770255 0.001722457 0.001725075 0.001725075 0.001315839 0.001361213 0.001300133 0.001276573 0.004261643 0.004621142 0.004268623 0.004258152 0.004454481 0.00737498 0.002095046 0.001367321 0.004320977 0.004149953 0.001685809 0.001073264 0.001977249 0.001656142 0.001957179 0.001246033 0.001910061 0.001226836 0.001218983 0.001135216 0.001873413 0.001047087 0.001860324 0.001859451 0.00118408 0.001848108 0.001174482 0.001020909 0.001535727
0.0004581004 0.0004022558 0.0003996381 0.0003970203 0.0005881137 0.0005863685 0.0003900398 0.0005793879 0.0006884594 0.0003830592 0.0003821866 0.0003795689 0.007253692 0.004517306 0.007226643 0.004492874 0.004730214 0.006216204 0.004449246 0.004927415 0.006145526 0.004401254 0.007114953 0.004430049 0.004451863 0.004487639 0.007100992 0.007123679 0.00706958 0.00604518 0.006056523 0.004081893 0.006089681 0.001780047 0.008173384 0.005019035 0.007976182 0.00588899 0.004704909 0.004584494 0.004378567 0.005481498 0.006149016 0.001715477 0.004368096 0.004114178 0.001672721 0.001656142 0.001963287 0.001650034 0.001618621 0.001610768 0.001606405 0.001154413 0.001895227 0.001882138 0.001131726 0.001865559 0.001114275 0.001035743 0.001853343 0.001850726 0.001097696 0.00183851 0.001833274 0.001157031
0.0004005106 0.0005916039 0.0004266878 0.0003935301 0.0003917849 0.0005820057 0.000387422 0.0004118541 0.0003830592 0.0006840966 0.0006823515 0.0004327958 0.00501729 0.004997221 0.007186505 0.007194357 0.006215332 0.00619788 0.004422196 0.004396891 0.004383802 0.004367224 0.004880296 0.004367224 0.004376822 0.006470995 0.006270304 0.007881072 0.007101865 0.007098375 0.00611324 0.006066994 0.004163042 0.006284265 0.006110623 0.006500663 0.006294736 0.007361892 0.006757199 0.005279062 0.004647319 0.004484148 0.00441347 0.004571406 0.001729438 0.001771322 0.001956307 0.001643926 0.0016352 0.001170992 0.001161394 0.001151795 0.00211337 0.001068028 0.001587209 0.00187254 0.001045341 0.001037488 0.00103138 0.001844618 0.001094206 0.001843745 0.001087225 0.00108548 0.001155286 0.001828039
0.0003952752 0.0003952752 0.0003926575 0.0003909123 0.0004162169 0.000387422 0.0003856769 0.0003821866 0.0006823515 0.0006814789 0.0003769512 0.004517306 0.004985005 0.004967554 0.007174288 0.004453608 0.006199625 0.006153379 0.004400381 0.004383802 0.004372459 0.004404744 0.006155124 0.004427431 0.004492874 0.004694439 0.00797531 0.007212682 0.007121934 0.007099247 0.004247681 0.006176938 0.007940407 0.006486702 0.007605339 0.01520632 0.007513719 0.008163786 0.007274634 0.006555635 0.005775555 0.005432634 0.004527777 0.004354135 0.004304398 0.00223204 0.001645671 0.00163171 0.002141292 0.001165756 0.00115005 0.001068901 0.00106192 0.001574993 0.001048832 0.001565394 0.001037488 0.00184898 0.001840255 0.001094206 0.001095078 0.001835892 0.001084607 0.001825421 0.001073264 0.001820186
0.0009764082 0.000972918 0.00096681 0.000387422 0.0003848043 0.0003848043 0.0005732799 0.0009493585 0.001575865 0.0009397602 0.0009406328 0.001561032 0.001040106 0.004697056 0.004436157 0.006141163 0.006150761 0.006126329 0.004381185 0.005347122 0.004461462 0.005065281 0.004574023 0.004637721 0.004821834 0.005574864 0.006531203 0.006036454 0.006176066 0.004133374 0.006087063 0.006119349 0.00809747 0.005307856 0.01633455 0.01634502 0.01645758 0.01712597 0.007381088 0.007193485 0.006966616 0.004547846 0.004490256 0.00127221 0.001739909 0.001287917 -9999 0.001617749 0.001603788 0.001077627 0.001065411 0.001060175 0.0009772808 0.001194551 0.001038361 0.00103138 0.001023527 0.001021782 0.001833274 0.001158776 0.001828911 0.001824548 0.001527001 0.001518276 0.00181146 0.00181146
0.0009694277 0.0009641923 0.0009598294 0.0009572117 0.0009554665 0.0003813141 0.0003778237 0.0009449957 0.00157063 0.0009345248 0.0009301619 0.001040106 0.0009188185 0.0009162008 0.006141163 0.006149016 0.006150761 0.004423068 0.004407362 0.004728469 0.004494619 0.004795657 0.005730181 0.006358434 0.005116763 0.006580067 0.006210096 0.006131565 0.006017258 0.004882041 0.004789548 0.006457034 0.00805035 0.008145461 0.01523075 0.01657538 0.01645758 0.01608936 0.006582684 0.0070085 0.0165684 0.01555534 0.004578386 0.00193711 0.001821931 0.001673593 -9999 0.001610768 0.001074136 0.001067156 0.00105843 0.001051449 0.001045341 0.001184953 0.00102789 0.001020909 0.001016547 0.001830656 0.00115354 0.002044437 0.00181495 0.002033966 0.001510422 0.0009083477 0.001503442 0.001799244
0.001364703 0.0009615746 0.001068901 0.0009519762 0.0009476134 0.0009441231 0.0009397602 0.001052322 0.001566267 0.0009275442 0.0008664642 0.0008612287 0.0009162008 0.001542708 0.0009162008 0.007088776 0.006080083 0.007904631 0.006053033 0.004324468 0.0060382 0.006031219 0.006005042 0.004520796 0.004279094 0.007779853 0.007943025 0.007353166 0.007970074 0.008573022 0.006197007 0.00607223 0.006294736 0.008243189 0.008654171 0.01642181 0.01635724 0.01709892 0.007212682 0.01650819 0.01662773 0.01633106 0.004489384 0.001774812 0.001690172 -9999 0.001020909 0.001157031 0.001069773 0.001060175 0.00105494 0.001045341 0.001858579 0.001028763 0.001020909 0.001836764 0.001828911 0.001825421 0.001824548 0.001515658 0.0009153282 0.001504314 0.0009048574 -9999 0.002015642 0.001786155
0.001359467 0.001355105 0.0009519762 0.001061048 0.001057558 0.001568885 0.0009353974 0.001043596 0.001555796 0.0009825163 0.0009746631 0.0008559933 0.0009092202 0.0009100928 0.001019164 0.004349772 0.004374204 0.004315742 0.004292183 0.006025983 0.004266005 0.005986718 0.004236338 0.003976312 0.00595007 0.004466697 0.005943961 0.006937821 0.007864493 0.007348803 0.005968394 0.005971011 0.004108943 0.006266813 0.01424212 0.01540439 0.01709456 0.01650732 0.01557629 0.005123744 0.005605404 0.01585726 0.001752125 0.001633455 -9999 0.001027017 0.002138674 0.001152668 0.001062793 0.001051449 0.001043596 0.001109039 0.0009519762 0.001839382 0.001832402 0.001828039 0.001831529 0.001087225 0.001518276 0.001514785 0.0009162008 0.0009057299 0.0009004945 0.001517403 0.001792263 0.00178092
0.0009511037 0.000948486 0.001345506 0.001053195 0.0009353974 0.0009310345 0.0009301619 0.0009249265 0.001553179 0.0009284168 0.0009170733 0.0008542482 0.0008516305 0.0009074751 0.0008987493 0.0009903695 0.0009109654 0.004298291 0.004289565 0.007076561 0.004288692 0.004548719 0.004213651 0.004190092 0.004170895 0.004164787 0.005886372 0.005889862 0.006874996 0.006110623 0.005944834 0.005971884 0.005936109 0.005998061 0.004368096 0.01457719 0.01484682 0.0158494 0.01607016 0.01532324 0.007219662 0.007262418 0.001977249 -9999 0.001047959 0.001616004 0.002122968 0.001142197 0.001130854 0.001042724 0.001110784 0.0010244 0.001019164 0.0009388876 0.001310603 0.001893482 0.00184549 0.001821058 0.001510422 0.001500824 0.002018259 0.002014769 0.0008970042 0.001191061 0.001790518 0.0009528488
0.0009449957 0.000942378 0.001339398 0.0009380151 0.0009310345 0.0009275442 0.001322819 0.001033998 0.001318457 0.0009737905 0.0009118379 0.0009118379 0.001309731 0.0009022396 0.0009659374 0.0009284168 0.0008908962 0.0008821705 0.0008734448 0.004221504 0.004200562 0.004190964 0.004417833 0.004149081 0.004129012 0.005863685 0.004619397 0.006833985 0.005879391 0.006132437 0.005948325 0.005916912 0.005921275 0.005920402 0.006056523 0.008278092 0.01510248 0.01612339 0.007939534 0.007196103 0.015544 0.006290373 -9999 0.00108548 0.001212875 0.001648289 0.001622984 0.00165876 0.001073264 0.001047087 0.0011771 0.0009441231 0.0009406328 0.0009397602 0.001081989 0.001847235 0.001073264 0.001511295 0.0009083477 0.001499079 0.0008961316 0.0008917688 0.001487736 0.0008908962 0.0009528488 0.001465921
0.001054067 0.001051449 0.001334163 0.001332418 0.0009825163 0.0009223088 0.001321947 0.0009188185 0.001315839 0.0009772808 0.00132631 0.001040979 0.001307986 0.001005203 0.001322819 0.00129577 0.0008804253 0.0008734448 0.0008655916 0.0008612287 0.0008551207 0.004150826 0.004382058 0.00411505 0.004107197 0.006803445 0.004333193 0.006802573 0.007569564 0.005932618 0.006087063 0.006261578 0.005930873 0.005897715 0.006009405 0.007938662 0.01528921 0.01641134 0.008217013 0.01668184 0.01582671 0.004520796 -9999 0.001617749 0.001622984 0.001458941 0.001679701 0.00193711 0.001052322 0.001043596 0.001328055 0.001063665 0.001009566 0.001821058 0.001072391 0.001061048 0.001507805 0.002019132 0.0008978767 0.001044469 -9999 -9999 0.000876935 -9999 0.001759978 0.0009327796
0.0009362699 0.0009319071 0.001328055 0.001328927 0.001328055 0.001324565 0.001328927 0.001332418 0.001321947 0.001316711 0.001314966 0.001439744 0.001335908 0.001305368 0.001293152 0.0008821705 0.0008682093 0.001266102 0.0008603561 0.000852503 0.0008507579 0.004115923 0.004099344 0.004095854 0.005798242 0.004068804 0.004312252 0.006791229 0.007012863 0.005870665 0.005466665 0.005402967 0.005239796 0.005935236 0.00595007 0.007674272 0.007778109 0.004781696 0.01449081 0.01688864 0.01495763 0.003963223 -9999 -9999 0.0009903695 0.002096791 0.001565394 0.001855088 0.001844618 0.00154009 0.001533109 0.0009999677 0.0009921145 0.00180797 0.001503442 0.001495589 0.001493844 0.001039233 0.001033998 0.00103138 0.001033125 0.001025272 -9999 -9999 0.001987719 0.001744272
0.001332418 0.001731183 0.001728565 0.0009519762 0.0009711728 0.001380409 0.00142142 0.001431891 0.001833274 0.001820186 0.001082862 0.001335908 0.0009031122 0.000895259 0.0008856608 0.0008926413 0.0008699545 0.000858611 0.001487736 0.0009641923 0.0009624471 0.0009860066 0.0008385418 0.004063569 0.004041754 0.004038264 0.004035646 0.00674411 0.005791261 0.006226675 0.005695279 0.005152539 0.005765957 0.005744142 0.005811331 0.004082765 0.005861067 0.005699642 0.005821802 0.01387128 0.003770384 0.005692661 0.005676082 -9999 0.0009720454 0.001557541 0.001848108 0.001542708 0.001531364 0.001526129 0.0009929872 0.0009877518 0.001800116 -9999 -9999 -9999 -9999 -9999 -9999 -9999 -9999 -9999 -9999 0.001084607 0.001739909 0.0009144556
0.0009266717 0.0009257991 0.0009301619 0.000985134 0.001401351 0.0009764082 0.001355105 0.001335908 0.001319329 0.0008943865 0.000895259 0.0009231814 0.00129577 0.001283554 0.000876935 0.0008900236 0.0008699545 0.001485118 0.001483373 0.0008455224 0.0009537214 0.0009615746 0.004051352 0.004032156 0.00401994 0.004009469 0.003755551 0.004014704 0.005824419 0.005370682 0.005521637 0.005717093 0.003965841 0.005755486 0.005786026 0.00574676 0.005717093 -9999 0.005642052 0.005852342 0.005612384 0.005570501 -9999 -9999 0.00154707 0.001313221 0.0015366 0.001523511 -9999 0.001504314 0.001504314 0.0009781534 -9999 -9999 -9999 -9999 -9999 -9999 -9999 -9999 -9999 -9999 -9999 0.0009275442 0.0009153282 0.0009100928
