02_Processed_Data/Guangdong-driving/GDP/jizhongtxt/gd-gdp-15-txt.txt
ncols         755
nrows         605
xllcorner     491130
yllcorner     2101946
cellsize      1000
NODATA_value  -9999
[rows 58 to 86 of 605, columns 396 to 461 of 755]
0.0004895558 0.0004129657 0.0005278509 0.0005257808 0.0004088257 0.0004077907 0.0004077907 0.0004067557 0.0004067557 0.0004067557 0.0004067557 0.0003425856 0.0003705306 0.0003415506 0.0003415506 0.0003415506 0.0003415506 0.0003425856 0.0003425856 0.0003560406 0.0004398757 0.0004409107 0.0004409107 0.0004968008 0.0004978358 0.0004429807 0.0004440157 0.0004429807 0.0004429807 0.0004419457 0.0004419457 0.0004419457 0.0004409107 0.0004440157 0.0003570756 0.0004388407 0.0003539706 0.0003539706 0.0004378057 0.0004947308 0.0003405155 0.0003550056 0.0003405155 0.0003415506 0.0003694956 0.0003425856 0.0003425856 0.0003425856 0.0003436206 0.0003436206 0.0004419457 0.0003446556 0.0003446556 0.0003591456 0.0003446556 0.0003456906 0.0003456906 0.0003456906 0.0003601806 0.0003198155 0.0003198155 -9999 -9999 -9999 -9999 -9999
0.0005278509 0.0004088257 0.0004088257 0.0004088257 0.0004077907 0.0004067557 0.0004067557 0.0004057207 0.0004067557 0.0004067557 0.0004057207 0.0003415506 0.0003415506 0.0003415506 0.0003694956 0.0003415506 0.0003415506 0.0004398757 0.0004409107 0.0004398757 0.0004388407 0.0004398757 0.0004388407 0.0005382009 0.0004968008 0.0004978358 0.0004409107 0.0004419457 0.0004409107 0.0004398757 0.0004957658 0.0004398757 0.0004409107 0.0003653556 0.0005392359 0.0004398757 0.0003674256 0.0003539706 0.0003539706 0.0003539706 0.0003405155 0.0004378057 0.0003405155 0.0003415506 0.0003415506 0.0003550056 0.0003415506 0.0003415506 0.0004409107 0.0003436206 0.0003436206 0.0003436206 0.0003436206 0.0003581106 0.0003446556 0.0003591456 0.0004440157 0.0003446556 0.0003601806 0.0003332706 0.0003332706 -9999 -9999 -9999 -9999 -9999
0.0004077907 0.0004077907 0.0004077907 0.0004077907 0.0004067557 0.0004057207 0.0004067557 0.0004222807 0.0004057207 0.0004057207 0.0003415506 0.0003415506 0.0003415506 0.0003405155 0.0003415506 0.0003425856 0.0004450507 0.0004398757 0.0004419457 0.0004388407 0.0004388407 0.0003684606 0.0003684606 0.0003415506 0.0004957658 0.0004947308 0.0004947308 0.0004947308 0.0004947308 0.0004947308 0.0004936958 0.0004378057 0.0004947308 0.0004378057 0.0004388407 0.0005423409 0.0004378057 0.0004378057 0.0003570756 0.0003405155 0.0003394806 0.0003394806 0.0003394806 0.0003405155 0.0003405155 0.0003694956 0.0003415506 0.0003415506 0.0004409107 0.0004409107 0.0003425856 0.0003436206 0.0003436206 0.0004419457 0.0003581106 0.0003581106 0.0003591456 0.0003591456 0.0003581106 0.0003601806 0.0003322355 -9999 -9999 -9999 -9999 -9999
0.0004077907 0.0004067557 0.0004067557 0.0004057207 0.0004067557 0.0005226759 0.0004057207 0.0004067557 0.0004057207 0.0004057207 0.0004388407 0.0003405155 0.0003405155 0.0003405155 0.0004388407 0.0003405155 0.0003405155 0.0003405155 0.0004388407 0.0003394806 0.0003394806 0.0003394806 0.0004378057 0.0004378057 0.0003394806 0.0003394806 0.0003674256 0.0003394806 0.0003394806 0.0003529356 0.0003529356 0.0003539706 0.0003529356 0.0005350959 0.0004367707 0.0004367707 0.0005361309 0.0003663906 0.0003663906 0.0003674256 0.0003394806 0.0003529356 0.0003394806 0.0003394806 0.0003405155 0.0003415506 0.0003405155 0.0003415506 0.0003415506 0.0003425856 0.0003425856 0.0003425856 0.0003425856 0.0003425856 0.0003581106 0.0004419457 0.0004419457 0.0003581106 0.0003591456 0.0003591456 0.0003312005 -9999 -9999 -9999 -9999 -9999
0.0004057207 0.0004057207 0.0004057207 0.0004057207 0.0004057207 0.0004057207 0.0004057207 0.0004057207 0.0004212457 0.0004057207 0.0003405155 0.0003405155 0.0003405155 0.0003394806 0.0003405155 0.0003394806 0.0003394806 0.0003394806 0.0003674256 0.0003384456 0.0004367707 0.0003663906 0.0003384456 0.0003384456 0.0003663906 0.0003384456 0.0004926608 0.0004926608 0.0004926608 0.0004926608 0.0004926608 0.0004916258 0.0004419457 0.0004936958 0.0004357357 0.0003519006 0.0003519006 0.0003663906 0.0003653556 0.0003663906 0.0003394806 0.0004367707 0.0003529356 0.0003539706 0.0003394806 0.0003394806 0.0003405155 0.0003694956 0.0003415506 0.0003839856 0.0003425856 0.0003415506 0.0003425856 0.0003425856 0.0003425856 0.0004409107 0.0003436206 0.0003570756 0.0003581106 -9999 -9999 -9999 -9999 -9999 -9999 -9999
0.0004057207 0.0004057207 0.0004057207 0.0004046856 0.0004057207 0.0004046856 0.0005216409 0.0004222807 0.0004046856 0.0004046856 0.0004046856 0.0003405155 0.0003405155 0.0003394806 0.0003384456 0.0003384456 0.0003384456 0.0003384456 0.0003374105 0.0003374105 0.0003384456 0.0003374105 0.0003374105 0.0003374105 0.0003363756 0.0003374105 0.0003374105 0.0003374105 0.0003374105 0.0003374105 0.0003374105 0.0003374105 0.0003384456 0.0003374105 0.0003374105 0.0003374105 0.0003653556 0.0003384456 0.0003384456 0.0003384456 0.0003425856 0.0004367707 0.0004378057 0.0004378057 0.0003539706 0.0003394806 0.0003394806 0.0003405155 0.0003405155 0.0003415506 0.0003415506 0.0003415506 0.0003415506 0.0003425856 0.0003425856 0.0003425856 0.0003425856 0.0003425856 0.0003425856 -9999 -9999 -9999 -9999 -9999 -9999 -9999
0.0004046856 0.0004046856 0.0004046856 0.0004046856 0.0004046856 0.0004046856 0.0005206058 0.0005216409 0.0004046856 0.0004046856 0.0004046856 0.0003394806 0.0003394806 0.0003384456 0.0003384456 0.0003374105 0.0003374105 0.0003374105 0.0003374105 0.0003374105 0.0003653556 0.0003363756 0.0003363756 0.0003363756 0.0003643206 0.0003363756 0.0003384456 0.0003374105 0.0003653556 0.0003374105 0.0003374105 0.0003374105 0.0003374105 0.0003374105 0.0003374105 0.0003374105 0.0003374105 0.0003374105 0.0003374105 0.0003374105 0.0003384456 0.0005350959 0.0004367707 0.0004367707 0.0004367707 0.0003394806 0.0003394806 0.0003674256 0.0003405155 0.0003405155 0.0004947308 0.0003405155 0.0003415506 0.0003550056 0.0003415506 0.0003415506 0.0003425856 0.0003425856 0.0003436206 -9999 -9999 -9999 -9999 -9999 -9999 -9999
0.0004036507 0.0004036507 0.0004036507 0.0004036507 0.0004036507 0.0004036507 0.0004036507 0.0004543657 0.0005206058 0.0004026157 0.0004036507 0.0004036507 0.0003384456 0.0003384456 0.0003384456 0.0003374105 0.0003374105 0.0003374105 0.0003374105 0.0003374105 0.0003363756 0.0003498306 0.0003643206 0.0003363756 0.0003363756 0.0003363756 0.0003363756 0.0003363756 0.0003363756 0.0003374105 0.0003374105 0.0003374105 0.0004947308 0.0003374105 0.0004357357 0.0004367707 0.0003374105 0.0003374105 0.0003374105 0.0003374105 0.0004357357 0.0004388407 0.0004367707 0.0004367707 0.0003384456 0.0003384456 0.0003394806 0.0003394806 0.0003394806 0.0003684606 0.0003405155 0.0003405155 0.0003405155 0.0003405155 0.0003405155 0.0003694956 0.0003694956 0.0003415506 -9999 -9999 -9999 -9999 -9999 -9999 -9999 -9999
0.0004191757 0.0004036507 0.0004036507 0.0004026157 0.0004026157 0.0004026157 0.0004026157 0.0004036507 0.0005206058 0.0005185358 0.0004026157 0.0004015806 0.0004005457 0.0003374105 0.0003374105 0.0003374105 0.0003363756 0.0003363756 0.0003363756 0.0003363756 0.0003353405 0.0003353405 0.0003363756 0.0003363756 0.0003363756 0.0003363756 0.0003529356 0.0003363756 0.0003363756 0.0003363756 0.0003363756 0.0004347007 0.0004357357 0.0004357357 0.0004347007 0.0003374105 0.0004347007 0.0003508656 0.0004357357 0.0003374105 0.0004357357 0.0004357357 0.0003374105 0.0003374105 0.0003384456 0.0003384456 0.0003384456 0.0003550056 0.0003425856 0.0003394806 0.0003394806 0.0003394806 0.0003529356 0.0003405155 0.0003405155 0.0003405155 0.0003415506 0.0003415506 -9999 -9999 -9999 -9999 -9999 -9999 -9999 -9999
0.0004026157 0.0004026157 0.0004026157 0.0004026157 0.0004026157 0.0004015806 0.0004026157 0.0004036507 0.0004026157 0.0004015806 0.0004005457 0.0004005457 0.0004005457 0.0003995106 0.0003363756 0.0003363756 0.0003363756 0.0003353405 0.0003498306 0.0003353405 0.0003353405 0.0003353405 0.0003353405 0.0003353405 0.0003353405 0.0003353405 0.0003363756 0.0003363756 0.0003363756 0.0003353405 0.0003363756 0.0004347007 0.0003363756 0.0003363756 0.0003363756 0.0004347007 0.0003363756 0.0003363756 0.0003363756 0.0003363756 0.0003363756 0.0003363756 0.0003363756 0.0003363756 0.0003374105 0.0003374105 0.0003384456 0.0003384456 0.0003384456 0.0003508656 0.0003394806 0.0003394806 0.0003394806 0.0003684606 0.0003394806 0.0003405155 0.0003405155 -9999 -9999 -9999 -9999 -9999 -9999 -9999 -9999 -9999
0.0004015806 0.0004026157 0.0004015806 0.0004015806 0.0004026157 0.0004015806 0.0004005457 0.0004015806 0.0004015806 0.0004005457 0.0004005457 0.0004005457 0.0003995106 0.0003995106 0.0008331764 0.0003353405 0.0003363756 0.0003353405 0.0003353405 0.0003353405 0.0003353405 0.0003353405 0.0003353405 0.0003353405 0.0003353405 0.0003353405 0.0003353405 0.0003353405 0.0003405155 0.0003363756 0.0003363756 0.0003363756 0.0003363756 0.0004347007 0.0003363756 0.0003363756 0.0003363756 0.0003363756 0.0003363756 0.0003363756 0.0003363756 0.0003363756 0.0003363756 0.0003363756 0.0003374105 0.0003374105 0.0003374105 0.0003384456 0.0003519006 0.0003394806 0.0003394806 0.0003384456 0.0003384456 0.0003394806 0.0003394806 0.0003394806 0.0003405155 -9999 -9999 -9999 -9999 -9999 -9999 -9999 -9999 -9999
0.0004015806 0.0004015806 0.0004015806 0.0004005457 0.0004015806 0.0004005457 0.0003995106 0.0004005457 0.0004005457 0.0004005457 0.0003995106 0.0003995106 0.0008311063 0.0008311063 0.0008311063 0.0008300713 0.0003353405 0.0003353405 0.0003353405 0.0003353405 0.0003353405 0.0003353405 0.0003353405 0.0003353405 0.0003353405 0.0003353405 0.0003353405 0.0003374105 0.0004398757 0.0003353405 0.0003363756 0.0003363756 0.0003363756 0.0003374105 0.0005330259 0.0003363756 0.0003363756 0.0003363756 0.0003363756 0.0003643206 0.0003363756 0.0003363756 0.0003353405 0.0003363756 0.0003363756 0.0003363756 0.0004916258 0.0003519006 0.0003653556 0.0003384456 0.0003384456 0.0003384456 0.0003384456 0.0003394806 0.0003394806 0.0003394806 -9999 -9999 -9999 -9999 -9999 -9999 -9999 -9999 -9999 -9999
0.0004015806 0.0004015806 0.0004005457 0.0004015806 0.0004005457 0.0004005457 0.0003995106 0.0003995106 0.0004005457 0.0008331764 0.0008311063 0.0008321414 0.0008321414 0.0008290363 0.0008290363 0.0008290363 0.0003343055 0.0003343055 0.0003343055 0.0003353405 0.0003343055 0.0003353405 0.0003343055 0.0003353405 0.0003353405 0.0003353405 0.0003353405 0.0003353405 0.0003353405 0.0003353405 0.0003353405 0.0003363756 0.0003363756 0.0003374105 0.0004905908 0.0003363756 0.0004905908 0.0003363756 0.0003353405 0.0003353405 0.0003363756 0.0003363756 0.0003363756 0.0003363756 0.0003363756 0.0003363756 0.0003374105 0.0004916258 0.0003374105 0.0003374105 0.0003384456 0.0003384456 0.0003384456 0.0003394806 0.0003394806 0.0003394806 -9999 -9999 -9999 -9999 -9999 -9999 -9999 -9999 -9999 -9999
0.0008352463 0.0004005457 0.0004005457 0.0003995106 0.0004005457 0.0003995106 0.0003995106 0.0008321414 0.0008331764 0.0008662964 0.0008673314 0.0008311063 0.0008300713 0.0008290363 0.0008280014 0.0008311063 0.0008280014 0.0003343055 0.0003343055 0.0003343055 0.0003343055 0.0003343055 0.0003622506 0.0003353405 0.0003353405 0.0003343055 0.0003343055 0.0003353405 0.0003353405 0.0003353405 0.0003353405 0.0003353405 0.0003363756 0.0003353405 0.0003498306 0.0003363756 0.0003353405 0.0003353405 0.0003353405 0.0003353405 0.0003353405 0.0003353405 0.0003353405 0.0003363756 0.0003363756 0.0003363756 0.0003363756 0.0003374105 0.0003374105 0.0003384456 0.0003384456 0.0003374105 0.0003384456 0.0004926608 0.0003394806 0.0003394806 -9999 -9999 -9999 -9999 -9999 -9999 -9999 -9999 -9999 -9999
0.0008342114 0.0008331764 0.0008331764 0.0008331764 0.0008311063 0.0008321414 0.0008311063 0.0008321414 0.0008321414 0.0008300713 0.0008311063 0.0008300713 0.0008290363 0.0008280014 0.0008269664 0.0008259313 0.001207847 0.0003343055 0.0003343055 0.0003343055 0.0003343055 0.0003343055 0.0003343055 0.0003343055 0.0003343055 0.0003353405 0.0003343055 0.0003343055 0.0003353405 0.0003394806 0.0004336657 0.0003353405 0.0003632856 0.0003353405 0.0003498306 0.0003353405 0.0003487956 0.0003353405 0.0003353405 0.0003353405 0.0003363756 0.0003374105 0.0003363756 0.0003353405 0.0003498306 0.0003363756 0.0003363756 0.0003363756 0.0003374105 0.0003374105 0.0003374105 0.0003374105 0.0003384456 0.0003384456 0.0003384456 0.0003384456 -9999 -9999 -9999 -9999 -9999 -9999 -9999 -9999 -9999 -9999
0.0009025215 0.001077437 0.0008362813 0.0008331764 0.0008352463 0.0008321414 0.0008300713 0.0008300713 0.0008290363 0.0008280014 0.0008269664 0.0008290363 0.0008300713 0.0008280014 0.0008259313 0.0008269664 0.0008269664 0.0008269664 0.0003332706 0.0003343055 0.0003343055 0.0003343055 0.0003343055 0.0003343055 0.0003343055 0.0003343055 0.0003343055 0.0003343055 0.0003353405 0.0003353405 0.0004326307 0.0003353405 0.0003343055 0.0003353405 0.0003353405 0.0003343055 0.0003353405 0.0003487956 0.0003353405 0.0003353405 0.0003343055 0.0003343055 0.0003353405 0.0003353405 0.0003353405 0.0003353405 0.0003353405 0.0003363756 0.0003363756 0.0003363756 0.0003374105 0.0003374105 0.0003374105 0.0003374105 0.0003374105 0.0003249905 -9999 -9999 -9999 -9999 -9999 -9999 -9999 -9999 -9999 -9999
0.0009025215 0.0009025215 0.001077437 0.0008342114 0.0008321414 0.001075367 0.001075367 0.0008311063 0.0008290363 0.0008280014 0.0008280014 0.001071227 0.0008280014 0.0008269664 0.0008269664 0.0008611214 0.0008611214 0.0008259313 0.0003332706 0.0003332706 0.0003343055 0.0003343055 0.0003343055 0.0003343055 0.0003343055 0.0003343055 0.0003343055 0.0003343055 0.0003332706 0.0003343055 0.0003343055 0.0003343055 0.0003343055 0.0003343055 0.0003343055 0.0003343055 0.0003343055 0.0003343055 0.0003343055 0.0003343055 0.0003343055 0.0003343055 0.0003343055 0.0003343055 0.0003343055 0.0003343055 0.0003343055 0.0003353405 0.0003363756 0.0004357357 0.0004357357 0.0004357357 0.0003374105 0.0003374105 0.0003374105 0.0003374105 -9999 -9999 -9999 -9999 -9999 -9999 -9999 -9999 -9999 -9999
0.001074332 0.0008321414 0.001081577 0.001076402 0.001073297 0.0008311063 0.0008300713 0.0008300713 0.0008300713 0.0008269664 0.001070192 0.0008611214 0.001071227 0.0008269664 0.0008259313 0.0008269664 0.0008269664 0.0008259313 0.0003467256 0.0003332706 0.0003343055 0.0003332706 0.0003332706 0.0003332706 0.0003332706 0.0003332706 0.0003332706 0.0003332706 0.0003343055 0.0003343055 0.0004315957 0.0003332706 0.0003343055 0.0003343055 0.0003332706 0.0003343055 0.0003343055 0.0003343055 0.0003343055 0.0003332706 0.0003343055 0.0003343055 0.0003477606 0.0003487956 0.0003487956 0.0003477606 0.0003353405 0.0003353405 0.0003363756 0.0003374105 0.0004347007 0.0003363756 0.0003363756 0.0003363756 0.0003115355 0.0003115355 -9999 -9999 -9999 -9999 -9999 -9999 -9999 -9999 -9999 -9999
0.001075367 0.001224407 0.0008890664 0.001335152 0.001076402 0.001316522 0.001072262 0.001071227 0.0008280014 0.0008280014 0.0008259313 0.0008269664 0.0008259313 0.0008259313 0.0008248963 0.0008248963 0.0008248963 0.0008238613 0.0003322355 0.0003332706 0.0003332706 0.0003332706 0.0003332706 0.0003332706 0.0003343055 0.0003332706 0.0003332706 0.0003332706 0.0003343055 0.0003343055 0.0003343055 0.0003343055 0.0003343055 0.0003343055 0.0003332706 0.0003343055 0.0003343055 0.0003332706 0.0003332706 0.0003332706 0.0003332706 0.0003343055 0.0003343055 0.0003477606 0.0003332706 0.0003343055 0.0003343055 0.0003353405 0.0003353405 0.0004336657 0.0003363756 0.0003363756 0.0003363756 0.0003105005 0.0003105005 -9999 -9999 -9999 -9999 -9999 -9999 -9999 -9999 -9999 -9999 -9999
0.001077437 0.0008662964 0.0008290363 0.001072262 0.0008300713 0.0008290363 0.0008290363 0.001071227 0.0008269664 0.001209917 0.0008269664 0.0008238613 0.0008248963 0.0008248963 0.0008259313 0.0008238613 0.0008238613 0.0008248963 0.0003332706 0.0003332706 0.0003332706 0.0003332706 0.0003332706 0.0003343055 0.0003343055 0.0003332706 0.0003332706 0.0003332706 0.0003343055 0.0003343055 0.0003343055 0.0003343055 0.0003332706 0.0003343055 0.0003343055 0.0003343055 0.0003343055 0.0003332706 0.0003332706 0.0003332706 0.0003332706 0.0003332706 0.0003332706 0.0003332706 0.0003477606 0.0003332706 0.0003332706 0.0003343055 0.0003353405 0.0003353405 0.0003353405 0.0003353405 0.0003363756 0.0003105005 -9999 -9999 -9999 -9999 -9999 -9999 -9999 -9999 -9999 -9999 -9999 -9999
0.001073297 0.0008290363 0.0008269664 0.0008280014 0.0008290363 0.0008290363 0.0008973465 0.0008280014 0.0008269664 0.001208882 0.0008259313 0.0008248963 0.0008248963 0.0008238613 0.0008238613 0.0008248963 0.0008580164 0.0003467256 0.0003467256 0.0003467256 0.0003332706 0.0003332706 0.0004315957 0.0003332706 0.0003332706 0.0003332706 0.0003622506 0.0003612156 0.0003343055 0.0003332706 0.0003622506 0.0003622506 0.0003343055 0.0003343055 0.0003343055 0.0003343055 0.0003343055 0.0003332706 0.0003332706 0.0003322355 0.0003332706 0.0003332706 0.0003332706 0.0003467256 0.0003467256 0.0003477606 0.0003477606 0.0003332706 0.0003343055 0.0003353405 0.0003353405 0.0003094655 -9999 -9999 -9999 -9999 -9999 -9999 -9999 -9999 -9999 -9999 -9999 -9999 -9999 -9999
0.001072262 0.0008290363 0.001074332 0.001071227 0.001069157 0.001070192 0.0008269664 0.0008259313 0.0008248963 0.0008248963 0.0008269664 0.0008248963 0.0008238613 0.0008228263 0.0008238613 0.0008238613 0.0008238613 0.0003322355 0.0003322355 0.0003332706 0.0003332706 0.0003477606 0.0004315957 0.0003332706 0.0003332706 0.0003332706 0.0003612156 0.0003332706 0.0003332706 0.0003332706 0.0003363756 0.0004916258 0.0003622506 0.0003622506 0.0003343055 0.0003612156 0.0003332706 0.0003332706 0.0003322355 0.0003332706 0.0003322355 0.0003322355 0.0003322355 0.0003467256 0.0003322355 0.0003467256 0.0003343055 0.0003477606 0.0004885208 0.0003084305 0.0003094655 -9999 -9999 -9999 -9999 -9999 -9999 -9999 -9999 -9999 -9999 -9999 -9999 -9999 -9999 -9999
0.0008269664 0.0008269664 0.0008259313 0.001069157 0.001069157 0.0008248963 0.0008259313 0.0008259313 0.0008248963 0.0008248963 0.0008248963 0.0008238613 0.0008238613 0.0008217914 0.0008217914 0.0008228263 0.0003322355 0.0003322355 0.0003332706 0.0003332706 0.0003332706 0.0003612156 0.0003612156 0.0003332706 0.0003332706 0.0003332706 0.0003612156 0.0003343055 0.0003477606 0.0004874858 0.0003343055 0.0003622506 0.0003622506 0.0003332706 0.0003332706 0.0003332706 0.0003332706 0.0003332706 0.0003322355 0.0003332706 0.0003322355 0.0003322355 0.0003322355 0.0003322355 0.0003332706 0.0003332706 0.0003332706 0.0003084305 0.0003073955 0.0003084305 0.0003084305 -9999 -9999 -9999 -9999 -9999 -9999 -9999 -9999 -9999 -9999 -9999 -9999 -9999 -9999 -9999
0.0008238613 0.0008942414 0.0008248963 0.0008238613 0.0008259313 0.0008248963 0.0008248963 0.0008238613 0.0008238613 0.0008238613 0.0008238613 0.0008228263 0.0008238613 0.0008228263 0.0008217914 0.0003322355 0.0003322355 0.0003322355 0.0003322355 0.0003322355 0.0003332706 0.0003332706 0.0003332706 0.0003332706 0.0003612156 0.0003332706 0.0003467256 0.0003332706 0.0003612156 0.0003757056 0.0003767406 0.0003208505 0.0003343055 0.0003622506 0.0003477606 0.0003332706 0.0003332706 0.0003322355 0.0003322355 0.0003332706 0.0003322355 0.0003322355 0.0003322355 0.0003332706 0.0003332706 0.0003332706 0.0003084305 0.0003084305 0.0003084305 0.0003084305 0.0003084305 -9999 -9999 -9999 -9999 -9999 -9999 -9999 -9999 -9999 -9999 -9999 -9999 -9999 -9999 -9999
0.0008921715 0.0008217914 0.0008238613 0.0008590514 0.0008259313 0.0008248963 0.0008248963 0.0008248963 0.0008238613 0.0008238613 0.0008228263 0.0008238613 0.0008228263 0.0008228263 0.0008238613 0.0003322355 0.0003322355 0.0003322355 0.0003612156 0.0003332706 0.0003322355 0.0003612156 0.0003322355 0.0003612156 0.0003332706 0.0003612156 0.0003332706 0.0003612156 0.0003467256 0.0003477606 0.0004336657 0.0003198155 0.0003612156 0.0003332706 0.0003332706 0.0003332706 0.0003332706 0.0003332706 0.0003332706 0.0003353405 0.0003332706 0.0003467256 0.0003322355 0.0004874858 0.0003073955 0.0003073955 0.0003073955 -9999 -9999 -9999 -9999 -9999 -9999 -9999 -9999 -9999 -9999 -9999 -9999 -9999 -9999 -9999 -9999 -9999 -9999 -9999
0.0008217914 0.0008228263 0.0008238613 0.0008238613 0.0008248963 0.0008269664 0.0008248963 0.0008228263 0.001066052 0.001067087 0.001066052 0.0008228263 0.0008228263 0.0008228263 0.0003322355 0.0003601806 0.0004295257 0.0003601806 0.0003322355 0.0003322355 0.0003467256 0.0003601806 0.0003601806 0.0003467256 0.0003467256 0.0003467256 0.0003332706 0.0003467256 0.0003332706 0.0004315957 0.0003332706 0.0003332706 0.0003332706 0.0003332706 0.0003477606 0.0003332706 0.0003332706 0.0003332706 0.0003332706 0.0003332706 0.0003322355 0.0003322355 0.0003322355 0.0003073955 0.0003073955 -9999 -9999 -9999 -9999 -9999 -9999 -9999 -9999 -9999 -9999 -9999 -9999 -9999 -9999 -9999 -9999 -9999 -9999 -9999 -9999 -9999
0.0008569814 0.0008569814 0.0008228263 0.0008238613 0.0008238613 0.0008228263 0.0007876363 0.0007876363 0.0007886713 0.001066052 0.001066052 0.0008228263 0.0008228263 0.0003322355 0.0003312005 0.0003322355 0.0003322355 0.0003322355 0.0003322355 0.0003322355 0.0003322355 0.0003601806 0.0003322355 0.0003332706 0.0003467256 0.0003332706 0.0004874858 0.0003332706 0.0003332706 0.0003343055 0.0003353405 0.0003332706 0.0003467256 0.0004305607 0.0004315957 0.0003363756 0.0004315957 0.0003332706 0.0003322355 0.0003322355 -9999 -9999 -9999 -9999 -9999 -9999 -9999 -9999 -9999 -9999 -9999 -9999 -9999 -9999 -9999 -9999 -9999 -9999 -9999 -9999 -9999 -9999 -9999 -9999 -9999 -9999
0.0008228263 0.0008569814 0.0009283965 0.0008248963 0.001075367 0.001067087 0.0007876363 0.0008217914 0.0008217914 0.0008238613 0.0008228263 0.0008228263 0.0003322355 0.0003322355 0.0003322355 0.0003312005 0.0003601806 0.0003322355 0.0003322355 0.0003601806 0.0004305607 0.0003601806 0.0003322355 0.0003612156 0.0003467256 0.0003322355 0.0003322355 0.0003332706 0.0004874858 0.0003374105 0.0003415506 0.0004874858 0.0003332706 0.0003332706 0.0003332706 0.0004315957 0.0003332706 0.0003477606 0.0003467256 0.0003322355 0.0003063605 -9999 -9999 -9999 -9999 -9999 -9999 -9999 -9999 -9999 -9999 -9999 -9999 -9999 -9999 -9999 -9999 -9999 -9999 -9999 -9999 -9999 -9999 -9999 -9999 -9999
0.001065017 0.001066052 0.0008217914 0.001067087 0.001072262 0.001066052 0.001065017 0.0008217914 0.0008228263 0.0008238613 0.0008559464 0.0003322355 0.0003322355 0.0003322355 0.0003456906 0.0003312005 0.0003312005 0.0003322355 0.0003322355 0.0003312005 0.0003322355 0.0003322355 0.0003601806 0.0003322355 0.0003467256 0.0003467256 0.0003322355 0.0003322355 0.0004305607 0.0003353405 0.0004315957 0.0003332706 0.0003332706 0.0003332706 0.0003332706 0.0003332706 0.0003332706 0.0003332706 0.0003322355 0.0003322355 0.0003198155 0.0003063605 -9999 -9999 -9999 -9999 -9999 -9999 -9999 -9999 -9999 -9999 -9999 -9999 -9999 -9999 -9999 -9999 -9999 -9999 -9999 -9999 -9999 -9999 -9999 -9999
