02_Processed_Data/Guangdong-driving/GDP/jizhongtxt/gd-gdp-10-txt.txt
ncols         755
nrows         605
xllcorner     491130
yllcorner     2101946
cellsize      1000
NODATA_value  -9999
[rows 390 to 419 of 605, columns 136 to 203 of 755]
0.03400275 0.02596927 0.0258843 0.02469684 0.02688141 0.02678624 0.03800821 0.03793003 0.03781787 0.02637837 0.02631039 0.02617444 0.02604188 0.0259671 0.02588553 0.0371041 0.03698514 0.02442616 0.02428 0.0253553 0.02524314 0.02402849 0.02393332 0.02380416 0.02380076 0.0236784 0.03605724 0.03598586 0.02340309 0.02329772 0.02324334 0.01198772 0.02137017 0.02131428 0.01330076 0.0132349 0.01908049 0.01108892 0.01636141 0.0123337 0.01158458 0.01884898 0.01148479 0.0114349 0.01138102 0.01132713 0.01340327 0.01802444 0.01052213 0.01846181 0.01175494 0.01104773 0.01099984 0.01096591 0.01300213 0.01764725 0.0133507 0.01331877 0.01371524 0.01540838 0.01995022 0.02081192 0.02346605 0.02912154 0.02950604 0.02394624 0.0188314 0.01537427
0.03390078 0.02701737 0.03821215 0.02455408 0.02557159 0.02552061 0.02429916 0.02640556 0.02520451 0.02511954 0.02503117 0.02602149 0.02590593 0.03715169 0.0246063 0.02446015 0.02438197 0.02427321 0.02416785 0.02520575 0.02401489 0.02389253 0.02377697 0.02370899 0.03611502 0.03601305 0.03592468 0.02454296 0.02328753 0.02311078 0.0355644 0.01191786 0.01917428 0.01914435 0.01176619 0.01174025 0.01170233 0.01169634 0.01895875 0.01158059 0.01149477 0.01875718 0.01207625 0.01137303 0.01130119 0.01126926 0.02064971 0.018375 0.01366403 0.01361813 0.01356424 0.01097788 0.01093996 0.01299016 0.01760135 0.01798384 0.01372122 0.01366934 0.0140678 0.01909142 0.01700223 0.02449297 0.02782038 0.02904969 0.02518953 0.02385045 0.01874159 0.01531041
0.02696299 0.03368325 0.02680664 0.02668088 0.02546963 0.02535746 0.02527589 0.02627981 0.02620163 0.0374236 0.02603168 0.02589573 0.02463689 0.03698174 0.02444995 0.02433439 0.02425282 0.02414065 0.02402849 0.0239877 0.03634614 0.03621359 0.023675 0.02471291 0.02351185 0.02342688 0.03576493 0.03567316 0.02312777 0.02302581 0.01187994 0.01916032 0.01179413 0.01906452 0.0117143 0.01167638 0.01164844 0.01161452 0.01156462 0.01151074 0.01875917 0.01869332 0.01200042 0.01129321 0.01123333 0.01116947 0.01832711 0.0187136 0.01442903 0.01905618 0.01392878 0.01812554 0.01338463 0.01293627 0.0128764 0.01791599 0.01407977 0.01868497 0.01441637 0.01522926 0.02025089 0.02401468 0.02159329 0.028143 0.02849556 0.02251735 0.02473077 0.01525253
0.02685762 0.02676585 0.02666388 0.02430937 0.02535746 0.0252283 0.03305785 0.02616764 0.02606227 0.02593991 0.02587193 0.02574958 0.03695115 0.02441256 0.02545047 0.02422902 0.02409307 0.02513437 0.02391972 0.02380076 0.02375657 0.03609462 0.03603005 0.03594847 0.0233589 0.03573094 0.03565617 0.0355406 0.02296463 0.01185799 0.01913237 0.01909845 0.01172029 0.01168237 0.01164844 0.01160055 0.01154467 0.01153269 0.01148878 0.01209821 0.01203434 0.01129919 0.01125728 0.01120539 0.01114752 0.01322565 0.01867568 0.01482749 0.01480354 0.0202396 0.02021166 0.01931295 0.01333473 0.01330879 0.02254714 0.01782618 0.01908144 0.01946993 0.01984644 0.01642465 0.02188865 0.02351843 0.02430737 0.02466791 0.0241976 0.01865977 0.0233857 0.01475029
0.02669447 0.02666048 0.02539485 0.03777369 0.03769211 0.02508895 0.02499378 0.02603508 0.02592632 0.03262279 0.02456212 0.02443976 0.02547766 0.02540629 0.02531791 0.02522274 0.02509019 0.02501541 0.02378037 0.02483866 0.02476389 0.02351185 0.02341328 0.02447498 0.02437301 0.02315497 0.0230462 0.02294084 0.02285586 0.01910643 0.01173625 0.0117163 0.01167239 0.01162849 0.0188849 0.01152471 0.01148679 0.01144887 0.01206627 0.01201039 0.01195252 0.01122934 0.01118544 0.01113953 0.01106769 0.01105372 0.02255222 0.02535502 0.02065003 0.02228779 0.01775634 0.01625769 0.01538693 0.01407977 0.01823662 0.01945995 0.02068128 0.02193455 0.01893318 0.02481959 0.02520807 0.02346255 0.02253989 0.02122675 0.01948921 0.02168209 0.01371596 0.0129868
0.02657891 0.02424478 0.02526909 0.02515692 0.02509235 0.02612006 0.0259841 0.02586854 0.02463689 0.02456551 0.03692736 0.0367914 0.03667923 0.02413725 0.02520235 0.02509019 0.02380076 0.036166 0.02364441 0.03602665 0.02460074 0.03584651 0.02327733 0.02318216 0.02422346 0.02298502 0.02290005 0.02278789 0.01908448 0.01903857 0.01168636 0.01164246 0.01160853 0.01154067 0.01881306 0.01877514 0.01206428 0.01866937 0.01198844 0.01193855 0.01120939 0.01116149 0.01111958 0.01107368 0.0110138 0.01097389 0.01430729 0.0142534 0.01545877 0.01712447 0.01794135 0.02393852 0.01532705 0.01906348 0.01899762 0.01980453 0.02147621 0.0227195 0.02352641 0.02475573 0.02893453 0.02295432 0.0220576 0.02075445 0.0190149 0.01412041 0.01298481 0.01340672
0.02529968 0.02408843 0.02514673 0.02617784 0.02722254 0.0259739 0.02363978 0.02348343 0.02563401 0.02557283 0.0368016 0.03668264 0.03202798 0.0240047 0.025046 0.03628837 0.02368519 0.03604705 0.02463813 0.02341328 0.02449198 0.03570035 0.02314817 0.02418947 0.02408071 0.02283887 0.02277769 0.02268931 0.01901064 0.01164844 0.01159655 0.01156462 0.01151074 0.01145885 0.01873323 0.01869931 0.0186554 0.01127125 0.01191061 0.01850971 0.01113355 0.01109563 0.01104174 0.0110178 0.01095194 0.01300612 0.01338862 0.01417956 0.01456805 0.02310168 0.01617387 0.01569159 0.01480885 0.01433056 0.01386025 0.01931626 0.01691882 0.02347851 0.02387897 0.01893109 0.02421357 0.01715164 0.01540012 0.01409297 0.01276786 0.01319776 0.01316183 0.01267955
0.02837092 0.02395247 0.0238845 0.02604868 0.02595011 0.02583455 0.03707351 0.02337466 0.0232523 0.0242902 0.02419163 0.02409986 0.02283763 0.03634614 0.02493044 0.02480808 0.02470611 0.03594168 0.02338949 0.02327733 0.02434922 0.02312098 0.02301561 0.02292044 0.02279468 0.0227233 0.02263493 0.02253296 0.01161452 0.01156861 0.01151473 0.01148679 0.01144288 0.01139898 0.01132913 0.01131117 0.0112493 0.01121537 0.01182679 0.01111559 0.01104574 0.01567688 0.01830016 0.01094795 0.01366344 0.01228694 0.02063905 0.01411171 0.0136414 0.0151116 0.0221411 0.0143545 0.01388619 0.02074215 0.01379638 0.01882799 0.01557575 0.02214342 0.02293436 0.02291839 0.02288447 0.02241615 0.01981782 0.01493131 0.01423208 0.0135563 0.01266159 0.01659551
0.02896117 0.02607927 0.02373495 0.02359219 0.0235582 0.02342564 0.02336787 0.02321151 0.03218433 0.04004447 0.03200079 0.03190562 0.03968759 0.03170169 0.03159972 0.03600965 0.03139238 0.03584311 0.0244206 0.02318216 0.02419967 0.02407051 0.02285926 0.02279129 0.03514293 0.02256016 0.03496619 0.0224174 0.02236302 0.01150076 0.01145486 0.01871926 0.01135108 0.01864143 0.01128323 0.01853765 0.01117945 0.01845383 0.01173698 0.01104574 0.01098387 0.01093996 0.01822233 0.01817643 0.01081224 0.0201907 0.0201428 0.01318905 0.01356955 0.02168876 0.01456346 0.01342785 0.01296952 0.02022794 0.01794924 0.01367664 0.01999145 0.02078837 0.02117486 0.01607141 0.021111 0.02064668 0.01576216 0.0133673 0.01331142 0.01706382 0.01124518 0.01440162
0.02998547 0.02482384 0.02475925 0.02577677 0.02456891 0.02442956 0.02434459 0.02424942 0.02410666 0.02402169 0.02394691 0.02382795 0.03618979 0.02364441 0.02353565 0.02343708 0.02334191 0.02435942 0.02314137 0.02416568 0.02407731 0.02283547 0.02277089 0.0237918 0.02254996 0.02245479 0.02233923 0.02228484 0.02221007 0.02215569 0.01135507 0.01132514 0.01127125 0.01856559 0.01118743 0.01111958 0.01108964 0.0110637 0.01100183 0.01097589 0.01090005 0.0181864 0.01816645 0.01080226 0.01074239 0.0180008 0.009967324 0.01734989 0.01308527 0.02033969 0.01365278 0.01357495 0.01035322 0.01030732 0.01704255 0.01743702 0.01778759 0.02240277 0.0177357 0.01813217 0.01809225 0.01406453 0.01467196 0.01419167 0.01371338 0.0123269 0.01649971 0.0164578
0.02911651 0.02901454 0.02823395 0.02451113 0.02442276 0.02434459 0.02422222 0.02413046 0.02401489 0.02388234 0.02375318 0.0236648 0.03607763 0.02354244 0.02345067 0.02331132 0.02318896 0.02421666 0.02414868 0.02290005 0.02394815 0.02269951 0.0237748 0.02254996 0.02240381 0.02229844 0.02222026 0.02216248 0.02208091 0.02313581 0.01127524 0.01123932 0.01119342 0.01113953 0.0111076 0.01107567 0.01235039 0.01097788 0.01095194 0.01088408 0.01084217 0.01079028 0.01075237 0.01072642 0.01134782 0.01127797 0.01733991 0.01729001 0.01723014 0.01774136 0.01247326 0.01374998 0.01027539 0.01023148 0.0101796 0.01292303 0.0173053 0.01725541 0.01257237 0.01254643 0.01716959 0.01248855 0.01333487 0.01328498 0.009770474 0.01436969 0.02109693 0.016366
0.04146816 0.03609409 0.03242226 0.02438877 0.0243038 0.02417804 0.02405568 0.0239809 0.02387214 0.02376337 0.02365461 0.02356623 0.02346427 0.02340649 0.02331811 0.02319915 0.02308019 0.02293404 0.02286606 0.02389377 0.02269272 0.02258395 0.02249218 0.02350289 0.02228484 0.02219307 0.03456851 0.02201293 0.02307123 0.02301005 0.01188067 0.01182878 0.01112956 0.01107368 0.01103975 0.01099784 0.01094196 0.01088808 0.01088009 0.01215681 0.01079028 0.0107384 0.01066855 0.0106446 0.0105967 0.01333015 0.01327627 0.01723014 0.01040112 0.01035722 0.01029136 0.01022949 0.01021352 0.01015964 0.01012571 0.01007981 0.01004588 0.01001196 0.009952085 0.009274811 0.00990818 0.01199829 0.009814381 0.01321912 0.009700624 0.01429784 0.01635402 0.01165303
0.03673873 0.03238827 0.02548446 0.03220813 0.04002747 0.02295659 0.02506639 0.02384495 0.03623398 0.02364441 0.02466532 0.02342008 0.02333851 0.03570375 0.02317536 0.02308019 0.02295103 0.02286266 0.0227471 0.02264173 0.02251597 0.02244119 0.02237322 0.02223046 0.02214549 0.02206731 0.02199594 0.02190417 0.0218022 0.01118544 0.01112157 0.01108964 0.01105172 0.01101181 0.01228852 0.01093797 0.01089406 0.0108282 0.01079827 0.01209095 0.01072443 0.01066655 0.01060269 0.01056277 0.01306132 0.01300345 0.01320841 0.01716628 0.01033526 0.01028936 0.01022151 0.01015764 0.01012771 0.01073912 0.01004987 0.009997986 0.00996805 0.009936118 0.009892213 0.009864273 0.009848308 0.009796418 0.00976848 0.009706611 0.01429784 0.014226 0.01163107 0.01159715
0.02437517 0.03225911 0.03216054 0.02529412 0.02519555 0.02394012 0.02382795 0.02373618 0.02365461 0.02354924 0.02455656 0.02331132 0.02321615 0.02315497 0.0230564 0.02293744 0.02284906 0.0227301 0.02265193 0.02251257 0.02238001 0.02236982 0.02222706 0.02213869 0.02206392 0.02195175 0.02185998 0.02182599 0.01114153 0.01109563 0.01103775 0.01166713 0.01098986 0.01094595 0.01090404 0.01086013 0.01081623 0.0107843 0.01072443 0.01068451 0.01064061 0.01058073 0.01052485 0.01428266 0.01423875 0.01401133 0.0179652 0.01030533 0.01027539 0.01020554 0.01480476 0.01009178 0.01005187 0.009995991 0.009976033 0.009922149 0.009886227 0.009860283 0.009828351 0.009796418 0.009746527 0.009732555 0.009684658 0.01030605 0.0102362 0.01416613 0.01156721 0.01326035
0.02427321 0.03210955 0.02524314 0.02515476 0.0250596 0.02382795 0.02484207 0.02357643 0.02350166 0.02340649 0.02328413 0.02661197 0.02308359 0.02302241 0.02291364 0.02283887 0.0227369 0.02261114 0.02251257 0.03827364 0.02227125 0.02224406 0.02212509 0.02201293 0.02191776 0.02299305 0.05044698 0.05270052 0.01108366 0.01100582 0.01095194 0.01092001 0.01090604 0.01086812 0.0108282 0.01078629 0.01075037 0.01802475 0.01066855 0.01794293 0.01777828 0.01499386 0.01491802 0.02012516 0.02051564 0.02227014 0.01025144 0.01487461 0.01017361 0.01012172 0.01008181 0.01000996 0.01129665 0.009918157 0.009904188 0.009848308 0.009822363 0.00978644 0.009754508 0.009732555 0.009678672 0.009664701 0.009596846 0.01022024 0.01415815 0.009435194 0.01657487 0.01185391
0.03661466 0.02519895 0.02737333 0.02501201 0.02377357 0.02479108 0.02355604 0.02344388 0.02334191 0.02439681 0.02314477 0.0230632 0.02293064 0.02403652 0.02279808 0.02270291 0.02373402 0.02251257 0.0224106 0.02343831 0.02217608 0.02208091 0.02196535 0.02412613 0.05061292 0.05038205 0.05029548 0.04999247 0.01098986 0.01094395 0.01554916 0.01550525 0.01082621 0.01078629 0.0107384 0.01071644 0.01067054 0.01061865 0.01058473 0.01054282 0.01769447 0.01888985 0.0150277 0.0158326 0.02086221 0.01596373 0.01313249 0.01226571 0.0100838 0.0100359 0.009999982 0.009936118 0.009880238 0.009850304 0.009814381 0.009764487 0.00974852 0.009714594 0.009668693 0.009650731 0.01095139 0.01021824 0.009528993 0.009475107 0.01407832 0.009373328 0.01140755 0.01644714
0.0240013 0.03642092 0.03178666 0.03956183 0.02357303 0.02463813 0.02452257 0.02330792 0.02321954 0.02426425 0.02414868 0.02292044 0.02281168 0.02275729 0.02268931 0.02370003 0.02247518 0.02350629 0.02339413 0.02216928 0.02208091 0.02200614 0.05551676 0.05046863 0.05033156 0.05010791 0.04998526 0.04971833 0.01092001 0.01088009 0.01083419 0.0107843 0.01076434 0.01072043 0.01068651 0.01063462 0.01059071 0.01056277 0.01051887 0.01257106 0.01336399 0.01882799 0.02003535 0.02040787 0.0156929 0.01589388 0.01306264 0.0121779 0.01001994 0.009960068 0.009922149 0.009868263 0.009818371 0.009784445 0.009750518 0.01436769 0.01432778 0.009644745 0.01425593 0.01423398 0.009525002 0.0108097 0.01078375 0.01405437 0.009349379 0.009285516 0.0159908 0.01594091
0.02383815 0.02374638 0.02365801 0.02358663 0.02347787 0.02339629 0.03120545 0.02318896 0.02307339 0.02298842 0.02287626 0.02276409 0.02271651 0.02263493 0.02251937 0.02359126 0.02232563 0.02223726 0.02214889 0.02204352 0.02194495 0.05071392 0.0505047 0.05020891 0.05006462 0.04984098 0.04968226 0.04942975 0.04927103 0.01079028 0.01076235 0.01070646 0.01068052 0.01532165 0.01527175 0.01057475 0.01053683 0.01260299 0.01322238 0.0135949 0.02215598 0.01830978 0.01444163 0.01903486 0.01477424 0.01428996 0.0125604 0.009993996 0.009938115 0.009876247 0.009834336 0.009794422 0.01440761 0.009712599 0.009666697 0.009622793 0.009586868 0.009570902 0.009517019 0.009489079 0.01411823 0.01074384 0.01401046 0.01398851 0.009924871 0.009217662 0.009153798 0.013759
0.0236716 0.02359683 0.02349146 0.02344388 0.02334871 0.02327393 0.02315157 0.03099811 0.02294084 0.02284567 0.0227233 0.02263493 0.02257375 0.02248878 0.02239701 0.02230184 0.02219307 0.02210131 0.02198234 0.02190757 0.02185998 0.05046863 0.05032434 0.04999969 0.0498049 0.0496534 0.04935761 0.06602688 0.04896803 0.01540148 0.0106905 0.01065059 0.01060468 0.01057874 0.01054481 0.01513405 0.01044702 0.01252116 0.01355699 0.01351308 0.017443 0.01822197 0.01393141 0.01388751 0.01383562 0.01337529 0.00995408 0.009914165 0.009852299 0.009804402 0.00974852 0.009708607 0.009672684 0.009648737 0.009594851 0.009544959 0.009505045 0.009489079 0.009441181 0.009397276 0.0100526 0.0093394 0.009285516 0.009243606 0.009191717 0.01377696 0.009071975 0.009008111
0.02354584 0.02347787 0.0233827 0.02329772 0.02324674 0.02312777 0.0230394 0.0240977 0.03075679 0.02270291 0.02260094 0.02249898 0.02244119 0.02350969 0.02225425 0.02215569 0.02206052 0.02196875 0.02185318 0.0217886 0.02170363 0.0670369 0.04996362 0.04966782 0.06635874 0.04927824 0.04911953 0.04896081 0.04883095 0.01066056 0.01127797 0.01057874 0.01519791 0.015158 0.01513205 0.01508615 0.0103652 0.01246329 0.01306273 0.01488259 0.01481474 0.01011773 0.01005187 0.009997986 0.009958071 0.009928136 0.009882236 0.009832341 0.009780454 0.009714594 0.009664701 0.009648737 0.009602834 0.009560924 0.009540967 0.009483091 0.0107638 0.00941324 0.009377319 0.01665569 0.01662376 0.009253585 0.009167769 0.009151802 0.009103905 0.009065988 0.00900412 0.00895822
0.03926612 0.02332151 0.02326033 0.02313797 0.0230632 0.02298162 0.02291704 0.02392096 0.02268252 0.02259755 0.02250917 0.02240041 0.02343491 0.02224406 0.0221047 0.02202992 0.02195175 0.02976091 0.02173082 0.0238848 0.02159147 0.0499059 0.04967504 0.04945139 0.04922052 0.04907624 0.04888866 0.04863616 0.04851352 0.01523384 0.01120812 0.01049492 0.01046498 0.01042507 0.01039912 0.01034524 0.01030333 0.01026541 0.01485465 0.01014168 0.01008979 0.01003191 0.009970045 0.009918157 0.009892213 0.009860283 0.009816376 0.00974852 0.009686654 0.009654722 0.009608821 0.009560924 0.009526998 0.009505045 0.009467125 0.009401267 0.00936734 0.00935337 0.009293498 0.009257575 0.01384881 0.009145816 0.0159721 0.01590797 0.00901809 0.008982168 0.008922296 0.008894355
0.04004062 0.02319236 0.02312438 0.0230428 0.02293404 0.02286266 0.02390397 0.02266212 0.02256696 0.02244799 0.02238001 0.02340772 0.02330236 0.02209791 0.02201293 0.02191097 0.02293527 0.02963515 0.02954677 0.02152009 0.02142152 0.04967504 0.04937203 0.05399452 0.05137306 0.05120712 0.04867945 0.04838366 0.04817444 0.0105029 0.01045101 0.01042507 0.01037917 0.0110305 0.01030932 0.01026541 0.01022151 0.0101776 0.01010176 0.01006185 0.01001595 0.009960068 0.009922149 0.009862278 0.009832341 0.00978644 0.009736548 0.009700624 0.009602834 0.009564916 0.009526998 0.00949706 0.009455152 0.00942322 0.009377319 0.00933541 0.01661977 0.009255581 0.009225644 0.009169764 0.01598736 0.01592019 0.02298153 0.01577362 0.01570644 0.01564537 0.008868411 0.008834485
0.03991146 0.0230666 0.02412489 0.03879367 0.02280828 0.02384618 0.0237782 0.02365924 0.02244459 0.02232903 0.02224746 0.02215569 0.02315621 0.02196195 0.02187358 0.02969633 0.02170023 0.02952638 0.02942102 0.02139093 0.02241864 0.04929989 0.05148849 0.06570944 0.08235707 0.04848466 0.04839809 0.04814558 0.04788586 0.04774157 0.01039314 0.0103632 0.0149724 0.01027339 0.01023148 0.01019157 0.0101297 0.0100838 0.01004189 0.009993996 0.009930131 0.009870262 0.00983833 0.009798415 0.009754508 0.0103779 0.009660711 0.009614809 0.009556931 0.009487084 0.009465131 0.009425216 0.009379314 0.009365345 0.009319443 0.009287511 0.01655191 0.009179742 0.00912985 0.01592935 0.02299374 0.02291435 0.02285939 0.02280138 0.01559957 0.01755908 0.01747969 0.02656772
0.02735588 0.02659228 0.02645972 0.02639174 0.02743984 0.02618441 0.02607904 0.02353348 0.02229504 0.02219987 0.02436745 0.02206392 0.02193476 0.02182259 0.02968273 0.02957397 0.0294618 0.03730495 0.02135014 0.02124138 0.02907433 0.06583209 0.05359051 0.08222 0.0508464 0.04824658 0.0480518 0.04786421 0.04762614 0.04749628 0.0473087 0.01028138 0.01022949 0.01020354 0.01016163 0.01077504 0.01005786 0.01000797 0.009966054 0.009916162 0.009860283 0.009818371 0.009756504 0.009738543 0.009672684 0.008963481 0.009572898 0.009536975 0.009467125 0.009429207 0.009371331 0.009329422 0.009303478 0.009271546 0.009239616 0.009215666 0.009179742 0.00911189 0.01590187 0.01581637 0.02285328 0.01566675 0.01564537 0.02266702 0.01552323 0.01743999 0.01533086 0.01525147
0.03898811 0.02285586 0.02276069 0.02269272 0.02258395 0.02607225 0.02707956 0.02659792 0.04164637 0.02568137 0.03349732 0.03342595 0.0217954 0.02168664 0.02273814 0.03302147 0.0336899 0.03281754 0.03275636 0.02469569 0.03249464 0.05866899 0.05845256 0.08956642 0.05291957 0.0479508 0.04776321 0.08122441 0.04739528 0.04724377 0.06386976 0.04694799 0.04678927 0.01012172 0.01006784 0.0100379 0.009997986 0.00994011 0.009894209 0.00983833 0.009798415 0.009750518 0.009696633 0.009656719 0.009616804 0.009566912 0.00949307 0.009461139 0.009397276 0.00935337 0.009303478 0.009281524 0.009239616 0.009193713 0.009177747 0.009125859 0.009099915 0.01584079 0.02287466 0.01568201 0.01558736 0.01758961 0.01551713 0.01747969 0.02249908 0.01850435 0.02640588 0.01836694
0.03527549 0.02270971 0.03508855 0.02255336 0.02243779 0.02232563 0.02224406 0.02686203 0.02680085 0.02556581 0.03337156 0.0260303 0.02523951 0.02513414 0.0336967 0.03361173 0.03352676 0.03343498 0.02579477 0.02526554 0.05336686 0.05597539 0.0581712 0.08164284 0.06456956 0.0499446 0.04987967 0.06410784 0.04954059 0.0469047 0.07323015 0.04671712 0.04649347 0.0463564 0.009999982 0.009944101 0.04582975 0.009872254 0.009834336 0.009780454 0.009746527 0.009682663 0.009640753 0.009606825 0.009540967 0.00949307 0.009443178 0.009397276 0.009337404 0.009267555 0.009221653 0.01608508 0.0160637 0.01599958 0.01593851 0.0229968 0.01581026 0.02284107 0.01564232 0.02271588 0.01548048 0.02068677 0.02064707 0.02059821 0.0256115 0.02553516 0.01935433 0.02030813
0.03510554 0.03505456 0.0349458 0.0224106 0.02226445 0.0210702 0.0221149 0.02203672 0.02192116 0.0218022 0.02171723 0.02590454 0.02507297 0.02569381 0.02562243 0.03348257 0.03339759 0.03329223 0.02522816 0.05774767 0.07472354 0.06489421 0.047857 0.07408867 0.04988689 0.06411505 0.06393469 0.06381927 0.04686863 0.04903558 0.04651512 0.04636362 0.04619768 0.04606782 0.04586582 0.04574317 0.0456566 0.009816376 0.009758501 0.009712599 0.009656719 0.009622793 0.009578886 0.009530989 0.009475107 0.009419228 0.009377319 0.009327426 0.00926955 0.01611256 0.01604538 0.01598736 0.01592629 0.01788275 0.01581637 0.02288076 0.02281359 0.01762931 0.01877916 0.02989388 0.02572142 0.01855015 0.02052493 0.01842496 0.02545577 0.02605932 0.02598298 0.02592497
0.03497978 0.02132172 0.03482003 0.03470447 0.02215908 0.02093084 0.02194495 0.02301345 0.021792 0.02395278 0.05014398 0.05754092 0.02570401 0.02555785 0.03342478 0.0254083 0.0264462 0.02518397 0.07448909 0.07426544 0.0820772 0.07427625 0.07403817 0.04737363 0.07363417 0.04931694 0.04670269 0.06352346 0.06340804 0.04645019 0.04626261 0.04607503 0.0459091 0.0458081 0.04563496 0.04551231 0.05021415 0.04519488 0.04501451 0.04491351 0.04479087 0.04470429 0.044459 0.009459144 0.009409251 0.009355366 0.009309463 0.01615836 0.01607591 0.0160179 0.01594461 0.01587744 0.0229113 0.02287466 0.02281664 0.01662971 0.01980319 0.02585578 0.02642269 0.01923004 0.02118039 0.02557485 0.02552294 0.0254405 0.02599214 0.02597077 0.01877507 0.0264644
0.03486082 0.03479284 0.03469427 0.0221081 0.02200953 0.02079489 0.02182599 0.02174781 0.02392559 0.05007183 0.04984819 0.05725955 0.05852684 0.05831762 0.0264462 0.03318686 0.02630005 0.02507521 0.05727873 0.07244265 0.0890037 0.07384337 0.04729428 0.07356924 0.08090846 0.05663452 0.0632926 0.04883358 0.06307618 0.04613997 0.04596682 0.04580089 0.04559889 0.04549788 0.04537524 0.04528866 0.04510831 0.04494958 0.0447548 0.04462494 0.04449508 0.04437244 0.0442065 0.04396121 0.01000669 0.01625912 0.01618889 0.01607897 0.0159782 0.01589576 0.01582247 0.01677322 0.02280748 0.02276473 0.02270672 0.02262732 0.02579165 0.02635856 0.02692242 0.02684608 0.02680333 0.02609596 0.01891553 0.02597993 0.0259097 0.01869874 0.01929313 0.01922595
0.03474526 0.0300974 0.03000223 0.03445975 0.02188717 0.02176821 0.02165604 0.02384742 0.0499564 0.04971112 0.04951632 0.06614231 0.05905857 0.05887821 0.05863292 0.03233489 0.0243422 0.02420624 0.05781769 0.0499446 0.08871514 0.07310392 0.05604507 0.08083631 0.08208917 0.08046117 0.04861714 0.04608947 0.0459091 0.05056766 0.07216243 0.0455556 0.04536803 0.04526703 0.04515881 0.04502895 0.04486302 0.04470429 0.04448786 0.044358 0.044257 0.04409828 0.04392514 0.04375921 0.0162347 0.01615225 0.01606065 0.01596904 0.01589881 0.01580721 0.01570339 0.01565759 0.01562095 0.01554461 0.01648619 0.01965968 0.02632803 0.0197481 0.02029974 0.0273733 0.02021729 0.02217986 0.0221249 0.02716261 0.01995164 0.01988752 0.02697939 0.01811337
