02_Processed_Data/Guangdong-driving/GDP/jizhongtxt/gd-gdp-95-txt.txt
ncols         755
nrows         605
xllcorner     491130
yllcorner     2101946
cellsize      1000
NODATA_value  -9999
[rows 150 to 179 of 605, columns 204 to 271 of 755]
-9999 -9999 -9999 -9999 -9999 -9999 -9999 -9999 -9999 -9999 -9999 -9999 0.0005703775 0.0004942479 0.00048691 0.0004820181 0.0004769035 0.0004724562 0.0009842375 0.0009826808 0.0004602264 0.0004562235 0.004305604 0.004288352 0.004277735 0.004269773 0.0004342096 0.0004330979 0.0004306517 0.0004286503 0.0009426555 0.0004184217 0.0004135295 0.001224492 0.0004794305 0.0004006326 0.0004012997 0.0003990759 0.00436291 0.004135738 0.004127112 0.004121804 0.004111187 0.004106542 0.004105215 0.004089954 0.004084645 0.005078205 0.004777577 0.004776914 0.004763644 0.004757007 0.004887499 0.004745727 0.004750372 0.004599312 0.004038861 0.004036207 0.004030235 0.004038198 0.004252099 0.004030235 0.004024927 0.001214996 0.00121467 0.001216626 0.001978444 0.001220538
-9999 -9999 -9999 -9999 -9999 -9999 -9999 -9999 -9999 -9999 0.003840791 0.0005018084 0.0004982505 0.0004926915 0.0004855757 0.0004844638 0.00047846 0.0004735681 0.0004673419 0.0009846822 0.0004606711 0.0004555566 0.004306267 0.004289016 0.004275744 0.004257829 0.004256502 0.0004326531 0.0004290953 0.000425982 0.0004204229 0.0004164205 0.0004128626 0.0009282017 0.0004035233 0.0004028562 0.001214263 0.0003977419 0.004140383 0.004132421 0.004128439 0.004121804 0.004109859 0.004104552 0.004105215 0.004088627 0.004091281 0.004645096 0.004771605 0.004772933 0.004761653 0.004758335 0.004756344 0.004741084 0.004606611 0.004044169 0.004039525 0.004031562 0.004026918 0.005583942 0.004030235 0.00402758 0.00121956 0.0012163 0.001215322 0.001218256 0.001977792 0.001979096
-9999 -9999 -9999 -9999 -9999 -9999 -9999 -9999 -9999 -9999 -9999 0.004456228 0.004436984 0.0004933586 0.0004877995 0.0004831298 0.0004769035 0.0004733457 0.0004684535 0.0004631169 0.0004582251 0.005863955 0.005849358 0.004291669 0.005815517 0.005801583 0.004245885 0.004240577 0.0004288729 0.0004246479 0.0004173098 0.0004146415 0.0004081929 0.0009268674 0.0009219754 0.0004001878 0.0003968524 0.0003975195 0.004137065 0.004131093 0.004125785 0.004120476 0.004107869 0.004103224 0.004091281 0.004084645 0.00408929 0.004788194 0.004775587 0.004769615 0.004764969 0.004762979 0.004617227 0.004604619 0.00403687 0.004036207 0.005583942 0.00402758 0.004029572 0.004032225 0.004029572 0.004019619 0.001218582 0.0012163 0.00121956 0.001983986 0.001327926 0.001326296
-9999 -9999 -9999 -9999 -9999 -9999 -9999 -9999 0.004494049 0.004480115 0.004465518 0.004458218 0.004436321 0.005087314 0.0004884665 0.000480239 0.0004762364 0.0004729009 0.0004677866 0.0005356885 0.0004555566 0.004310249 0.005846703 0.004285034 0.005812863 0.005803573 0.004246549 0.00423726 0.004221998 0.0004210901 0.000605127 0.000411751 0.0009262004 0.0004068588 0.0004026338 0.0003990759 0.0003961854 0.004131756 0.005678828 0.004122467 0.004121804 0.004116496 0.004107869 0.004101897 0.004092607 0.00407801 0.00407801 0.004076682 0.004772933 0.007204139 0.004766961 0.004618554 0.004617227 0.004050805 0.004041515 0.004032889 0.00403687 0.00402758 0.004022273 0.004028244 0.0040236 0.004017628 0.001217604 0.001218908 0.00122119 0.00132923 0.001326622 0.001326296
-9999 -9999 -9999 -9999 0.004553767 0.004537179 0.004523908 0.004513292 0.004496703 0.004486087 0.004480115 0.004460209 0.00509594 0.005084659 0.004408452 0.000480906 0.0004773481 0.0004682314 0.0004673419 0.0005314635 0.0004542223 0.004297641 0.004294987 0.004273754 0.004269109 0.005803573 0.00579163 0.004227306 0.004219343 0.004768514 0.0006017917 0.0005977891 0.0004066364 0.000404635 0.0004010771 0.001213596 0.006567609 0.004123794 0.004128439 0.00567153 0.004107869 0.004109196 0.004105879 0.004095262 0.004091281 0.00407801 0.004074692 0.004731656 0.004070047 0.004066066 0.005607829 0.004061422 0.004053459 0.005589914 0.004044833 0.004041515 0.004030235 0.005577306 0.004026254 0.004022936 0.00402758 0.001213691 0.00121793 0.001978118 0.001328578 0.001328578 0.001324339 0.001320753
-9999 -9999 -9999 -9999 0.004560403 0.00455045 0.004527226 0.004515282 0.00450732 0.004487413 0.004476133 0.004459545 0.00444163 0.005970122 0.004410442 0.0004813509 0.0004769035 0.0004682314 0.000463784 0.0004564461 0.0004524435 0.004297641 0.00429366 0.004279062 0.004265128 0.0058049 0.004234605 0.004218681 0.004211381 0.004761878 0.004745953 0.0049572 0.0005926745 0.0004024116 0.004152326 0.004136401 0.004135075 0.004129102 0.004119813 0.005670202 0.004115832 0.004101234 0.004094598 0.004086636 0.004084645 0.004074028 0.004056113 0.004058104 0.004064076 0.004066729 0.004050142 0.004052795 0.004052795 0.004044169 0.004040852 0.004038861 0.0040236 0.004024927 0.004024927 0.004022273 0.004022273 0.001218908 0.001215974 0.001977139 0.001326947 0.001324665 0.001319123 0.001317166
-9999 -9999 -9999 -9999 0.004568365 0.004554431 0.004531871 0.004516609 0.004508647 0.004493385 0.004479451 0.004452246 0.004440302 0.004427695 0.004411106 0.004389873 0.0004753471 0.0004711219 0.0004615604 0.0004564461 0.0004519987 0.004289016 0.00428238 0.004272427 0.00425252 0.00423726 0.004228633 0.004212045 0.004200764 0.004753916 0.004741973 0.006281744 0.004722066 0.0004039681 0.004152989 0.004135075 0.004129102 0.004123131 0.004117822 0.004112514 0.004111187 0.004104552 0.004093272 0.004088627 0.004077347 0.004069384 0.004064739 0.00405943 0.005605175 0.004060758 0.004051468 0.004045497 0.004040188 0.005591241 0.004039525 0.004037534 0.004035543 0.005578634 0.00402559 0.004013646 0.004015638 0.0012163 0.001215648 0.001976161 0.001323035 0.002408319 0.001317818 0.001209127
-9999 -9999 -9999 -9999 0.004568365 0.004554431 0.004534525 0.004519927 0.006057709 0.004491395 0.004472152 0.004458881 0.00444362 0.004429022 0.004407789 0.004387883 0.004375275 0.004358023 0.004328827 0.004324183 0.004301623 0.004292997 0.004277072 0.004263801 0.004247212 0.004455805 0.004223988 0.004207401 0.004194129 0.004189484 0.00473401 0.006281081 0.004162279 0.004158298 0.004147681 0.005686127 0.004127112 0.004118486 0.004111851 0.005656268 0.004106542 0.004103887 0.004090617 0.004085972 0.004074692 0.004069384 0.004063412 0.004054786 0.004051468 0.004052795 0.004046823 0.004047487 0.004043506 0.004046823 0.004037534 0.004033553 0.004032225 0.004030899 0.004028244 0.004024263 0.004016964 0.001215648 0.001974205 0.001215974 0.001972901 0.00196801 0.001966054 0.001205867
-9999 -9999 -9999 -9999 0.004789565 0.004555758 0.004540497 0.004525235 0.006061027 0.004492722 0.004478124 0.004459545 0.00444362 0.004416415 0.006838996 0.00438921 0.004371958 0.00435537 0.004330155 0.004310912 0.004300296 0.004283044 0.004271763 0.004255175 0.004244559 0.004228633 0.005772387 0.004210718 0.004190148 0.00418484 0.004170242 0.004153654 0.004153654 0.004594062 0.005691435 0.004135738 0.004122467 0.004120476 0.004111851 0.004105879 0.00565494 0.004094598 0.005635698 0.004074028 0.004068057 0.004061422 0.00405943 0.004047487 0.004040852 0.00404815 0.004042842 0.004036207 0.004040852 0.004036207 0.004037534 0.004037534 0.004033553 0.004028908 0.004024927 0.004022936 0.004017628 0.001213039 0.001212713 0.001972575 0.001970945 0.001969641 0.001209127 0.001208149
-9999 -9999 -9999 -9999 0.004569029 0.004555758 0.004542487 0.004523245 0.006055055 0.004492058 0.004476133 0.0044549 0.004440966 0.004419732 0.005956187 0.004389873 0.006807147 0.00434608 0.004330155 0.004310912 0.004292997 0.004283044 0.006703634 0.004251194 0.004233278 0.004229297 0.004223325 0.004211381 0.004201428 0.00418484 0.004178868 0.004154981 0.004149673 0.004143701 0.004134411 0.004125785 0.004124457 0.004116496 0.004111187 0.004099906 0.00565295 0.004095925 0.00408 0.005619773 0.004064739 0.00405943 0.004055449 0.004050805 0.004045497 0.004044169 0.004039525 0.004038198 0.004030235 0.004035543 0.004038198 0.004031562 0.004032889 0.005576643 0.004021609 0.004021609 0.004020945 0.001212387 0.001212713 0.001210757 0.001209779 0.001209453 0.001208475 0.001210105
-9999 -9999 -9999 -9999 -9999 0.004546469 0.004758379 0.004525235 0.004503338 0.006033157 0.006901368 0.004454236 0.004434994 0.004422387 0.005948225 0.004391863 0.004365985 0.004342762 0.004322193 0.004308921 0.005845376 0.004285698 0.004268446 0.004251857 0.004235932 0.004224652 0.004218681 0.005749826 0.004194793 0.004180858 0.004166924 0.004165597 0.004149008 0.004141046 0.004130429 0.004125785 0.004126448 0.005665557 0.004109196 0.004105215 0.004101897 0.004093272 0.004073365 0.004067393 0.004066729 0.00405744 0.004050805 0.004046823 0.004608601 0.004041515 0.004030235 0.00403488 0.00403488 0.004032225 0.00403488 0.004032225 0.004026918 0.004022936 0.005573988 0.004018291 0.0040163 0.00121467 0.001214017 0.001212713 0.001211409 0.001209779 0.001204562 0.001210431
-9999 -9999 -9999 -9999 -9999 -9999 0.004757715 0.004516609 0.004506657 0.00448675 0.004470161 0.004458881 0.00598671 0.004417742 0.004399162 0.004386555 0.004363995 0.004344753 0.004321529 0.004316884 0.00429366 0.004288352 0.004267782 0.00425252 0.004232615 0.004221335 0.004209391 0.004196783 0.00418484 0.004172233 0.004163606 0.004158298 0.004149673 0.004140383 0.005684136 0.004131093 0.004129102 0.004113841 0.004105215 0.004105879 0.004095925 0.004091281 0.004080664 0.004073365 0.004056777 0.004058104 0.004056113 0.004042179 0.004604619 0.004042842 0.004037534 0.004039525 0.00558726 0.005585933 0.00558726 0.004034217 0.004026254 0.004026918 0.004024263 0.004017628 0.004015638 0.004008338 0.004012983 0.001210757 0.001213691 0.001211083 0.003995067 0.00120554
-9999 -9999 -9999 -9999 -9999 0.003917451 0.004537842 0.004522581 0.004503338 0.004478788 0.004461536 0.004450256 0.00443433 0.004417742 0.004401817 0.0043912 0.004367976 0.00434807 0.00432352 0.004305604 0.004304277 0.005838078 0.004263801 0.004246549 0.004228633 0.004216026 0.004210718 0.004198774 0.004178868 0.004174223 0.004168915 0.005698734 0.005693425 0.00568281 0.005678828 0.005676174 0.005675511 0.004113841 0.006545049 0.004107869 0.004093272 0.00408929 0.004078674 0.004072038 0.004060095 0.004056113 0.004053459 0.004750372 0.004749708 0.004745064 0.004598647 0.004036207 0.004036207 0.005587923 0.004038861 0.005582615 0.004026918 0.004037534 0.00403488 0.004020282 0.004011656 0.004009665 0.004002366 0.004008338 0.004003693 0.004006348 0.004002366 0.00120554
-9999 -9999 -9999 -9999 -9999 0.003916857 0.004538506 0.004519927 0.004505993 0.004486087 0.004461536 0.004450256 0.004435658 0.004424378 0.004399826 0.004387219 0.004365322 0.004343425 0.004320865 0.004313566 0.004303613 0.004066489 0.004261147 0.004243895 0.00422598 0.004212045 0.004204745 0.004192139 0.004176877 0.004165597 0.004161616 0.004930659 0.006246577 0.005676174 0.005677501 0.005667548 0.005663566 0.004104552 0.004102561 0.004103887 0.004097253 0.004090617 0.004074028 0.004070047 0.004060758 0.004058767 0.004609264 0.004748382 0.004751036 0.00489347 0.004745064 0.004745064 0.004742409 0.00404616 0.005588586 0.005585269 0.004030899 0.004029572 0.004028244 0.004021609 0.004017628 0.004010993 0.004010329 0.004008338 0.004009002 0.004007675 0.004005684 0.001202606
-9999 -9999 -9999 -9999 -9999 0.003920423 0.004539833 0.004525235 0.004508647 0.004487413 0.006013916 0.0044549 0.004436321 0.004424378 0.004399826 0.004384565 0.004363332 0.004346743 0.004330155 0.004321529 0.004523486 0.004064498 0.0042711 0.004244559 0.004228633 0.004216026 0.004206737 0.004188821 0.004178204 0.004165597 0.005704042 0.00436291 0.00448096 0.006383704 0.004909426 0.004905444 0.004340349 0.005655604 0.004104552 0.004099906 0.004097916 0.004091944 0.004076682 0.004066066 0.00406872 0.005610483 0.004056777 0.004050142 0.0047517 0.004745064 0.004747718 0.004746391 0.004745727 0.004606611 0.004598647 0.005579961 0.004030235 0.005579961 0.004024927 0.0040236 0.004018955 0.004005684 0.004006348 0.004006348 0.0040163 0.004013646 0.004009665 0.003998385
-9999 -9999 -9999 -9999 -9999 0.004551777 0.004539833 0.004523245 0.004500021 0.004485423 0.004460209 0.004447601 0.004436321 0.004423714 0.004403808 0.004392528 0.004371958 0.004346743 0.004331482 0.00432352 0.00408175 0.004285698 0.004262474 0.004243231 0.004222661 0.004214699 0.005748499 0.004191475 0.005731911 0.005722621 0.004382816 0.004929332 0.004924687 0.004352957 0.004916061 0.004904117 0.005661576 0.00565295 0.004103224 0.004097916 0.004089954 0.004087299 0.00408 0.004066066 0.004072702 0.004062749 0.004056113 0.004054122 0.004050142 0.004749045 0.004754354 0.004744401 0.006290144 0.004739092 0.00459334 0.004026918 0.00402758 0.004026918 0.004016964 0.004021609 0.004014974 0.004011656 0.00401431 0.004018291 0.004020282 0.004005021 0.004004357 0.00400104
-9999 -9999 -9999 -9999 -9999 0.004559739 0.004541824 0.004521254 0.004723212 0.004484096 0.00446419 0.004444947 0.004433667 0.005974767 0.004403808 0.0043912 0.004373285 0.00434807 0.004334799 0.00431224 0.004298305 0.004285034 0.005820162 0.005800919 0.006667803 0.005768406 0.005760443 0.005744519 0.005736556 0.005721294 0.00438547 0.004378171 0.005691435 0.004131093 0.004345658 0.003896622 0.005666221 0.004105879 0.004103224 0.004101234 0.004102561 0.004085308 0.004077347 0.00406872 0.004070047 0.004065402 0.004052795 0.004052132 0.004051468 0.004045497 0.004751036 0.006303416 0.006296117 0.006292799 0.004601965 0.004031562 0.005583942 0.004032225 0.00402559 0.004020945 0.004020282 0.004018955 0.004026254 0.004024263 0.004014974 0.004004357 0.004005021 0.003999712
-9999 -9999 -9999 -9999 -9999 -9999 0.004531871 0.004742454 0.004727857 0.00426157 0.006017233 0.004448264 0.004439639 0.00596614 0.005958178 0.00438921 0.005917039 0.004353379 0.004334136 0.004319538 0.004527467 0.005835423 0.004496281 0.00669368 0.00579163 0.004447842 0.004435899 0.007296897 0.004412012 0.004400732 0.004391442 0.004381489 0.004368881 0.004137728 0.004353621 0.004341676 0.005661576 0.004111851 0.004109859 0.004099906 0.004093272 0.00464974 0.00463846 0.004070711 0.004064076 0.004063412 0.00404815 0.004043506 0.004051468 0.004046823 0.004041515 0.004055449 0.004749708 0.004745064 0.00459732 0.004033553 0.004033553 0.004034217 0.004034217 0.004026918 0.004028908 0.004032225 0.004024263 0.005570671 0.004022273 0.004010993 0.004009665 0.003999048
-9999 -9999 -9999 -9999 -9999 -9999 0.00454116 0.004740463 0.006051074 0.004709278 0.006020551 0.004456228 0.004438975 0.005972113 0.004628325 0.004388546 0.004150758 0.004586522 0.004564625 0.004334799 0.005858647 0.005838741 0.00582547 0.005808881 0.00446244 0.004447842 0.004437226 0.004423292 0.004416657 0.00440604 0.005727266 0.004376844 0.004371536 0.004364901 0.005681482 0.00567352 0.004342339 0.004114504 0.004113841 0.004106542 0.004658366 0.004790848 0.004781559 0.004070711 0.004064739 0.004063412 0.004055449 0.004051468 0.004048815 0.004045497 0.004049478 0.00404815 0.0047517 0.004038198 0.004035543 0.004029572 0.00403488 0.004037534 0.004037534 0.00403488 0.00403488 0.004037534 0.004026918 0.004020945 0.004018291 0.004017628 0.004572107 0.003993741
-9999 -9999 -9999 -9999 -9999 -9999 0.004759707 0.004521254 0.004502011 0.004492058 0.00447746 0.004458881 0.00465354 0.005977421 0.004629652 0.00438921 0.004593821 0.004585195 0.004569934 0.004547373 0.004531449 0.00584405 0.005824806 0.005813526 0.005796275 0.004457132 0.004443862 0.004432581 0.004420638 0.004412675 0.005722621 0.00438348 0.004378171 0.004364901 0.005685463 0.005674183 0.004344994 0.004121139 0.004116496 0.00565494 0.005644324 0.004653722 0.004783549 0.004632488 0.004072038 0.004065402 0.004062749 0.004056777 0.004042179 0.004046823 0.00404815 0.004044833 0.004036207 0.004039525 0.00403488 0.004034217 0.00404616 0.00403488 0.004034217 0.004040188 0.004036207 0.004028908 0.004028908 0.004010993 0.004008338 0.004013646 0.004006348 0.004567461
-9999 -9999 -9999 -9999 -9999 -9999 -9999 0.004745109 0.004733164 0.00471923 0.004697334 0.00468539 0.004668138 0.004646241 0.004624344 0.004611074 0.004595149 0.005915048 0.004572588 0.006769324 0.005860638 0.007395101 0.005833433 0.005815517 0.005800919 0.005788976 0.004443198 0.004431254 0.004420638 0.004416657 0.004403385 0.005715322 0.004375517 0.004376181 0.005688117 0.005680819 0.00567153 0.004341676 0.004115168 0.004103224 0.005651623 0.004097253 0.004088627 0.004091281 0.004074692 0.004068057 0.004066729 0.00405943 0.004753026 0.004747055 0.004042842 0.004039525 0.004039525 0.004038861 0.004042842 0.004042842 0.004042179 0.00404616 0.004039525 0.004037534 0.004595994 0.004033553 0.004026918 0.004016964 0.004010329 0.004015638 0.004002366 0.00400303
-9999 -9999 -9999 -9999 -9999 -9999 -9999 0.004524572 0.004733164 0.004724538 0.004705296 0.004688708 0.005994673 0.005977421 0.004625671 0.004615055 0.006814444 0.005912393 0.005899122 0.00587988 0.005864619 0.006416443 0.005839404 0.006702308 0.005809545 0.005785658 0.004448506 0.004437226 0.004429927 0.004419974 0.003970939 0.005723949 0.004384143 0.00569409 0.005696743 0.005682145 0.004349639 0.004119149 0.004113841 0.005658922 0.004097253 0.004098579 0.00564167 0.004095262 0.004076019 0.004066729 0.004770942 0.004979535 0.006301424 0.0047517 0.004038861 0.004040188 0.004038861 0.00403687 0.005588586 0.00459533 0.004033553 0.004040852 0.004602629 0.004602629 0.004734447 0.00473113 0.004799942 0.004010993 0.004007675 0.004010329 0.003995731 0.003994404
-9999 -9999 -9999 -9999 -9999 -9999 -9999 -9999 0.004739137 0.00472852 0.004708614 0.004690698 0.00467411 0.005977421 0.005958178 0.005940927 0.00593031 0.005916375 0.007448186 0.005877226 0.006437012 0.006423078 0.007286645 0.00727271 0.005803573 0.00579163 0.006664484 0.004433245 0.004427273 0.004418647 0.004415993 0.004394759 0.005713332 0.005703379 0.005693425 0.004137728 0.004132421 0.004123131 0.004119149 0.004110523 0.004097916 0.004099243 0.004098579 0.004088627 0.004074028 0.006184204 0.005210687 0.005119979 0.006441206 0.004743074 0.004741746 0.004044833 0.004039525 0.004042179 0.00715291 0.004600639 0.00403488 0.004042842 0.004037534 0.004599312 0.006282845 0.004723831 0.004722504 0.004575423 0.004568125 0.00400303 0.003995067 0.003996395
-9999 -9999 -9999 -9999 -9999 -9999 -9999 -9999 0.003895463 0.004502011 0.00470795 0.004684726 0.004667474 0.005979411 0.005953534 0.006830371 0.006814444 0.007460793 0.005903104 0.005888506 0.006431704 0.007449648 0.006543616 0.007414481 0.00637464 0.005796938 0.006663821 0.004445188 0.004423292 0.004415329 0.004410021 0.004409357 0.005715986 0.004158298 0.004156307 0.004139055 0.004134411 0.004124457 0.004123794 0.004117822 0.004106542 0.005646978 0.004095262 0.004083982 0.0056211 0.006188849 0.006318013 0.004896125 0.004890153 0.004738429 0.004604619 0.00403488 0.004043506 0.004044169 0.004747718 0.004604619 0.004599975 0.004042842 0.00459732 0.00473511 0.006274884 0.004721177 0.004723831 0.004010993 0.00400303 0.003999712 0.003993741 0.00399175
-9999 -9999 -9999 -9999 -9999 -9999 -9999 -9999 -9999 -9999 0.004711268 0.004241663 0.004667474 0.005978084 0.006525927 0.00473775 0.007380866 0.005918365 0.006464881 0.007341055 0.006437012 0.006425732 0.007291289 0.007281336 0.006373313 0.005801583 0.006669129 0.004443862 0.004432581 0.004423955 0.004414002 0.004412675 0.005724612 0.004162943 0.004158298 0.004146354 0.004139055 0.004131093 0.004123794 0.004107206 0.004115168 0.004107869 0.004092607 0.00408929 0.004071375 0.00462718 0.006174251 0.004620544 0.00475369 0.004048815 0.004049478 0.004043506 0.004042842 0.004601302 0.006288154 0.004737102 0.006284837 0.004030899 0.004588031 0.004717859 0.004715868 0.00471255 0.004569453 0.004004357 0.004000376 0.003999048 0.003996395 0.003990422
-9999 -9999 -9999 -9999 -9999 -9999 -9999 -9999 -9999 -9999 0.004711932 0.004683399 0.004665484 0.005974767 0.006526591 0.006505357 0.006497395 0.006476825 0.006468199 0.005121758 0.005108488 0.006419098 0.006411136 0.00639521 0.005812199 0.005803573 0.005788312 0.004447842 0.004440544 0.004420638 0.005746509 0.005741864 0.004189484 0.004173559 0.005710678 0.004161616 0.004145691 0.004139055 0.004121139 0.005666221 0.004113841 0.004106542 0.004090617 0.004089954 0.00406872 0.004066066 0.004629835 0.004625853 0.004620544 0.007047107 0.00404616 0.00404616 0.004042179 0.006145719 0.004738429 0.004730466 0.004737102 0.004723167 0.004719849 0.004722504 0.004008338 0.00400303 0.004001703 0.004007011 0.003996395 0.003989096 0.003986441 0.003981133
-9999 -9999 -9999 -9999 -9999 -9999 -9999 -9999 -9999 -9999 0.004708614 0.006016569 0.004672119 0.005989364 0.006533226 0.006513984 0.006499385 0.006487441 0.008019916 0.006452938 0.005114459 0.004539412 0.005852012 0.005832769 0.00737387 0.006692353 0.004463767 0.004456468 0.00445116 0.004435236 0.004421965 0.004192139 0.004187494 0.004184176 0.004170905 0.004165597 0.004144364 0.004141046 0.004131756 0.004120476 0.004111187 0.004106542 0.004088627 0.004081327 0.006507891 0.004070047 0.004066729 0.00772464 0.0046159 0.004051468 0.004045497 0.004035543 0.004036207 0.004600639 0.004735775 0.004729802 0.004727148 0.005566026 0.005562708 0.004713214 0.004007675 0.004002366 0.004006348 0.003998385 0.003991086 0.003986441 0.003983124 0.003983787
-9999 -9999 -9999 -9999 -9999 -9999 -9999 -9999 -9999 -9999 0.004492058 0.004695343 0.006571712 0.005982065 0.006532562 0.006515311 0.006500713 0.006627886 0.006474171 0.00801328 0.005885189 0.004542065 0.004528131 0.005836086 0.005822816 0.005813526 0.004470403 0.004461114 0.004452487 0.004443862 0.004429927 0.004195456 0.004201428 0.004194129 0.004177541 0.004166924 0.004153654 0.004145027 0.004130429 0.004115168 0.005655604 0.004112514 0.004101234 0.00408929 0.004080664 0.00408 0.004065402 0.006173588 0.004610592 0.004050142 0.004038198 0.004044833 0.004033553 0.007026537 0.004592013 0.004725157 0.004589358 0.004016964 0.004576751 0.004575423 0.004012983 0.004004357 0.004007675 0.003993077 0.003989096 0.003989759 0.003981797 0.003973834
-9999 -9999 -9999 -9999 -9999 -9999 -9999 -9999 -9999 -9999 -9999 0.004698661 0.005241859 0.006555787 0.006545833 0.006523273 0.00650602 0.006637839 0.006478152 0.004132843 0.005889833 0.004541402 0.004530122 0.004515524 0.005824143 0.004048573 0.004482347 0.004481683 0.004459123 0.004447842 0.005762434 0.004651126 0.004202755 0.004415993 0.004401395 0.004177541 0.004157634 0.004142373 0.004131093 0.005670865 0.004117159 0.004116496 0.004107206 0.004092607 0.00407801 0.004074692 0.004063412 0.00405744 0.004051468 0.005591241 0.00403687 0.004038198 0.00381169 0.00403687 0.004034217 0.004028244 0.004580732 0.004017628 0.00457277 0.004564144 0.004566134 0.004005684 0.003999712 0.003998385 0.003994404 0.003991086 0.003979142 0.003976488
-9999 -9999 -9999 -9999 -9999 -9999 -9999 -9999 -9999 -9999 -9999 -9999 0.00656773 0.006700212 0.006689595 0.007561787 0.006503366 0.006502704 0.006487441 0.006473507 0.005891824 0.00454472 0.00452415 0.004506234 0.005826798 0.004494954 0.004484337 0.004477039 0.004463767 0.004456468 0.004441207 0.004214035 0.004208063 0.00476586 0.004668516 0.006424843 0.004722066 0.007147301 0.004137065 0.004132421 0.004125121 0.004115832 0.004112514 0.005644324 0.004082655 0.004078674 0.00405744 0.004056777 0.004049478 0.005590577 0.00403488 0.004038198 0.007693454 0.004040852 0.004038861 0.00402559 0.004020945 0.004009665 0.004009002 0.004006348 0.003997722 0.003997722 0.004001703 0.003994404 0.003991086 0.003989759 0.004197025 0.003970516
