02_Processed_Data/Guangdong-driving/GDP/jizhongtxt/gd-gdp-05-txt.txt
ncols         755
nrows         605
xllcorner     491130
yllcorner     2101946
cellsize      1000
NODATA_value  -9999
[rows 360 to 389 of 605, columns 204 to 271 of 755]
0.004888678 0.005395552 0.008438577 0.009251688 0.008395082 0.005302706 0.004754845 0.007793688 0.00527071 0.005243944 0.005504386 0.00464527 0.005148797 0.007070593 0.005382473 0.007214177 0.007194939 0.007186575 0.007173191 0.006966872 0.006945124 0.006929231 0.006907484 0.00636966 0.004674014 0.004651429 0.004910198 0.004611279 0.004593714 0.00430065 0.004281411 0.004260499 0.007316908 0.004233733 0.00421784 0.004200275 0.004468245 0.004179364 0.007705245 0.007667972 0.007633361 0.007608069 0.007594758 0.007549498 0.007537516 0.007493588 0.007470957 0.007464302 0.007425698 0.007384432 0.008212397 0.008179116 0.008717339 0.008971141 0.009224944 0.009200981 0.01376206 0.008720937 0.007814768 0.00794616 0.008206619 0.01332588 0.01329394 0.01326598 0.01324735 0.01323004 0.01347186 0.01343725
0.004854383 0.005373804 0.008417667 0.005605807 0.005307724 0.005561474 0.004728916 0.004702148 0.005238925 0.005212994 0.004634396 0.005144615 0.005117849 0.007220033 0.007203303 0.007186575 0.004942441 0.007157299 0.007310921 0.007115476 0.005244458 0.008846006 0.006884062 0.006339548 0.004643064 0.004631354 0.004607934 0.004586185 0.004566111 0.004269701 0.004533489 0.004235406 0.00422035 0.007275922 0.004189401 0.004171835 0.004155943 0.004140887 0.007658654 0.007625374 0.007597419 0.007572127 0.007548166 0.007510893 0.007494918 0.007464302 0.007423035 0.0074044 0.007377775 0.00734982 0.007332515 0.007284593 0.00838766 0.01324647 0.0137807 0.01374475 0.008553605 0.007956809 0.00748775 0.01307075 0.008437791 0.01356904 0.00865698 0.008345939 0.007867562 0.01317546 0.01314884 0.01339598
0.004844346 0.007892389 0.005603297 0.005584895 0.005555619 0.005528016 0.004701312 0.0046804 0.004646942 0.004631049 0.005169499 0.004585881 0.006514367 0.00719243 0.007172354 0.007330997 0.007317613 0.007301721 0.007284155 0.007091219 0.005224383 0.006879044 0.006330347 0.006305254 0.004613789 0.004596223 0.004851645 0.004558582 0.00454269 0.004523451 0.007299343 0.004212822 0.007265883 0.004182709 0.004163472 0.004144232 0.00413085 0.004107429 0.007614724 0.007590764 0.007569465 0.007528199 0.007494918 0.007469626 0.007457646 0.007425698 0.007388424 0.007351152 0.007341833 0.008208068 0.008121876 0.007249981 0.00835438 0.008315776 0.01346832 0.01341774 0.01310669 0.01280763 0.00788892 0.01303082 0.008118761 0.01353043 0.008611721 0.008582436 0.008274056 0.008240776 0.0131089 0.01307829
0.004823435 0.004800851 0.005056274 0.005295804 0.004996885 0.004973465 0.004670363 0.004644434 0.004620176 0.004601774 0.004584208 0.004551586 0.006485928 0.005504311 0.007144752 0.007300047 0.007464544 0.007461199 0.007256552 0.005012418 0.004641601 0.007968489 0.007407245 0.006281833 0.004589532 0.00456862 0.004549382 0.004526797 0.004221187 0.004487484 0.00447661 0.004468245 0.004161797 0.004151761 0.004135032 0.00411412 0.004105756 0.004091535 0.007577451 0.007552159 0.007529529 0.007502906 0.00746164 0.007448327 0.007415048 0.007387093 0.007352483 0.008172461 0.00904136 0.00810457 0.008069959 0.0129301 0.01423345 0.01419884 0.01312267 0.01280763 0.01278101 0.01275305 0.007848984 0.008106779 0.008066843 0.008336619 0.01345456 0.008251425 0.008224802 0.00820217 0.01305299 0.01303169
0.004797505 0.004769901 0.005029507 0.004999395 0.004970119 0.007728444 0.004636905 0.005171172 0.004593409 0.005664662 0.004547404 0.004531512 0.006988619 0.007143915 0.007120495 0.007282482 0.007444469 0.009375465 0.006116084 0.005542503 0.005174196 0.006827184 0.006275977 0.006249211 0.006229972 0.006218262 0.006193168 0.00617393 0.008105761 0.006139636 0.006117887 0.004151761 0.004135868 0.004119139 0.004106592 0.004094881 0.004073134 0.004064769 0.007545503 0.007505568 0.007482938 0.007457646 0.007420374 0.0074044 0.007379108 0.007348489 0.007308553 0.008123207 0.008093921 0.008064635 0.008038011 0.007994083 0.008423206 0.0128276 0.0130854 0.01276104 0.007850314 0.00782103 0.007813041 0.008065513 0.012919 0.008729802 0.008689867 0.008211491 0.008180873 0.01437098 0.01330413 0.00839474
0.004762374 0.00529915 0.004708004 0.004970956 0.004938334 0.004632722 0.004618503 0.004588391 0.005094428 0.005075189 0.005050096 0.006980255 0.006961016 0.007117149 0.007098746 0.007079509 0.007236477 0.005552541 0.005072395 0.005337856 0.007931686 0.005129864 0.004297304 0.00427221 0.006204042 0.006189822 0.006165565 0.004191074 0.006120397 0.004158452 0.00414256 0.004122484 0.004101573 0.004094045 0.004080662 0.004071461 0.004047204 0.004040512 0.007510893 0.00747362 0.007432353 0.007412386 0.007385762 0.007359139 0.00732719 0.007285924 0.007265955 0.008948176 0.008051323 0.008027363 0.007992751 0.008404571 0.01282094 0.007900899 0.01305345 0.00768298 0.008080157 0.008060188 0.008046877 0.008020254 0.008436064 0.008242107 0.008212821 0.008180873 0.01302903 0.01327884 0.00893296 0.01434863
0.004728916 0.004705495 0.004684583 0.004653634 0.004630213 0.004606793 0.004585881 0.004283616 0.005069335 0.005044241 0.005028347 0.00696018 0.006936759 0.006910829 0.006889081 0.00900214 0.007037685 0.007015101 0.007003391 0.00679958 0.006258412 0.004284757 0.004270538 0.004247116 0.004223695 0.004206967 0.004185218 0.004160961 0.004143396 0.00413085 0.004117466 0.004099064 0.004080662 0.004060587 0.004049713 0.004045531 0.004027129 0.007492257 0.007469626 0.007425698 0.007396412 0.007363132 0.007341833 0.007317871 0.007285924 0.007249981 0.008073954 0.008045998 0.008000738 0.007980771 0.007499732 0.007922199 0.007443821 0.00784499 0.01300286 0.01296026 0.008477331 0.01289903 0.008000285 0.01107071 0.01282182 0.01307829 0.01333475 0.008424025 0.01355394 0.009202736 0.01433798 0.01459178
0.004697965 0.007741828 0.004651961 0.007688294 0.004318748 0.004582535 0.004560787 0.004533185 0.005045914 0.005017474 0.005000745 0.006927558 0.006907484 0.006884899 0.004633237 0.007021793 0.007007573 0.006818819 0.006803763 0.006776996 0.005107905 0.004258827 0.00424628 0.004224532 0.004196092 0.004172673 0.004158452 0.004132522 0.00411663 0.004098228 0.004094045 0.004065606 0.004056404 0.004039675 0.004013746 0.004010399 0.007448327 0.007445666 0.007421704 0.007380437 0.007351152 0.007325859 0.007296572 0.007263294 0.007241995 0.007214039 0.007180761 0.007152805 0.007510381 0.007930186 0.00788892 0.007871614 0.007840997 0.007818366 0.01267052 0.012915 0.01288439 0.01284978 0.00794837 0.01103877 0.0130703 0.01303436 0.008421362 0.01325754 0.01351667 0.01405356 0.009824762 0.01567754
0.004667854 0.004650288 0.00462854 0.004600937 0.004569989 0.004274415 0.004257687 0.00507247 0.005570143 0.005169424 0.007102093 0.007072816 0.006888245 0.007041031 0.004791042 0.006997535 0.006974114 0.00483429 0.004815889 0.004793304 0.006200697 0.006183967 0.00421784 0.004204458 0.004175182 0.004149251 0.004412203 0.004109101 0.003810183 0.00407397 0.004051386 0.004038003 0.007510893 0.007488263 0.00744034 0.007439009 0.007413717 0.007391087 0.007367126 0.007343163 0.007309885 0.007279268 0.007240663 0.006768942 0.007194072 0.007171443 0.007136831 0.007114201 0.006629168 0.007929851 0.007014363 0.007827684 0.007793074 0.00776645 0.007735834 0.01287107 0.01284578 0.007936389 0.00835087 0.008761358 0.01434835 0.0138317 0.009497806 0.01462373 0.01337889 0.01570017 0.01755771 0.01177143
0.004636069 0.004615994 0.004602611 0.004575007 0.004539039 0.004243467 0.004503072 0.005039012 0.005161896 0.005141821 0.006235449 0.006212029 0.006853113 0.00702012 0.007000881 0.006971605 0.006773651 0.005371067 0.004796649 0.00618815 0.006165565 0.004198602 0.004185218 0.00416598 0.004149251 0.00412834 0.004104082 0.01935851 0.01929278 0.01923004 0.00430681 0.004017091 0.007470957 0.007443003 0.007405729 0.007379108 0.007353813 0.007344496 0.007325859 0.007296572 0.007251312 0.007234008 0.007208715 0.006729006 0.007151474 0.007140826 0.007098227 0.006625174 0.007035662 0.007003713 0.006970434 0.007785086 0.006907868 0.006877251 0.007689242 0.007941713 0.01280052 0.00789246 0.01274594 0.01300241 0.01325488 0.01511242 0.01431668 0.01458512 0.01136228 0.01677129 0.01554243 0.01861153
0.004332968 0.004309547 0.004291981 0.004544895 0.004521474 0.00449638 0.004472123 0.004451212 0.005146004 0.007068634 0.006211191 0.007026812 0.0070059 0.006989171 0.005573204 0.008056869 0.006746048 0.008159295 0.004236243 0.004772182 0.006139636 0.006127088 0.006112868 0.004136704 0.00412583 0.004093209 0.01932863 0.01925095 0.01917327 0.01907169 0.0190687 0.01900297 0.01896115 0.007403067 0.007380437 0.007345827 0.007308553 0.007301897 0.007281929 0.007248651 0.007224689 0.006751637 0.006707707 0.006678422 0.006673097 0.006642479 0.0066092 0.00702235 0.006993064 0.006955791 0.006933161 0.0069092 0.006867933 0.007687911 0.007645313 0.007909765 0.007880479 0.007859181 0.008552756 0.00909497 0.01463305 0.01543572 0.01177709 0.01529928 0.01357507 0.01693125 0.01336913 0.01393896
0.005121194 0.004567479 0.004549077 0.004516455 0.004215863 0.005186154 0.005156878 0.005133456 0.007062779 0.007044376 0.007027648 0.007008409 0.006976624 0.006964077 0.008059378 0.006746884 0.006725972 0.006179785 0.004201948 0.004186892 0.006115378 0.006095303 0.004132522 0.004107429 0.004097391 0.00407397 0.02021704 0.01914937 0.01907767 0.01899401 0.01894322 0.01891932 0.01888048 0.01880878 0.007336509 0.007307223 0.007271281 0.007265955 0.007232677 0.007206053 0.007174104 0.007135501 0.007111539 0.007087577 0.007060954 0.007046311 0.007017026 0.006967771 0.007382253 0.006914524 0.006895888 0.006862608 0.006824004 0.007643982 0.007604047 0.007588073 0.007560118 0.007370153 0.007779308 0.008885038 0.01458246 0.01006525 0.01705305 0.01702908 0.01691755 0.01778511 0.03332461 0.03188787
0.005278164 0.00497339 0.005235504 0.005935104 0.005078498 0.005161896 0.005133456 0.005288752 0.007219747 0.007197163 0.007177089 0.00733573 0.005458857 0.006938147 0.006918073 0.006729318 0.00616222 0.004197766 0.004172673 0.004165144 0.004135868 0.004112447 0.004096554 0.004079825 0.004069788 0.004047204 0.01913144 0.01901791 0.01895219 0.01893127 0.01884463 0.01884164 0.01877891 0.01871318 0.0186833 0.0072593 0.007238001 0.007218034 0.007190078 0.00715813 0.007127512 0.007092902 0.007071603 0.007039655 0.006999719 0.006987739 0.006971765 0.006934492 0.006901213 0.006873257 0.006843972 0.00680803 0.006780074 0.007601384 0.007568105 0.007544144 0.007792621 0.008051748 0.008037104 0.01025788 0.01736409 0.01453609 0.01732304 0.01773353 0.01856283 0.01897864 0.03383089 0.0321257
0.005244705 0.004514782 0.004927385 0.005177788 0.005328067 0.005862333 0.005468305 0.007740842 0.007724949 0.007528666 0.007675598 0.007659705 0.007636285 0.007085078 0.004941072 0.004920997 0.00471635 0.004163472 0.004147578 0.004134194 0.004109938 0.00408819 0.004069788 0.004049713 0.004034657 0.00402211 0.01903584 0.01896414 0.01888048 0.01880579 0.01876396 0.01872513 0.01866836 0.01861757 0.01856977 0.018513 0.007195403 0.007182092 0.007136831 0.007116863 0.007072934 0.007047642 0.006570595 0.007002383 0.006961116 0.006939816 0.006907868 0.006869264 0.006854621 0.006826666 0.006806699 0.006760107 0.006742802 0.006708191 0.00752817 0.007498884 0.007466935 0.007995838 0.007977202 0.01020996 0.01062045 0.02038754 0.02084123 0.03640797 0.01963261 0.03692489 0.0338016 0.03067565
0.004512273 0.005042358 0.005737148 0.005160223 0.005302972 0.005281225 0.008276991 0.008248552 0.01036579 0.008382936 0.008176616 0.009100729 0.007972807 0.00545882 0.005186457 0.004885866 0.004685401 0.00412583 0.004119139 0.004101573 0.004078989 0.004063096 0.004044694 0.004026292 0.00400789 0.003989488 0.01894322 0.01886555 0.01877891 0.01870123 0.01866836 0.0295762 0.01856678 0.018513 0.01845923 0.01840545 0.01835167 0.007122188 0.007092902 0.01195038 0.01191045 0.007009038 0.006527998 0.006959784 0.006918518 0.006887901 0.00686394 0.006833323 0.006802705 0.00677475 0.006758776 0.006724166 0.006705529 0.006660269 0.007473591 0.007452292 0.007436318 0.007679472 0.008220354 0.01045444 0.01529994 0.01530682 0.03583647 0.03693155 0.03689827 0.03687963 0.03375767 0.02130823
0.005369889 0.005171933 0.005151859 0.005482526 0.006339305 0.00826779 0.009130424 0.009111186 0.007034895 0.009240552 0.009042596 0.008306819 0.006892525 0.005147354 0.005332553 0.004860773 0.004656125 0.005185373 0.004087353 0.004075643 0.004048876 0.004034657 0.004016255 0.003995343 0.003979451 0.003961885 0.01885658 0.01876098 0.01869525 0.01863849 0.01856678 0.02946865 0.01845624 0.01839649 0.01834868 0.01830088 0.01822022 0.00705696 0.007046311 0.007013031 0.006543973 0.006520011 0.007814039 0.006911862 0.01176002 0.006843972 0.006804036 0.006796049 0.006761439 0.006737477 0.00671884 0.006670918 0.006657607 0.006617671 0.007427 0.007404369 0.007663498 0.007636874 0.008171101 0.0102921 0.01025616 0.0154645 0.02195694 0.03548948 0.03602903 0.02019186 0.01790585 0.0178779
0.005171097 0.005151859 0.005123419 0.007398464 0.006132149 0.008773827 0.0107004 0.01067614 0.01136257 0.01080718 0.00819892 0.01076142 0.006833347 0.007354684 0.007327081 0.004834006 0.005192901 0.005161116 0.004594227 0.004040512 0.004015418 0.004006217 0.003983633 0.003971923 0.007015784 0.003930937 0.0187311 0.02066627 0.01857276 0.01852197 0.01845027 0.02935811 0.02031672 0.01828893 0.01821125 0.01815449 0.0181276 0.007014363 0.007888585 0.006535985 0.006942479 0.006922511 0.006877251 0.006849297 0.01171077 0.006796049 0.006769426 0.006754783 0.006722834 0.006697542 0.006676243 0.006628321 0.006612347 0.006580398 0.007385734 0.007361771 0.007611581 0.007578301 0.007849409 0.009958425 0.009925145 0.01593954 0.03152359 0.02209865 0.02102648 0.02015059 0.01342425 0.01295918
0.004956413 0.005115891 0.007045214 0.007727459 0.008234331 0.00721863 0.01160586 0.02134616 0.02185889 0.0129041 0.01030002 0.01125885 0.009999465 0.007499106 0.009439304 0.006756636 0.004606774 0.004576662 0.004027965 0.004011236 0.007058443 0.007038368 0.003959376 0.00394181 0.003923408 0.004460185 0.003884095 0.01856081 0.01848313 0.01843832 0.01832777 0.01827399 0.01820827 0.01819333 0.01813059 0.01807084 0.01802005 0.006982414 0.006941148 0.006927836 0.006894556 0.006871926 0.006847966 0.007257121 0.007242478 0.006766763 0.006726828 0.006696211 0.006676243 0.006648288 0.006634976 0.006588385 0.006557768 0.007377745 0.00733781 0.007595606 0.007578301 0.007539697 0.007792168 0.01321848 0.01375937 0.0283963 0.01235979 0.01705925 0.01449016 0.009590082 0.00898397 0.008684907
0.00688239 0.007042704 0.005067376 0.007704037 0.01015947 0.008101129 0.01081948 0.01274379 0.02306139 0.01411246 0.01391032 0.02140108 0.01051052 0.007472339 0.007454773 0.004777127 0.004579171 0.00762136 0.004536511 0.00398196 0.003966904 0.003951848 0.003926754 0.003905842 0.003890787 0.003879913 0.003860674 0.01845325 0.01839051 0.01835167 0.01825009 0.01816046 0.01813656 0.01809175 0.01802303 0.01796627 0.0179334 0.006937155 0.006905206 0.006886569 0.00686527 0.00683066 0.006802705 0.01166284 0.006733484 0.00671751 0.006231145 0.006653613 0.00747226 0.007444304 0.007436318 0.01142057 0.006507183 0.007328493 0.007301868 0.007557002 0.007529048 0.007777524 0.007750901 0.01289546 0.01315326 0.01218752 0.01273106 0.01475727 0.01444357 0.00954349 0.008940041 0.008636986
0.007035176 0.007198 0.009122305 0.009457989 0.008186654 0.009575401 0.0113266 0.01289155 0.02356157 0.02354233 0.02316984 0.02190294 0.02029449 0.007619027 0.006003886 0.004565788 0.004545713 0.004526474 0.004503053 0.00448967 0.00394432 0.003928427 0.003900824 0.003876567 0.003859837 0.003843109 0.01842337 0.01836063 0.01830686 0.01823814 0.01814553 0.01809175 0.02900556 0.01799017 0.01894132 0.01787664 0.01784378 0.006881244 0.00686527 0.006846634 0.00682001 0.006794718 0.006753452 0.007175921 0.006697542 0.006654944 0.006632314 0.01233107 0.007417681 0.01228048 0.007659502 0.007618236 0.007308524 0.01217 0.007253946 0.007507748 0.008379308 0.007734927 0.00770564 0.01285419 0.01281825 0.008634381 0.01333118 0.007589827 0.01243266 0.01240071 0.007496645 0.007173622
0.005337019 0.006990008 0.007141958 0.007470951 0.01011347 0.00901583 0.01005802 0.01126972 0.02229132 0.0222771 0.02207747 0.02152208 0.009205729 0.007690715 0.005964573 0.004535675 0.004517274 0.004502217 0.00446876 0.004460394 0.003908352 0.01864745 0.01861757 0.01853989 0.01844728 0.02934018 0.01833673 0.01825906 0.0181993 0.01812461 0.01804992 0.01799615 0.01794536 0.01789158 0.01782884 0.01777805 0.01872323 0.006834653 0.006822673 0.006805368 0.006770756 0.006760107 0.006732153 0.006688223 0.006668256 0.006620333 0.007423006 0.0125689 0.01282669 0.007917298 0.0127588 0.007849409 0.007538365 0.0124025 0.007493105 0.007471807 0.008330056 0.007697655 0.007221939 0.01252318 0.01220149 0.01217354 0.0121549 0.007256155 0.007217551 0.01207237 0.007169628 0.01201646
0.006976624 0.006954876 0.007116864 0.007267978 0.007784889 0.008635812 0.01114328 0.02016679 0.0217376 0.01137124 0.02028696 0.01080188 0.007761776 0.006506578 0.005588737 0.004683443 0.004662531 0.00446876 0.00445203 0.004425263 0.02957919 0.01857276 0.01849209 0.01842636 0.01832478 0.02923262 0.01823814 0.02913702 0.01811864 0.01805291 0.01794834 0.01889352 0.0178617 0.01777506 0.01773921 0.01765257 0.01763165 0.006798711 0.006777413 0.006760107 0.006732153 0.006704198 0.006673581 0.00665095 0.006612347 0.006569748 0.01226185 0.01251964 0.0127801 0.01274948 0.01271088 0.0126776 0.01370585 0.01234792 0.007722945 0.01258575 0.01254981 0.01254049 0.01249922 0.008481355 0.01216155 0.01213626 0.007234856 0.007204239 0.007176284 0.007139011 0.007123038 0.01197253
0.006954876 0.008891727 0.007095953 0.007243721 0.007575223 0.006399833 0.007263303 0.007593134 0.01851736 0.009577625 0.007432783 0.009002163 0.006494867 0.005936133 0.005386599 0.004832884 0.004638275 0.004430282 0.004699924 0.006937157 0.01850105 0.01846819 0.01837259 0.01832777 0.01826802 0.01818735 0.01814553 0.01804992 0.01800511 0.01793042 0.01785572 0.01781091 0.01777207 0.01768244 0.01863061 0.01857384 0.00721053 0.006756114 0.00672949 0.006701536 0.01731198 0.01723729 0.01716857 0.006597703 0.006572411 0.006976242 0.01221925 0.007308524 0.01273351 0.01269757 0.01266961 0.01264166 0.01233328 0.00743054 0.01256046 0.01442865 0.01307205 0.01276634 0.007573855 0.01213759 0.01211496 0.01180525 0.006901184 0.00687456 0.007128362 0.007099076 0.00706979 0.01193525
0.006924764 0.006900507 0.00688294 0.007041583 0.005311014 0.00637474 0.007234029 0.007564695 0.01849394 0.008668149 0.008107742 0.007729398 0.005962689 0.005196172 0.005003236 0.004627401 0.00460649 0.004401007 0.004673158 0.003844781 0.01843234 0.01833673 0.01826802 0.0182232 0.01819034 0.01810669 0.02896971 0.01794237 0.01789755 0.0178378 0.02871278 0.02867693 0.0176436 0.01757489 0.01852903 0.007206537 0.007175921 0.006709523 0.01829898 0.01726417 0.01721637 0.01713571 0.01806594 0.0170162 0.006533806 0.006938969 0.007296544 0.007272582 0.01240649 0.01237454 0.01262302 0.01259107 0.01228402 0.00767103 0.01251653 0.01305475 0.0130228 0.01272374 0.01268646 0.01210032 0.007184271 0.01176265 0.006851929 0.006833293 0.006805338 0.006615373 0.007032516 0.007607677
0.005224934 0.006872067 0.006857011 0.007950638 0.005666565 0.005988867 0.006317024 0.006367174 0.01704915 0.005798403 0.005596265 0.005040877 0.005015783 0.005374679 0.005171705 0.004980442 0.004395987 0.005798361 0.003829725 0.003802958 0.01831881 0.01825308 0.01817839 0.01813656 0.01806187 0.01798419 0.0288771 0.01784378 0.01780494 0.01773323 0.01764958 0.02855443 0.017548 0.01844537 0.00672949 0.007161277 0.01833782 0.01826014 0.01823624 0.01716857 0.01709985 0.01806296 0.01698035 0.01689669 0.01682798 0.006440624 0.006410006 0.00722599 0.006756932 0.007446514 0.007406578 0.01226006 0.01223344 0.007611128 0.01246861 0.0078423 0.01297222 0.009562789 0.01263987 0.0120484 0.006854592 0.006834624 0.006810663 0.006789364 0.006772059 0.00985846 0.01321331 0.006692187
0.008817282 0.006844464 0.006820207 0.005127906 0.005641471 0.005686603 0.00601476 0.006621761 0.005888492 0.005233813 0.00503753 0.005393918 0.004634092 0.004617364 0.004588924 0.004391805 0.004366711 0.003814669 0.003797103 0.003780374 0.01823217 0.01814553 0.02902947 0.01802303 0.02891295 0.01689561 0.02875162 0.0286829 0.01765854 0.01762866 0.02851261 0.01847226 0.01843044 0.01738368 0.01832288 0.01726417 0.02419711 0.0181735 0.02409254 0.01705803 0.01699828 0.01693852 0.01686682 0.01679811 0.01673238 0.0276193 0.006355428 0.00633413 0.007151445 0.007126153 0.007092874 0.007054268 0.01219084 0.01216022 0.007819669 0.01268513 0.01293361 0.01262257 0.00770918 0.007121706 0.00679735 0.006794689 0.006780046 0.006748097 0.006713487 0.009806545 0.006678876 0.00754378
0.006830244 0.006816861 0.004935806 0.004914894 0.004977591 0.004948314 0.005558663 0.00552855 0.008298585 0.005031676 0.004832048 0.004635765 0.004614017 0.00440937 0.004382604 0.004911016 0.004364829 0.0057373 0.003759463 0.003748589 0.0180798 0.01802602 0.01797523 0.01789755 0.01784079 0.01877401 0.01771232 0.01862463 0.01657892 0.01650423 0.02841999 0.02433454 0.01731795 0.018296 0.01820637 0.01717156 0.0181018 0.02404474 0.02397602 0.01693553 0.01687279 0.01682499 0.01676225 0.0166786 0.01862572 0.01656507 0.01645453 0.01830978 0.01822314 0.006226303 0.007043619 0.006997028 0.006817712 0.01211097 0.01237542 0.01369341 0.007439405 0.007412782 0.007104401 0.006794689 0.006758747 0.007627646 0.01160557 0.006712155 0.006686863 0.007101344 0.01002041 0.009984469
0.006799295 0.00660134 0.004348841 0.004888964 0.005223813 0.005197883 0.005525204 0.008112341 0.005019129 0.004824519 0.008527032 0.004428609 0.004406025 0.004380931 0.004908507 0.004358973 0.003777029 0.003761136 0.003736879 0.003721823 0.01799913 0.01791847 0.0178617 0.01778701 0.0177422 0.01666257 0.01759879 0.01656398 0.01648332 0.02437637 0.02432558 0.02426881 0.02420607 0.0181735 0.03104639 0.0170879 0.02396706 0.02389834 0.01687578 0.01680707 0.01676225 0.01672341 0.01668159 0.02754461 0.02746694 0.02741913 0.01637386 0.01629917 0.01622746 0.01616174 0.01608107 0.006101173 0.007208232 0.01206039 0.01231951 0.01231019 0.0122676 0.007815281 0.01193925 0.01078693 0.005862892 0.00585091 0.006673551 0.007105338 0.009742647 0.007789596 0.009975152 0.007732354
0.006582938 0.00604177 0.003785926 0.004322702 0.005017493 0.004986545 0.005144349 0.007910203 0.004811973 0.005179233 0.004419408 0.004401843 0.004380095 0.004355838 0.004355628 0.003777865 0.003753608 0.003735205 0.003714295 0.003695892 0.01791548 0.01783182 0.0177661 0.01770933 0.01762866 0.01758684 0.01751215 0.01937935 0.02625552 0.02616888 0.02014229 0.01816155 0.01813466 0.01709687 0.01701321 0.01797632 0.03084024 0.0178359 0.01677122 0.02366531 0.02761631 0.02756852 0.02751175 0.02743108 0.02735639 0.02728768 0.02724286 0.01621253 0.01713082 0.01803417 0.01798039 0.0158809 0.006882547 0.008026545 0.01826694 0.02918075 0.01913443 0.007037842 0.01012158 0.009818526 0.009786577 0.01068709 0.006633616 0.006602998 0.006870113 0.009959177 0.007550376 0.007526415
0.005163626 0.003776724 0.004320193 0.004830413 0.004805319 0.004955596 0.004932175 0.008533725 0.004607326 0.004593106 0.006349567 0.006327819 0.0043458 0.004327398 0.004856647 0.0062333 0.005679584 0.005660346 0.003692547 0.02883228 0.01781689 0.0177183 0.01763763 0.0175719 0.01753007 0.01747032 0.03029317 0.01923595 0.01917619 0.02009448 0.03000337 0.01707894 0.01902009 0.0189693 0.01692657 0.01686084 0.03073269 0.01674134 0.01866456 0.01859584 0.01654714 0.01647544 0.01742062 0.02733249 0.02726079 0.02717414 0.02709945 0.01610796 0.01801624 0.01594962 0.01589584 0.01579127 0.01763458 0.01956975 0.01915834 0.0290732 0.02899253 0.01186603 0.01156032 0.01154035 0.006640272 0.005764384 0.006583031 0.006561732 0.01171561 0.01169165 0.007507778 0.01014109
