02_Processed_Data/Guangdong-driving/GDP/jizhongtxt/gd-gdp-15-txt.txt
ncols         755
nrows         605
xllcorner     491130
yllcorner     2101946
cellsize      1000
NODATA_value  -9999
[rows 464 to 492 of 605, columns 66 to 131 of 755]
0.001698438 0.001695333 0.001694298 0.001693263 0.001192322 0.001136432 0.001688088 0.001684983 0.001681878 0.001681878 0.001677738 0.001677738 0.001677738 0.001674633 0.001121942 0.001837128 0.001829883 0.001164377 0.003606981 0.002519194 0.002523334 0.003628716 0.003621471 0.003604911 0.00313295 0.002464339 0.003549021 0.002448814 0.00310397 0.002443639 0.003543846 0.003086375 0.003529356 0.003528321 0.003508656 0.002295634 0.003053255 0.002397064 0.00304808 0.002282179 0.00304601 0.003474501 0.002310124 0.002385679 0.002193169 0.003042905 0.003053255 0.002201449 0.002223184 0.002238709 0.002242849 0.003790176 0.002984945 0.00295493 0.00293009 0.002376364 0.002375329 0.003349266 0.002173504 0.002435359 0.0031847 0.002204554 0.003127775 0.003098795 0.003390666 0.00307292
0.001689123 0.001134362 0.001686018 0.001689123 0.001134362 0.001128152 0.001830918 0.001829883 0.001673598 0.001217162 0.001670493 0.001669458 0.001666353 0.001208882 0.001661178 0.001659108 0.001660143 0.001812288 0.003617331 0.002561629 0.002479864 0.003810876 0.004135867 0.003928866 0.003905061 0.002462269 0.003881256 0.002445709 0.002222149 0.002431219 0.0030812 0.00310397 0.003854346 0.002317369 0.002292529 0.002405344 0.002404309 0.002392924 0.003492096 0.00315779 0.003820191 0.003063605 0.002490214 0.003028415 0.0030812 0.003895746 0.003388596 0.002754139 0.00285971 0.007542057 0.007028697 0.002788295 0.0029984 0.002416729 0.002941475 0.00339998 0.002935265 0.002253199 0.003378246 0.003403086 0.00312467 0.003098795 0.003098795 0.003096725 0.002684794 0.002670304
0.001682913 0.001681878 0.001127117 0.001681878 0.001119872 0.001121942 0.001674633 0.001670493 0.001667388 0.001210952 0.001664283 0.001660143 0.001661178 0.001103312 0.001654968 0.001653933 0.001650828 0.002589574 0.002398099 0.002507809 0.003604911 0.00285557 0.002509879 0.003744636 0.003550056 0.003102935 0.002437429 0.003517971 0.002527474 0.002301844 0.00275 0.002411554 0.003063605 0.00304601 0.002274934 0.002378434 0.003047045 0.003578001 0.003040835 0.003482781 0.003051185 0.003791211 0.003042905 0.003100865 0.003940251 0.002386714 0.00329648 0.007353687 0.007132197 0.006959351 0.006727511 0.006602276 0.002350489 0.003742566 0.002315299 0.002431219 0.003611121 0.003475536 0.003712551 0.002109333 0.00329648 0.0032882 0.003307865 0.002669269 0.002683759 0.003417575
0.001675668 0.001693263 0.001678773 0.001677738 0.001116767 -9999 -9999 0.001665318 0.001663248 0.001659108 0.001658073 0.001099172 0.001653933 0.001097102 0.001650828 0.001651863 0.001656003 0.002608204 0.003583176 0.003554196 0.003547986 0.002459164 0.002446744 0.003544881 0.003123635 0.002318404 0.003502446 0.00305636 0.003490026 0.003488991 0.003494166 0.002397064 0.003047045 0.002375329 0.002313229 0.003038765 0.002255269 0.003482781 0.003034625 0.003073955 0.00305222 0.003092585 0.003073955 0.003851241 -9999 -9999 -9999 -9999 0.007531707 0.006826871 0.003631821 0.003429996 0.003494166 0.002519194 0.003875046 0.003562476 0.003448626 0.003452766 0.002137278 0.00286178 0.002079318 0.002079318 0.0033089 0.00286178 0.002883515 0.003084305
0.001259597 0.001713963 0.001706718 -9999 -9999 -9999 -9999 0.001052597 0.001049492 0.001652898 0.001801938 0.001095032 0.001651863 0.001703613 0.001661178 0.001651863 0.003561441 0.002345314 0.002576119 0.003550056 0.002448814 0.003531426 0.003520041 0.003531426 0.00309362 0.003822261 0.00305015 0.002389819 0.003803631 0.002263549 0.003026345 0.003463116 0.0030191 0.002377399 0.002258374 0.002250094 0.002363944 0.003015995 0.00302738 0.003918516 0.00308741 0.003813981 0.00304601 -9999 -9999 -9999 -9999 0.008755079 0.008114413 0.007637277 0.002327719 0.002747929 0.003803631 0.002259409 0.00339998 0.00335444 0.00331925 0.002904215 0.003443451 0.002115543 0.00283694 0.002060688 0.002825555 0.003595596 0.001923033 0.001948908
0.001682913 0.001163342 0.001213022 -9999 -9999 -9999 -9999 0.001148852 0.001096067 0.001647723 0.001091927 0.001645653 0.001199567 0.001687053 0.001100207 0.00629281 0.004160707 0.002334964 0.003884361 0.002384644 0.002350489 0.003854346 0.002426044 0.00307499 0.002400169 0.00304601 0.003032555 0.002603029 0.00304187 0.003787071 0.002251129 0.00300461 0.002253199 0.002371189 0.003024275 0.0030191 0.003448626 0.00303152 0.00300254 0.0030605 0.00311225 -9999 -9999 -9999 -9999 -9999 -9999 0.004421527 0.007557582 0.003870906 0.00653086 0.003005645 0.003395841 0.003353406 0.003331671 0.002113473 0.00285971 0.002848325 0.0033089 0.00331718 0.00283073 0.00281417 0.00279761 -9999 -9999 -9999
0.001657038 0.001654968 -9999 -9999 -9999 -9999 -9999 0.001091927 0.001140572 0.001139537 0.001643583 0.001646688 0.001638408 0.00628867 0.006277285 0.004132762 0.00626176 0.00626797 0.003532461 0.003336845 0.00298391 0.003565581 0.003511761 0.003497271 0.003042905 0.003036695 0.00303566 0.002371189 0.003047045 0.003444486 0.002234569 0.002227324 0.002236639 0.00301496 0.003005645 0.003435171 0.003412401 0.002987015 0.003013925 0.00302738 -9999 -9999 -9999 -9999 -9999 -9999 0.003210575 0.00305843 0.007291587 0.006714056 0.003411366 0.00293837 0.002145559 0.003336845 0.00287627 0.0033089 0.003291305 0.002833835 0.002282179 0.003589386 0.002077248 0.002802785 -9999 -9999 -9999 -9999
0.001647723 -9999 -9999 -9999 -9999 -9999 0.001640478 0.001085717 0.001083647 0.001637373 0.001793658 0.0062866 0.004129657 0.004125517 0.00625141 0.006244165 0.004095502 0.006225535 0.006233815 0.002754139 0.003543846 0.002289424 0.002384644 0.003468291 0.003457941 0.003011855 0.0030191 0.00301703 0.003767406 0.002225254 0.002232499 0.003429996 0.002331859 0.00297977 0.002966315 0.00296735 0.00298391 0.003753951 -9999 -9999 -9999 -9999 -9999 -9999 -9999 0.003626646 0.006569155 0.003971301 0.003848136 0.006502916 -9999 0.003671151 0.002881445 0.002094843 0.002098983 0.002854535 0.003280955 0.002833835 0.00281624 0.002266654 0.0029363 -9999 -9999 -9999 -9999 -9999
0.001724313 -9999 -9999 -9999 -9999 -9999 -9999 0.001648758 0.001214057 0.006378715 0.004348042 0.00626176 0.004098607 0.004093432 0.00621829 0.005429619 0.004067556 0.004048927 0.004249717 0.006186205 0.002385679 0.002369119 0.003472431 0.003448626 0.002350489 0.003438276 0.00299633 0.003022205 0.00303152 0.002991155 0.00298805 0.002982875 0.002968385 0.00296321 0.002984945 0.003744636 0.003036695 -9999 -9999 -9999 -9999 -9999 -9999 0.003837786 0.00342482 0.002738615 0.003475536 0.002250094 -9999 -9999 -9999 -9999 -9999 -9999 0.003260255 -9999 -9999 0.002854535 -9999 0.00279554 -9999 -9999 -9999 -9999 -9999 -9999
0.001880598 0.001505927 -9999 -9999 -9999 -9999 -9999 -9999 0.005162588 0.006718196 0.00628867 0.006244165 0.006225535 0.003865731 0.004447402 0.005408919 0.006177925 0.00616033 0.00624727 0.006211045 0.00613342 0.003453801 0.002409484 0.002344279 0.002987015 0.00299426 0.002984945 0.003005645 0.003788106 0.003419646 0.002966315 0.002978735 0.002962175 0.003740496 0.003739461 -9999 -9999 -9999 -9999 -9999 -9999 0.003409296 0.003715656 0.003378246 0.00337928 -9999 0.002150733 -9999 -9999 -9999 -9999 -9999 -9999 -9999 -9999 -9999 -9999 -9999 -9999 -9999 -9999 -9999 -9999 -9999 -9999 -9999
0.001716033 0.001128152 0.001753293 -9999 -9999 -9999 -9999 -9999 0.005002163 0.007170492 0.006977981 0.00631144 0.003900921 0.006190345 0.006190345 0.006954176 0.006614696 0.00614998 0.00614791 0.00613342 0.006105475 0.004175197 0.004168987 0.002222149 0.002215939 0.002978735 0.002980805 0.003735321 0.00305843 0.00341447 0.00340412 0.003396875 0.00302531 0.003011855 -9999 -9999 -9999 -9999 -9999 -9999 0.003444486 0.00336479 0.002191099 0.003403086 0.003340985 -9999 -9999 -9999 -9999 -9999 -9999 -9999 -9999 -9999 -9999 -9999 -9999 -9999 -9999 -9999 -9999 -9999 -9999 -9999 -9999 -9999
0.001865073 0.001703613 0.001707753 0.001882668 -9999 -9999 -9999 -9999 -9999 0.00622864 0.006837221 0.006281425 -9999 0.006441851 0.0062452 0.006928301 0.006581576 0.00617689 0.006132385 0.003968196 0.006679901 0.004017876 0.004223842 0.004181407 0.003401016 0.003401016 0.003406191 0.003398946 0.00295907 0.002953895 0.002947685 0.00296942 0.00297563 -9999 -9999 -9999 -9999 -9999 0.003809841 0.002949755 0.00336479 0.003381351 0.003678396 0.002106228 -9999 -9999 -9999 -9999 -9999 -9999 -9999 -9999 -9999 -9999 -9999 -9999 -9999 -9999 -9999 -9999 -9999 -9999 -9999 -9999 -9999 -9999
0.001709823 0.001713963 0.001703613 0.001699473 0.001500752 -9999 -9999 -9999 -9999 -9999 -9999 0.006227605 -9999 0.006130315 0.006128245 0.006117895 0.006707846 0.00612307 0.006138595 0.003947496 0.006666446 0.004214527 0.004280767 0.006107545 0.006064075 0.002329789 0.002706529 0.002226289 0.003388596 0.002999435 0.002960105 0.002997365 -9999 -9999 -9999 -9999 -9999 0.003378246 0.002926985 0.002974595 0.002176609 0.003351335 0.002093808 -9999 -9999 -9999 -9999 -9999 -9999 -9999 -9999 -9999 -9999 -9999 -9999 -9999 -9999 -9999 -9999 -9999 -9999 -9999 -9999 -9999 -9999 -9999
0.001696368 0.001691193 0.001687053 0.001688088 0.001725348 0.001751223 -9999 -9999 -9999 -9999 -9999 -9999 -9999 0.00610237 0.003956812 0.006070285 0.003920586 0.006059935 0.006703706 0.004003386 0.004972148 0.006540176 0.004166917 0.00639631 0.00612307 0.006349735 0.003431031 0.002319439 0.00285143 0.003388596 0.003504516 -9999 -9999 -9999 -9999 0.00299012 0.003657696 0.003328566 0.003427926 0.003731181 0.003382385 0.003293375 -9999 -9999 -9999 -9999 -9999 -9999 -9999 -9999 -9999 -9999 -9999 -9999 -9999 -9999 -9999 -9999 -9999 -9999 -9999 -9999 -9999 -9999 -9999 -9999
0.001686018 0.001845408 0.001679808 0.001679808 0.001726383 0.001159202 -9999 -9999 -9999 -9999 -9999 -9999 0.006070285 0.00606304 0.006053725 0.00602164 0.00601957 0.006008185 0.004066522 0.00600301 0.003958881 0.006339385 0.007139442 0.00624727 0.004115167 0.00612721 0.004663717 0.003462081 0.003717726 0.002335999 -9999 -9999 -9999 -9999 0.002889725 0.002883515 0.002866955 0.00288455 0.003668046 0.003645276 0.003283025 0.001955118 -9999 -9999 -9999 -9999 -9999 -9999 -9999 -9999 -9999 -9999 -9999 -9999 -9999 -9999 -9999 -9999 -9999 -9999 -9999 -9999 -9999 -9999 -9999 -9999
0.001684983 0.001674633 0.001674633 0.001085717 0.001674633 0.001695333 0.001459352 -9999 -9999 -9999 -9999 -9999 0.006039235 0.0060382 0.006049585 0.004054102 0.004631632 0.00598024 0.005970925 0.00598852 0.00599266 0.003957847 0.003940251 0.00598438 0.003610086 0.003812946 0.002206624 0.003357545 0.002165223 0.002650639 -9999 -9999 -9999 -9999 0.003314075 0.003289235 0.002866955 0.002846255 0.002183854 0.003598701 0.002046198 -9999 -9999 -9999 -9999 -9999 -9999 -9999 -9999 -9999 -9999 -9999 -9999 -9999 -9999 -9999 -9999 -9999 -9999 -9999 -9999 -9999 -9999 -9999 -9999 -9999
0.001828848 0.001668423 0.001665318 0.001667388 0.001668423 0.001714998 0.001676703 0.001457282 -9999 -9999 -9999 -9999 0.006016465 0.006026815 0.006595031 0.00598438 0.00596368 0.00594298 0.005940909 0.00597817 0.00595333 0.003851241 0.005972995 0.005920209 0.00590158 0.005900545 0.003343055 0.003702201 0.0033296 0.003345125 -9999 -9999 -9999 0.001971678 0.002009973 0.00286592 0.002898005 0.002070003 0.0032675 0.002039988 -9999 -9999 -9999 -9999 -9999 -9999 -9999 -9999 -9999 -9999 -9999 -9999 -9999 -9999 -9999 -9999 -9999 -9999 -9999 -9999 -9999 -9999 -9999 -9999 -9999 -9999
0.001674633 0.001673598 0.001660143 0.001660143 0.001684983 0.001729488 0.001680843 0.001675668 -9999 -9999 -9999 -9999 -9999 0.006039235 0.006666446 -9999 -9999 -9999 -9999 0.004554007 0.00589744 0.005898475 0.004527098 0.005886055 0.0033089 0.00331097 0.00288455 0.003667011 0.003322355 0.002092773 -9999 -9999 -9999 0.001948908 0.001942698 0.002837975 0.00342482 0.00326957 0.003239555 0.002021358 -9999 -9999 -9999 -9999 -9999 -9999 -9999 -9999 -9999 -9999 -9999 -9999 -9999 -9999 -9999 -9999 -9999 -9999 -9999 -9999 -9999 -9999 -9999 -9999 -9999 -9999
0.001693263 0.001837128 0.001661178 0.001671528 0.001829883 0.001845408 0.001857828 0.001727418 0.001852653 -9999 -9999 -9999 0.004719608 0.006033025 -9999 -9999 -9999 -9999 -9999 -9999 0.004161742 0.005905719 0.005891229 0.003318215 0.003297515 0.00332339 0.003377211 0.00328199 0.002831765 0.002280109 -9999 -9999 -9999 -9999 0.001923033 0.00282866 0.003580071 0.002026533 0.002012043 -9999 -9999 -9999 -9999 -9999 -9999 -9999 -9999 -9999 -9999 -9999 -9999 -9999 -9999 -9999 -9999 -9999 -9999 -9999 -9999 -9999 -9999 -9999 -9999 -9999 -9999 -9999
0.001667388 0.001129187 0.001671528 0.001675668 0.001694298 0.001952013 0.001713963 0.001728453 0.001082612 -9999 -9999 -9999 -9999 0.006053725 -9999 -9999 -9999 -9999 -9999 -9999 0.003564546 0.004810688 0.002404309 0.00331097 0.00327371 0.00284315 0.003280955 0.002279074 0.002264584 0.00324473 0.003583176 -9999 -9999 -9999 0.001909578 0.00282038 0.002790364 0.003208505 -9999 -9999 -9999 -9999 -9999 -9999 -9999 -9999 -9999 -9999 -9999 -9999 -9999 -9999 -9999 -9999 -9999 -9999 -9999 -9999 -9999 -9999 -9999 -9999 -9999 -9999 -9999 -9999
0.001089857 0.001661178 0.001663248 0.001709823 0.001701543 0.002200413 0.003346161 0.001055702 0.001073297 0.001285472 -9999 -9999 -9999 -9999 -9999 -9999 -9999 -9999 -9999 -9999 0.003885396 0.006287635 0.004255927 0.002309089 0.00282866 0.002823485 0.003619401 0.003583176 0.002240779 0.003227135 0.00323024 -9999 -9999 -9999 0.001894053 0.001888878 0.00276035 0.001988238 -9999 -9999 -9999 -9999 -9999 -9999 -9999 -9999 -9999 -9999 -9999 -9999 -9999 -9999 -9999 -9999 -9999 -9999 -9999 -9999 -9999 -9999 -9999 -9999 -9999 -9999 -9999 -9999
0.03761403 0.02372845 0.03289132 0.03593733 0.03360133 0.04465618 0.0742386 0.02431219 0.02152286 0.02316437 -9999 -9999 -9999 -9999 -9999 -9999 -9999 -9999 -9999 -9999 0.006809276 0.006607451 0.005836375 0.005785659 0.00577531 0.004001317 0.003997176 0.003995107 0.005708034 0.005718384 0.0062866 -9999 -9999 -9999 0.001883703 0.001877493 0.001979958 0.002191099 -9999 -9999 -9999 -9999 -9999 -9999 -9999 -9999 -9999 -9999 -9999 -9999 -9999 -9999 -9999 -9999 -9999 -9999 -9999 -9999 -9999 -9999 -9999 -9999 -9999 -9999 -9999 -9999
0.001782273 0.02781774 0.06326448 0.06302746 0.03806219 0.07180842 0.07361036 0.03413332 0.02322544 0.02986187 -9999 -9999 -9999 -9999 -9999 -9999 -9999 -9999 -9999 -9999 0.00619345 0.005828095 0.005005268 0.005750469 0.003611121 0.004957658 0.004937993 0.003969232 0.005710104 0.005693544 0.005686299 0.005675949 -9999 -9999 -9999 0.001905438 0.001964433 -9999 -9999 -9999 -9999 -9999 -9999 -9999 -9999 -9999 -9999 -9999 -9999 -9999 -9999 -9999 -9999 -9999 -9999 -9999 -9999 -9999 -9999 -9999 -9999 -9999 -9999 -9999 -9999 -9999
0.001886808 0.06639225 0.06703085 0.06860095 0.07287136 0.07398917 0.07918487 0.07571555 0.06483871 -9999 -9999 -9999 -9999 0.004380127 0.003949566 0.006188275 -9999 -9999 -9999 -9999 0.005891229 0.003860556 0.005755644 0.005726664 0.005729769 0.005711139 0.006275215 0.004920398 0.005682159 0.005667669 0.005678019 0.005650074 -9999 -9999 -9999 0.001873353 0.002389819 -9999 -9999 -9999 -9999 -9999 -9999 -9999 -9999 -9999 -9999 -9999 -9999 -9999 -9999 -9999 -9999 -9999 -9999 -9999 -9999 -9999 -9999 -9999 -9999 -9999 -9999 -9999 -9999 -9999
0.001868178 0.004699943 0.06686214 0.06728339 0.06951278 0.07659116 0.07524152 0.07781557 0.0745077 -9999 -9999 -9999 -9999 0.00912561 0.007025592 0.006912776 0.006440816 0.006932441 0.006813416 0.006761666 0.006414941 0.006344561 0.00576289 0.005727699 0.0062866 0.005720454 0.004901768 0.003914376 0.005675949 0.005641794 0.004873823 0.005617989 0.005617989 -9999 -9999 -9999 -9999 -9999 -9999 -9999 -9999 -9999 -9999 -9999 -9999 -9999 -9999 -9999 -9999 -9999 -9999 -9999 -9999 -9999 -9999 -9999 -9999 -9999 -9999 -9999 -9999 -9999 -9999 -9999 -9999 -9999
0.002309089 0.002386714 0.03533185 0.06393205 0.06718196 0.07095765 0.07682507 0.07719664 0.07143685 0.07112118 -9999 -9999 -9999 0.005429619 0.01216851 0.007105287 0.005191568 0.005308524 0.00599266 0.005910895 0.006393205 0.006304195 0.005704929 0.005672844 0.005653179 0.005643864 0.005628339 0.005626269 0.004844843 0.005611779 0.004833458 0.006173785 0.005597289 -9999 -9999 -9999 -9999 -9999 -9999 -9999 -9999 -9999 -9999 -9999 -9999 -9999 -9999 -9999 -9999 -9999 -9999 -9999 -9999 -9999 -9999 -9999 -9999 -9999 -9999 -9999 -9999 -9999 -9999 -9999 -9999 -9999
0.002381539 0.002197308 0.002221114 0.03842237 0.06492669 0.07128057 0.06806067 0.08185828 0.08030475 0.08354223 -9999 -9999 -9999 -9999 0.007477887 0.007295727 0.004364602 0.006853781 0.005855005 0.004983533 0.005731839 0.005681124 0.005658354 0.00623692 0.006206905 0.004836563 0.004827248 0.005598324 0.005589009 0.003260255 0.00330476 0.00327578 0.005587974 -9999 -9999 -9999 -9999 -9999 -9999 -9999 -9999 -9999 -9999 -9999 -9999 -9999 -9999 -9999 -9999 -9999 -9999 -9999 -9999 -9999 -9999 -9999 -9999 -9999 -9999 -9999 -9999 -9999 -9999 -9999 -9999 -9999
0.002142454 0.002162118 0.002385679 0.03244627 0.0356082 0.04152944 0.07495586 0.08689771 0.09797947 0.0893341 -9999 -9999 0.004222807 -9999 -9999 0.006365261 0.006855851 0.006285565 0.005817744 0.005727699 0.005685264 0.005655249 0.005645934 0.005620059 0.005607639 0.005592114 0.005592114 0.005589009 0.0032468 0.005602464 0.003280955 -9999 0.005545539 -9999 -9999 -9999 -9999 -9999 -9999 -9999 -9999 -9999 -9999 -9999 -9999 -9999 -9999 -9999 -9999 -9999 -9999 -9999 -9999 -9999 -9999 -9999 -9999 -9999 -9999 -9999 -9999 -9999 -9999 -9999 -9999 -9999
0.002140383 0.002146594 0.002377399 0.03592905 0.0323438 0.03689471 0.03916757 0.05348889 0.101308 0.09378047 -9999 -9999 0.01169862 -9999 -9999 0.003686676 0.00591814 0.005807395 0.004944203 0.005670774 0.003893676 0.005620059 0.005632479 0.006173785 0.005580729 0.005564169 0.005564169 -9999 -9999 -9999 -9999 -9999 -9999 -9999 -9999 -9999 -9999 -9999 -9999 -9999 -9999 -9999 -9999 -9999 -9999 -9999 -9999 -9999 -9999 -9999 -9999 -9999 -9999 -9999 -9999 -9999 -9999 -9999 -9999 -9999 -9999 -9999 -9999 -9999 -9999 -9999
