02_Processed_Data/Guangdong-driving/GDP/jizhongtxt/gd-gdp-10-txt.txt
ncols         755
nrows         605
xllcorner     491130
yllcorner     2101946
cellsize      1000
NODATA_value  -9999
[rows 270 to 299 of 605, columns 408 to 475 of 755]
0.9914606 0.9908628 0.6019218 0.7113212 0.7109924 0.7103347 0.6699391 0.7093483 0.7025136 0.702125 0.6119969 0.7012283 0.9799331 0.9859009 0.9788868 0.978588 0.5795929 0.5792342 0.5784869 0.9767647 0.591581 0.9698103 0.6070052 0.696685 0.9755989 0.6065569 0.9746724 0.9746724 0.9684055 0.9618696 0.961481 0.9546762 0.9543175 0.9541681 0.6920457 0.93468 0.9343513 0.6153705 0.5524468 0.520455 0.4900536 0.2170532 0.2390324 0.2067737 0.1780743 0.2014826 0.1678648 0.196273 0.5157784 0.5275349 0.2029693 0.2053296 0.2052247 0.2050617 0.212352 0.209654 0.2072006 0.186371 0.1911497 0.1881285 0.2072846 0.2047264 0.1996565 0.1772847 0.1467666 0.1590021 0.1194065 0.1093018
0.9906237 0.7109027 0.710544 0.7401981 0.9826232 0.9821748 0.9816966 0.6625962 0.9808895 0.9803217 0.6113095 0.9796342 0.9791858 0.9849744 0.9781694 0.9841374 0.9772429 0.9770935 0.976675 0.9761071 0.9757185 0.9690033 0.9686447 0.6060188 0.6058993 0.6554822 0.973925 0.9736262 0.9735664 0.9671501 0.9606441 0.9541082 0.9534806 0.9467355 0.9403192 0.614922 0.534848 0.5285214 0.5354682 0.5088542 0.5019895 0.2216688 0.2165174 0.1853646 0.1875618 0.1825269 0.467457 0.48085 0.5336822 0.5584207 0.5577034 0.1877098 0.1811643 0.2392497 0.2045376 0.2044794 0.1993979 0.1760566 0.2041766 0.190614 0.2409461 0.1970284 0.23562 0.1917023 0.139092 0.1240688 0.1140455 0.1040339
0.7041576 0.7039185 0.7097071 0.9882922 0.7091989 0.9811586 0.9809194 0.5919186 0.9800825 0.9795444 0.9790065 0.9786179 0.9784385 0.9778109 0.9771532 0.9833005 0.9829418 0.9826728 0.9757185 0.9751804 0.9746125 0.9745528 0.9678674 0.9737158 0.9738055 0.9735066 0.9729686 0.9729387 0.9726099 0.9661936 0.9661638 0.9533011 0.9527931 0.9462872 0.9394524 0.9331258 0.932767 0.6073101 0.6068319 0.5939993 0.9063248 0.8995498 0.5003455 0.4997477 0.4870346 0.8975472 0.4856299 0.5647174 0.4945481 0.4940698 0.6267967 0.2121191 0.2094211 0.2339702 0.2041999 0.1868514 0.1867349 0.1774128 0.1871799 0.2084894 0.2084079 0.2353638 0.2030935 0.1660212 0.138696 0.1176834 0.108801 0.106138
0.7035897 0.7030815 0.7025136 0.7020653 0.6084487 0.6951706 0.9736363 0.9736063 0.9728592 0.9786477 0.9781097 0.9779004 0.5789652 0.9769739 0.9764658 0.9824039 0.9820151 0.9815968 0.9812081 0.9745826 0.9740147 0.9738353 0.9735962 0.9727892 0.9726696 0.9729088 0.9723408 0.9783387 0.9781295 0.9652969 0.9651474 0.9526436 0.9455698 0.9517769 0.9450616 0.6195748 0.9256932 0.5465671 0.9185296 0.9182009 0.9118145 0.911396 0.9107384 0.9099911 0.9034254 0.8965906 0.6470618 0.6398982 0.8823532 0.48049 0.5434659 0.2019212 0.1735566 0.1709634 0.2021948 0.1865486 0.1716534 0.206051 0.1671101 0.1749618 0.2005935 0.2005236 0.1880586 0.1508582 0.1211029 0.1134865 0.1059167 0.09951094
0.7028424 0.7020354 0.9809493 0.6951408 0.694812 0.9736363 0.5746113 0.5739836 0.5709361 0.5766649 0.9649185 0.6018742 0.9704081 0.9759278 0.9755392 0.9817761 0.9812978 0.9807897 0.9805804 0.9801022 0.979594 0.9729088 0.97255 0.9718625 0.9717132 0.9715637 0.7222441 0.9711154 0.9645197 0.9580735 0.9580436 0.9578344 0.9512089 0.9443442 0.9377486 0.6123515 0.546059 0.539314 0.5353174 0.544983 0.9233917 0.9167063 0.9099314 0.902977 0.5013828 0.6341097 0.4840157 0.4937709 0.4584925 0.4924645 0.1611032 0.1850792 0.1800094 0.1336383 0.1648581 0.1672649 0.1491303 0.1719737 0.1329745 0.1831052 0.2101659 0.1754539 0.1382069 0.1258001 0.1010099 0.1007187 0.1006954 0.1004974
0.5960048 0.9740549 0.9740549 0.9736363 0.7175716 0.577741 0.577472 0.5605234 0.5797946 0.5631151 0.5626965 0.5883542 0.9694815 0.9690033 0.9748816 0.974463 0.9807 0.9799528 0.9795343 0.979325 0.9783685 0.9783984 0.9778006 0.9710256 0.9707268 0.9704278 0.9704278 0.970129 0.9698301 0.9632643 0.9568779 0.9504915 0.9438959 0.9434475 0.9368221 0.6810263 0.5811131 0.5347794 0.604082 0.5377297 0.9098417 0.524419 0.5117657 0.5082101 0.4688829 0.462377 0.4715343 0.4775919 0.5178008 0.3903033 0.1460684 0.1847997 0.1698115 0.1647765 0.1522533 0.1496019 0.1169851 0.1592175 0.1714263 0.1884604 0.1494495 0.1443564 0.1732741 0.1583091 0.09831189 0.09553239 0.0953577 0.09774122
0.6252404 0.5885423 0.6879175 0.5678961 0.9661739 0.5705177 0.5602244 0.5472424 0.5464952 0.5497444 0.5617998 0.5514767 0.593276 0.5892196 0.6949214 0.9737457 0.9795044 0.9791756 0.9789066 0.9780697 0.9778006 0.9772028 0.9769039 0.6017744 0.9699197 0.969292 0.9695311 0.9694116 0.969023 0.9621882 0.9558018 0.9492062 0.9428199 0.9361047 0.6867252 0.5405979 0.540299 0.5339126 0.533554 0.9153314 0.5076197 0.4943687 0.4852338 0.449664 0.4237298 0.4107777 0.3974071 0.4035842 0.403106 0.4022691 0.1333937 0.1672066 0.1573465 0.149765 0.1421369 0.1419622 0.1418341 0.1466128 0.1146157 0.1708789 0.1756693 0.1366701 0.120276 0.1530529 0.09682169 0.09279948 0.09650723 0.09639078
0.5684043 0.5715937 0.9597576 0.9594288 0.9526539 0.9459088 0.5568482 0.5498042 0.5430292 0.5489972 0.5549053 0.580533 0.9611821 0.9607936 0.9729387 0.6540474 0.9789364 0.9784284 0.9778903 0.9776812 0.9770533 0.9766648 0.9760969 0.6069353 0.6004592 0.968754 0.6497133 0.5636415 0.9618296 0.9550247 0.9547257 0.9421324 0.9352378 0.5462072 0.5463267 0.545968 0.539462 0.5329262 0.52648 0.6589976 0.6462249 0.5081428 0.4428292 0.4108375 0.3850228 0.3656544 0.3651762 0.3647876 0.3578931 0.3511181 0.4475952 0.1522184 0.1470553 0.1420437 0.1393923 0.1367409 0.1391012 0.1388217 0.1510537 0.1705528 0.1752616 0.1769091 0.1175082 0.1099733 0.09898393 0.08995011 0.08982199 0.08969389
0.5877054 0.580781 0.6801262 0.5736473 0.9519065 0.9514282 0.5561009 0.5593801 0.6756963 0.5319887 0.5543672 0.6993289 0.5916917 0.9598969 0.9724305 0.6031195 0.6926199 0.9776512 0.9768741 0.9765453 0.9761567 0.9758577 0.97526 0.9686643 0.9683654 0.9679469 0.6484878 0.5823747 0.9543372 0.9476818 0.9475025 0.9410562 0.9408769 0.5518163 0.5515772 0.6910492 0.9336537 0.5547966 0.5417249 0.5288026 0.5029283 0.5770268 0.4290701 0.3843952 0.3334534 0.333304 0.3075791 0.3070112 0.3227343 0.2996982 0.2926841 0.2962621 0.3700916 0.3631672 0.1365779 0.1364148 0.1362402 0.136112 0.1409257 0.1579131 0.165087 0.1649007 0.1171355 0.1392778 0.09864619 0.09213565 0.08957743 0.08940273
0.580781 0.5736175 0.9522951 0.9390441 0.9385957 0.944474 0.9375197 0.937161 0.687393 0.5577958 0.6232514 0.5852455 0.6745666 0.7102485 0.596464 0.5961651 0.9644002 0.9706072 0.6012363 0.9694414 0.9755289 0.974961 0.9746621 0.9679171 0.9610823 0.9607534 0.9605442 0.9598269 0.9533807 0.9467851 0.9401895 0.9400401 0.5577544 0.5675096 0.5670912 0.6965389 0.6898835 0.9387846 0.553571 0.5052285 0.4668204 0.4668802 0.4220858 0.3773512 0.3140552 0.300834 0.2877025 0.274601 0.2741825 0.267288 0.2603336 0.2601244 0.2533195 0.3560933 0.1362402 0.1335888 0.1334141 0.1333093 0.135553 0.1502501 0.159924 0.1696328 0.1538468 0.1241463 0.1352376 0.1213086 0.1103658 0.09890189
0.6032417 0.5729001 0.9448626 0.5597387 0.5429096 0.5422521 0.5481005 0.6871539 0.9424415 0.6691367 0.9474529 0.9594784 0.9590599 0.9587013 0.6855758 0.9640115 0.5588095 0.5583909 0.684171 0.9623377 0.5931761 0.9677974 0.967678 0.9669905 0.9539188 0.9536796 0.953321 0.9466655 0.9461275 0.9395319 0.9392629 0.9391434 0.9392329 0.6899433 0.6897638 0.6892558 0.6889569 0.925414 0.5464374 0.5233714 0.4786667 0.4404977 0.3895561 0.3513572 0.3128297 0.3064731 0.2930129 0.2800607 0.2734352 0.2537978 0.2596163 0.2529011 0.2523929 0.2520642 0.1407976 0.1406928 0.1404715 0.1378317 0.137855 0.1523192 0.1670396 0.1791086 0.1789339 0.1409591 0.1571086 0.1446086 0.1247718 0.1059011
0.589871 0.5434178 0.9316115 0.5425808 0.5420129 0.9299078 0.5575866 0.9360551 0.9415447 0.5913928 0.9593588 0.9653566 0.9649381 0.9581034 0.5751303 0.5819277 0.9501626 0.5812702 0.6705015 0.955234 0.6758716 0.5758688 0.9540681 0.9536498 0.9533508 0.9402493 0.5610335 0.5707887 0.9389939 0.9386948 0.6530359 0.5370708 0.5366225 0.5431284 0.5493355 0.6821221 0.6820025 0.9309037 0.54572 0.5161182 0.4778895 0.4394815 0.3951952 0.3670505 0.3121422 0.3155707 0.3177514 0.30459 0.2854308 0.2593173 0.2589288 0.2585402 0.2580321 0.3671624 0.1404715 0.1502501 0.1475988 0.1450405 0.1424357 0.1569465 0.1568068 0.1739689 0.1908982 0.2123708 0.1530048 0.1664913 0.1451788 0.1203536
0.5394512 0.5325865 0.6453546 0.5454116 0.5448138 0.5405483 0.6436211 0.5566301 0.9473333 0.9532115 0.958761 0.9646094 0.9641013 0.9574757 0.561969 0.9501626 0.5746745 0.5444524 0.6633977 0.9483395 0.6289998 0.5687949 0.6617836 0.6613054 0.591166 0.5408357 0.6600201 0.5638045 0.932189 0.9315912 0.5236703 0.5802898 0.5104791 0.516985 0.5357855 0.5356959 0.9303059 0.67457 0.5382576 0.9101902 0.483439 0.4678279 0.3943284 0.3686931 0.3305541 0.323809 0.3169444 0.322733 0.3035439 0.2776097 0.2706853 0.2766532 0.2760554 0.2821728 0.1500871 0.1499939 0.1473309 0.1496678 0.1494 0.1492369 0.1638409 0.1445271 0.2194747 0.2267185 0.2290787 0.1622012 0.1775563 0.1420615
0.5257518 0.5253931 0.6321037 0.5254753 0.5150924 0.5208212 0.5333548 0.9216981 0.5517369 0.9523149 0.9518664 0.9576849 0.9573262 0.9567882 0.5550147 0.5743457 0.5442133 0.5573373 0.9291802 0.9287319 0.5794991 0.6785155 0.5784529 0.5284515 0.5379376 0.5537504 0.5433078 0.6127299 0.9183999 0.5803495 0.5073718 0.4780988 0.4877045 0.4777998 0.509403 0.5219367 0.6376327 0.6734939 0.5374207 0.5209503 0.896431 0.8707659 0.4605149 0.4122322 0.3800611 0.3610214 0.3513484 0.3619031 0.3531704 0.3082564 0.3014814 0.3137461 0.3132977 0.352707 0.1490914 0.1465099 0.1346529 0.1542485 0.1251678 0.1588525 0.1320854 0.2020447 0.2215904 0.183339 0.2336827 0.1780711 0.1616072 0.1628034
0.5158994 0.5789351 0.6356742 0.4870673 0.4635529 0.4633437 0.4758474 0.5237117 0.6353515 0.9388844 0.95091 0.9507008 0.9503122 0.5810609 0.5680789 0.5313807 0.5308427 0.650057 0.9284927 0.9154809 0.5332774 0.5466106 0.5036457 0.4869362 0.5089859 0.5211011 0.656726 0.5927038 0.9049695 0.8792147 0.4713238 0.4329456 0.4009239 0.3880316 0.438794 0.4766042 0.5144742 0.5304664 0.5303767 0.5261112 0.5257824 0.9077691 0.5190971 0.5122026 0.5027089 0.4964719 0.4707471 0.4349979 0.4028866 0.3961415 0.4336316 0.4904603 0.4202311 0.1612186 0.1733109 0.1756479 0.1780547 0.2000805 0.1758749 0.1732236 0.1440729 0.2024198 0.2145354 0.1816071 0.2333916 0.2059815 0.1915313 0.2228443
0.4927737 0.4994216 0.4802923 0.4608342 0.4252046 0.4309932 0.4560904 0.487305 0.564674 0.9381672 0.9375693 0.9373301 0.9433578 0.5640824 0.5609452 0.6439695 0.5475148 0.9158695 0.9148829 0.9144346 0.8697299 0.4778012 0.465118 0.4844192 0.4956452 0.4875625 0.5100008 0.8981647 0.5191582 0.4897656 0.5672927 0.4131288 0.3748404 0.3680654 0.4187979 0.4692613 0.5170658 0.5294202 0.6652244 0.6648358 0.5710102 0.541087 0.9191071 0.9189876 0.9185094 0.9121528 0.8865474 0.4784173 0.4529614 0.4206409 0.4387838 0.4294097 0.497092 0.4840502 0.1729965 0.1593756 0.1709415 0.1566311 0.1829207 0.1340613 0.1899897 0.2094889 0.2011562 0.2332052 0.2163949 0.1889731 0.1979924 0.1695463
0.495724 0.4927662 0.4923178 0.4629252 0.4246068 0.4241585 0.4425405 0.4675182 0.5176229 0.9311829 0.5683777 0.5682881 0.9364334 0.9355666 0.9289111 0.9222856 0.9154509 0.6296723 0.6161523 0.5694898 0.4903049 0.4327377 0.4098511 0.4159385 0.4340815 0.4654754 0.4900944 0.4959727 0.5019705 0.4988034 0.4567874 0.5645366 0.3864774 0.3898162 0.4177517 0.4720323 0.6093073 0.6282274 0.6704749 0.9190473 0.6398942 0.6060643 0.6121219 0.930774 0.9239093 0.9238794 0.9109273 0.8978556 0.8972577 0.6158567 0.4479412 0.4538493 0.4156805 0.4956872 0.172682 0.1589797 0.1588515 0.1537118 0.1849548 0.1964741 0.1896171 0.1664791 0.2139647 0.2279025 0.2037319 0.2034407 0.1594765 0.1801664
0.517684 0.5076001 0.4945881 0.4712233 0.446537 0.4295883 0.4481796 0.4795138 0.5206031 0.5419728 0.9364634 0.5673615 0.9354172 0.9347895 0.9218672 0.5400823 0.5333073 0.4901032 0.5965747 0.4548846 0.4354564 0.4320204 0.3999987 0.3897653 0.4244085 0.4780016 0.628819 0.495046 0.564498 0.4917295 0.4657057 0.4339232 0.4145547 0.4016624 0.442281 0.4899361 0.6210041 0.9185691 0.6755162 0.9244174 0.5454707 0.5353569 0.541265 0.6506045 0.5570778 0.9353669 0.9286518 0.9219963 0.9154903 0.8769329 0.851208 0.8315107 0.4399407 0.5075931 0.1770997 0.1950247 0.1947568 0.1896753 0.1846055 0.1869307 0.2083917 0.208825 0.2160571 0.2184057 0.173717 0.1859175 0.1832545 0.1855448
0.5300683 0.5765738 0.5637113 0.5061653 0.4673986 0.4768847 0.479185 0.507651 0.5326884 0.5474625 0.5471337 0.935447 0.9348193 0.5654485 0.6720993 0.5228049 0.4935617 0.4638702 0.4706376 0.4446437 0.4253948 0.4248867 0.2544037 0.3760958 0.4262604 0.6097794 0.5578725 0.6037878 0.5073331 0.4871352 0.6010616 0.4456498 0.4137776 0.3909806 0.4791945 0.5041124 0.632372 0.9300865 0.9299968 0.9297577 0.9292197 0.5504523 0.6498274 0.53992 0.5557925 0.9281137 0.9275159 0.92098 0.9143245 0.6032695 0.4906433 0.8370602 0.8175423 0.5064871 0.1651495 0.164905 0.1919423 0.1646604 0.1842794 0.1915813 0.159954 0.1696511 0.3244513 0.2204981 0.2030331 0.1453612 0.1490573 0.1453233
0.9462572 0.6266188 0.6135769 0.6767322 0.6063836 0.5459992 0.5817708 0.5575166 0.5573074 0.5720815 0.5653663 0.947084 0.5517267 0.5512186 0.5415156 0.5247464 0.3131799 0.3127463 0.3005888 0.4278744 0.2521096 0.2397825 0.2394997 0.243169 0.43175 0.4818548 0.6033095 0.4931928 0.5030078 0.4897866 0.4832807 0.4663022 0.4595272 0.465525 0.5032157 0.5410259 0.9355762 0.5530514 0.6921348 0.6919256 0.6853897 0.5557925 0.5557029 0.6483328 0.6842838 0.9204121 0.9139659 0.9073404 0.8880318 0.4510172 0.551162 0.5190806 0.5060986 0.492728 0.1506528 0.1504082 0.1760865 0.1551869 0.1962203 0.1583619 0.165594 0.1753144 0.1829279 0.5670202 0.3137728 0.3687914 0.1634516 0.1559749
0.9578344 0.6321683 0.944434 0.6189471 0.6057558 0.6068978 0.5664424 0.5820161 0.6115506 0.9600062 0.5709457 0.5640213 0.5869303 0.5504414 0.5434273 0.5398418 0.5817498 0.3281961 0.3200282 0.2900845 0.2595989 0.2574509 0.2467816 0.2484395 0.5956018 0.620131 0.5325722 0.5021409 0.4892486 0.4728082 0.4884714 0.477969 0.4775505 0.4962912 0.5247872 0.5398901 0.5422202 0.691537 0.6911783 0.6908495 0.9396908 0.6902218 0.9329756 0.6770006 0.9260513 0.9194257 0.9066529 0.8936111 0.5953586 0.5444468 0.5248393 0.4531094 0.4398285 0.2573534 0.1399686 0.1501054 0.196197 0.2034291 0.1926896 0.170361 0.2129049 0.3048847 0.3172821 0.393725 0.3808912 0.368117 0.2143334 0.1679973
0.7141838 0.7140642 0.7134365 0.5574943 0.6366715 0.6361634 0.6417427 0.5914125 0.9658546 0.9651672 0.5662617 0.7091025 0.5690027 0.3632934 0.3548617 0.4094934 0.4051834 0.5806189 0.3336693 0.3322705 0.2973664 0.2848885 0.3431518 0.3659172 0.3119302 0.3784179 0.3088633 0.4913994 0.4945888 0.4780587 0.4900842 0.5126122 0.508257 0.5203124 0.642365 0.6719593 0.9334241 0.6902218 0.6601791 0.6897137 0.5599072 0.682849 0.9315708 0.9313316 0.9186187 0.9184991 0.9052481 0.4975962 0.465754 0.5180942 0.4858932 0.4664351 0.231056 0.3034591 0.2387192 0.1497211 0.1801897 0.2129399 0.173964 0.5710204 0.5793184 0.5831996 0.4020626 0.4015667 0.33997 0.2215889 0.1713237 0.2238443
0.6499823 0.6495041 0.563223 0.5629241 0.6422509 0.5819562 0.5812389 0.7103578 0.6163827 0.9647487 0.7212475 0.7207394 0.5644384 0.6015286 0.5972939 0.5888244 0.5844955 0.5801288 0.5878254 0.3956772 0.3246344 0.3202112 0.3574046 0.3824453 0.3192687 0.3167107 0.3122498 0.3144119 0.3078078 0.5360891 0.5119545 0.5241594 0.5264597 0.6716903 0.683925 0.9326767 0.9385849 0.6894447 0.938017 0.6588041 0.9374192 0.9370306 0.9303752 0.9303752 0.9176921 0.9172736 0.618782 0.6063081 0.464648 0.3883998 0.3624656 0.24155 0.2343818 0.2472304 0.2554094 0.2762039 0.1953235 0.1662777 0.310352 0.4060827 0.4101424 0.5951208 0.5990615 0.4052892 0.3479903 0.3236162 0.2260764 0.3321453
0.5693703 0.7183284 0.9606937 0.5821954 0.5816274 0.587685 0.5870274 0.715997 0.7152497 0.7210382 0.7202911 0.7198725 0.6432271 0.6011327 0.4207273 0.5964833 0.5920036 0.5876181 0.4302044 0.3522416 0.3439418 0.3292829 0.3273046 0.569699 0.5695671 0.5653512 0.3850212 0.3807677 0.307148 0.5541424 0.5601103 0.5258619 0.5154192 0.6772397 0.9322582 0.9379572 0.9374789 0.9373295 0.6580569 0.6874719 0.6873523 0.9295382 0.9293589 0.9291497 0.9224644 0.6370444 0.6304488 0.5986364 0.573061 0.30616 0.247037 0.2467395 0.3234403 0.3229642 0.2757674 0.288145 0.355799 0.3723354 0.5742669 0.4181824 0.4178849 0.6028832 0.6026055 0.5982681 0.3779456 0.3776679 0.3309422 0.5887403
0.6483384 0.7175512 0.717073 0.72331 0.5935633 0.6028103 0.7221741 0.7215464 0.7207991 0.7200817 0.5700476 0.7190953 0.9677275 0.6085089 0.604293 0.6038029 0.6035578 0.3980553 0.3977537 0.594391 0.4181261 0.3510918 0.5855446 0.4051581 0.5729724 0.3888978 0.3280153 0.3842672 0.3209964 0.3224281 0.5592434 0.5648527 0.5506527 0.9189475 0.9310926 0.9306443 0.936373 0.9360143 0.6866947 0.9353567 0.9351175 0.9348485 0.9345198 0.93446 0.9278345 0.6422053 0.6358488 0.5169857 0.5910245 0.2844076 0.330439 0.3692873 0.558147 0.5662069 0.5741875 0.3974078 0.5907438 0.413726 0.4178056 0.4217463 0.4215677 0.4169129 0.5975937 0.3860253 0.5889981 0.341694 0.3387641 0.3560295
0.7174317 0.7168339 0.7163556 0.7160866 0.7222937 0.7216361 0.7210382 0.7208589 0.7202911 0.7193046 0.9679069 0.5687922 0.3569334 0.3629533 0.4466531 0.3520202 0.6029547 0.6026154 0.6023138 0.3528063 0.3924069 0.432196 0.4317812 0.3795519 0.5722938 0.3922843 0.3354668 0.3835133 0.3831363 0.3257581 0.5246662 0.633408 0.6329596 0.5293189 0.5353765 0.9296877 0.6565025 0.6858279 0.6854692 0.9343404 0.9341611 0.5653881 0.6909887 0.9400095 0.5446522 0.932816 0.9266089 0.9075694 0.6281772 0.4837684 0.5575681 0.3686129 0.5786043 0.5867634 0.5949026 0.6030023 0.349006 0.3531451 0.6064867 0.610606 0.3547857 0.3436569 0.3433396 0.3852913 0.3609372 0.3385261 0.3424866 0.6043047
0.7163556 0.965197 0.7157279 0.7153693 0.7212475 0.7207094 0.7202312 0.7199622 0.5699579 0.6089424 0.6083015 0.6079623 0.6075476 0.3686715 0.3643426 0.6028982 0.6025023 0.4261243 0.3693822 0.5973817 0.5930339 0.5886106 0.4123834 0.5839424 0.4227086 0.4184551 0.3700646 0.311495 0.315725 0.3130728 0.3941251 0.6264238 0.6321227 0.5744272 0.540657 0.5465353 0.9346692 0.9340416 0.9337128 0.9334437 0.9333242 0.6143433 0.540835 0.9388736 0.6895241 0.9318894 0.9318595 0.9317101 0.6459912 0.6141489 0.6010773 0.5944218 0.578029 0.4219248 0.6111416 0.4299054 0.614745 0.6146061 0.6186262 0.429092 0.3518756 0.3449454 0.3429032 0.3425461 0.600245 0.3685805 0.3418518 0.3457132
0.9646589 0.9644199 0.9640014 0.9635829 0.7202312 0.7198725 0.9685645 0.7190057 0.5690911 0.3571973 0.607868 0.356236 0.6071894 0.6069255 0.6067747 0.3675217 0.6019557 0.3691749 0.3686471 0.596967 0.5964957 0.5920914 0.5917898 0.5873854 0.5792742 0.575096 0.3947472 0.3171756 0.3090266 0.3086119 0.3203735 0.3280136 0.5767106 0.40436 0.3412777 0.3387574 0.5835213 0.933354 0.9328758 0.6533939 0.5437555 0.5597177 0.5396394 0.5494245 0.6887469 0.9374987 0.6580467 0.6516304 0.651182 0.6385587 0.6320527 0.5382569 0.6069628 0.6067247 0.6189237 0.6187254 0.618408 0.61817 0.6180112 0.6136738 0.4283185 0.4237033 0.4191477 0.3354176 0.3591966 0.3457925 0.3454157 0.4179377
0.9511987 0.5522932 0.9568677 0.5640199 0.9623275 0.9619987 0.7187666 0.9670401 0.5681645 0.6079246 0.6074156 0.3557082 0.3553124 0.6065108 0.6062469 0.3692692 0.368911 0.6010509 0.4206267 0.4204005 0.5959679 0.4345457 0.5912055 0.5869707 0.3399269 0.4025946 0.5701638 0.3209202 0.3124507 0.5611666 0.31994 0.5764656 0.3564408 0.3370429 0.3634211 0.3421627 0.5868889 0.5867004 0.5863045 0.3410506 0.9310824 0.9375584 0.9373192 0.9371101 0.9366319 0.9365124 0.9360937 0.6868638 0.9360041 0.5606056 0.9289601 0.5237281 0.6147648 0.614507 0.6184675 0.6182493 0.6179518 0.6177335 0.6173963 0.3660523 0.6128209 0.6083644 0.6078883 0.6035112 0.3452569 0.3408798 0.340741 0.6067775
0.9315613 0.5325064 -9999 0.9426303 0.9615504 0.5561689 0.9541477 0.7108259 0.560971 0.3560287 0.6069443 0.6067182 0.3548788 0.6060396 0.6056438 0.6011451 0.368289 0.3703003 0.4201743 0.5956852 0.4196088 0.3901072 0.5907154 0.5863676 0.4062449 0.3579299 0.3286356 0.3244386 0.3240805 0.3276555 0.5763713 0.3412965 0.3449092 0.5832763 0.5869266 0.3416727 0.5864742 0.5862858 0.4285704 0.4285704 0.369327 0.9363628 0.5475115 0.936064 0.935765 0.9357352 0.5629057 0.6859074 0.9349878 0.6855487 0.5455985 0.934121 0.6226065 0.360233 0.3641142 0.6217337 0.6215553 0.6214957 0.6169797 0.3651795 0.431188 0.4269497 0.6117496 0.3491381 0.6068965 0.6025194 0.6065196 0.6019045
