02_Processed_Data/Guangdong-driving/GDP/jizhongtxt/gd-gdp-95-txt.txt
ncols         755
nrows         605
xllcorner     491130
yllcorner     2101946
cellsize      1000
NODATA_value  -9999
[rows 390 to 419 of 605, columns 272 to 339 of 755]
0.01524502 0.009253277 0.01300246 0.009719152 0.01294552 0.008223434 -9999 -9999 0.01050754 0.00976461 0.009729068 0.009687256 0.01731385 0.009601541 0.009547184 0.009520007 0.01375423 0.0136641 0.01360304 0.01644087 0.0134664 0.01339081 0.01333266 0.01324544 0.0131902 0.01313496 0.01987575 0.0130303 0.01291691 0.0235345 0.01377273 0.009437142 0.008013995 0.007976363 0.007932461 0.008579224 0.008539503 0.01793192 0.01789638 0.0178483 0.009094279 0.008368072 0.01010881 0.01008999 0.01048859 0.01091018 0.01851587 0.02058369 0.02055024 0.01518736 0.01559432 0.009989546 0.01039023 0.01079301 0.01077002 0.01071566 0.02115719 0.02112374 0.01089692 0.01530163 0.008820219 0.007018859 0.008406462 0.00836465 0.007634262 0.009381267 0.009809133 0.01046426
0.01681346 0.00919471 0.009157293 0.00964757 0.008548253 -9999 -9999 -9999 0.0104281 0.01040301 0.009666351 0.009620356 0.009584816 0.01719887 0.009492828 0.00946147 0.01463911 0.01356816 0.01448793 0.01245359 0.0143193 0.01329777 0.01325126 0.01317857 0.01311171 0.01305647 0.01300413 0.02359264 0.01381924 0.02344728 0.01369132 0.009378604 0.01004836 0.007922008 0.00785929 0.008512326 0.008468421 0.008432881 0.008393159 0.008355528 0.008326259 0.008303262 0.008267722 0.01000218 0.01041332 0.01082028 0.01192209 0.01884966 0.01603264 0.01556087 0.01039232 0.01035887 0.01032333 0.01073865 0.01070521 0.01065921 0.01623054 0.01619082 0.02058925 0.01036662 0.01057924 0.008345835 0.008318656 0.007586178 0.007575724 0.009312277 0.009729689 0.01039109
0.01296504 0.008788547 0.008772279 0.01666217 0.009226766 -9999 -9999 0.009021677 0.01455537 0.01938795 0.0144592 0.00953046 0.009520007 0.009476103 0.009436381 0.009388297 0.009321397 0.009287947 0.009237772 0.008476024 0.009131151 0.009080975 0.009034982 0.008984806 0.008947175 0.01296052 0.01290819 0.01280934 0.01372039 0.01269596 0.01262618 0.008623128 0.007880196 0.007844656 0.007794481 0.00776103 0.008409885 0.008368072 0.008313715 0.008284446 0.008238452 0.009977095 0.009970823 0.009924829 0.01033388 0.01188655 0.01275065 0.01967612 0.01685701 0.02124918 0.01077002 0.01073447 0.01070311 0.01067385 0.01109126 0.01060695 0.01616364 0.01611973 0.01563333 0.02049099 0.01469397 0.009335273 0.007533912 0.007506734 0.007508824 0.009251648 0.009218198 0.009635611
0.009311363 0.0087251 0.008710458 0.009027143 0.008453894 -9999 -9999 -9999 -9999 0.009559728 0.009513735 0.009471922 0.009448925 0.009400841 0.009342303 0.009306762 0.009267041 0.01169217 0.01093669 0.01576508 0.009062159 0.009039163 0.008976444 0.008919996 0.008878184 0.008846825 0.01376982 0.01561809 0.01947744 0.01260583 0.008612674 0.008572952 0.009228079 0.00846424 0.013278 0.007685767 0.007631411 0.008288627 0.008947934 0.008217547 0.008175734 0.008136012 0.01058205 0.009837023 0.01026071 0.01180502 0.01354575 0.01647975 0.01899216 0.0233906 0.01760403 0.01155467 0.01108917 0.01059231 0.01056095 0.010108 0.01565633 0.01605283 0.01557897 0.01065859 0.009750595 0.009270463 0.007471194 0.007439834 0.007425199 0.007410565 0.009155479 0.0091283
0.006780995 0.007292421 0.007279407 0.008612845 -9999 -9999 -9999 -9999 0.01021067 0.009474013 0.009448925 0.009421747 0.009356937 0.01698354 0.01694591 0.01868037 0.01908314 0.02112797 0.0120155 0.01615114 0.009005712 0.008976444 0.008911634 0.008861459 0.008817556 0.008756928 0.009412054 0.01265235 0.01355467 0.01252733 0.008552046 0.008514415 0.01333654 0.013278 0.008353437 0.007616777 0.008259359 0.008221728 0.008169462 0.008146466 0.01056741 0.01052351 0.01094092 0.01088238 0.01130398 0.01768139 0.01347049 0.01937613 0.02068899 0.02155309 0.01601469 0.01282154 0.01146477 -9999 0.009621595 0.00913101 0.009103832 0.01466261 0.02041155 0.01548281 0.009938134 0.009906773 0.007423108 0.007381296 0.00736039 0.007347846 0.007318578 0.007287217
0.007271272 0.007253376 0.007212705 0.007183422 -9999 -9999 0.009513735 0.009471922 0.009451015 0.009398749 0.009369481 0.00932976 0.01696263 0.009252407 0.0168811 0.01164408 0.02109243 0.01616368 0.01612187 0.01607379 0.01559366 0.008892819 0.008842644 0.008794559 0.008746475 0.01357905 0.008650307 0.0125535 0.01247791 0.01244302 0.008485146 0.008437062 0.008386887 0.008332531 0.008280265 0.01311702 0.008205003 0.008152737 0.008100471 0.008763961 0.008014756 0.01044197 0.01015618 0.01011018 0.01123081 0.01671485 0.01758522 0.01932177 0.02062627 0.02636058 0.01804069 0.01230796 0.01138324 -9999 -9999 0.008638334 0.008602793 0.0145999 0.01458526 0.01452045 0.009871233 0.007379206 0.007356209 0.007331122 0.007274675 0.007255857 0.007237043 0.007209865
0.007215959 0.01316052 0.0066118 0.00658089 -9999 -9999 0.01920397 0.01010614 0.01601387 0.01108931 0.009290038 0.009254497 0.009221046 0.009181325 0.009143693 0.008392398 0.01012895 0.01053591 0.01604661 0.01600061 0.0183166 0.008825919 0.01365849 0.009407872 0.008671213 0.008629399 0.01346406 0.008518596 0.01239359 0.01232091 0.008395249 0.008359709 0.00833044 0.008284446 0.008234271 0.008188277 0.008146466 0.008083746 0.008044025 0.008000121 0.007248827 0.007916497 0.009648867 0.01073604 0.01070677 0.01619918 0.01314026 0.01279018 0.0145351 0.0153971 0.01316787 0.01179438 0.01042924 -9999 -9999 -9999 0.01411558 0.009641883 0.009608433 0.009136664 0.01397133 0.007289309 0.007255857 0.007243315 0.0072245 0.007186867 0.007165962 0.007115786
0.006624816 0.007141123 0.007102077 0.007066288 0.01083337 -9999 -9999 0.01598669 0.02082345 0.01102868 0.009227319 0.009202232 0.01404317 0.009101882 0.009062159 0.009037073 -9999 -9999 0.01041047 0.009909436 0.01369194 0.01364595 0.008708843 0.008646125 0.008606404 0.008560409 0.008497691 0.008451696 0.008414065 0.008361801 0.008328349 0.008288627 0.008261451 0.008205003 0.01305639 0.008117196 0.008071203 0.008012665 0.007970853 0.007933222 0.007883047 0.009611236 0.009567332 0.01022664 0.01481105 0.01523891 0.01007664 0.01137905 -9999 -9999 -9999 -9999 -9999 -9999 -9999 -9999 -9999 0.01399851 0.009099033 0.007303942 0.007257949 0.007201503 0.007188959 0.00715969 0.007130421 0.007105334 0.007067702 0.00705725
0.008804706 0.007082556 0.007056526 0.007001212 0.006991451 -9999 -9999 0.01079515 0.01633094 0.01907687 0.02069383 0.01400972 0.01397209 0.01391355 0.008289959 0.008250236 0.01554975 -9999 -9999 0.009857169 0.01361877 0.008690028 0.008637762 0.008587588 0.008541594 0.008476784 0.008418246 0.008380615 0.008340894 0.008290718 0.008248906 0.01308775 0.008167372 0.008138102 0.008090017 0.008025208 0.01288078 0.007954127 0.007899771 0.007870503 0.007814056 0.00776179 0.01019946 0.01434764 0.01917604 0.009141464 -9999 -9999 -9999 -9999 -9999 -9999 -9999 -9999 -9999 -9999 -9999 0.009737433 0.01388352 0.00722659 0.007184777 0.007151327 0.007126241 0.007094881 0.007069792 0.007044706 0.007030071 0.007004983
0.008736457 0.008699407 0.006993078 0.006952407 0.006921496 0.007447565 -9999 -9999 0.01626612 0.01204477 0.01574418 0.01013522 0.01147265 0.01143084 0.008231421 -9999 0.008145706 0.008101802 -9999 -9999 -9999 0.01348288 0.008554137 0.008526959 0.008468421 0.008411976 0.008351346 0.008317897 0.008265631 0.01001264 0.0197196 0.0148034 0.01298531 0.008069112 0.008018937 0.0086657 0.00792904 0.01275743 0.007830781 0.007797331 0.007745065 0.008393919 0.012563 0.01915513 0.008648788 -9999 -9999 -9999 -9999 -9999 -9999 -9999 -9999 -9999 -9999 -9999 -9999 -9999 -9999 0.008919238 0.00888788 0.008843976 0.008820979 0.00702798 0.007007075 0.006984078 0.006963171 0.00692345
0.008668208 0.008635057 0.006921496 0.006906854 0.01446541 0.007668673 -9999 -9999 0.01061954 0.01057354 0.01052964 0.01049828 0.01001606 0.009967973 -9999 -9999 -9999 -9999 -9999 -9999 0.01034086 0.008520687 0.008487238 0.008451696 0.008395249 0.008349256 0.008294899 0.01312329 0.008209185 0.009933192 0.009870473 0.009841204 0.008732601 0.01287451 0.01282851 0.007901862 0.007855868 0.007807784 0.00776179 0.007713706 0.007667712 0.009393811 0.007604993 0.009333183 -9999 -9999 -9999 -9999 -9999 -9999 -9999 -9999 -9999 -9999 -9999 -9999 -9999 -9999 -9999 0.008833523 0.009255118 0.009219577 0.009196579 0.009175673 0.008708086 0.006898361 0.006879546 0.006850277
0.008582408 0.008551207 0.008518058 0.006835272 0.008188235 0.008503291 0.007936551 -9999 -9999 -9999 -9999 -9999 -9999 -9999 -9999 -9999 -9999 0.01353515 0.01348915 0.01341807 0.01026978 0.008451696 0.008409885 0.00836389 0.008324168 0.008271903 0.008238452 0.008179915 0.008152737 0.00986002 0.009828661 0.009778486 0.007979216 0.007908134 0.007872594 0.008540263 0.008496359 0.007747155 0.008410644 0.007657259 0.009387539 0.01422639 0.009316457 0.009942315 -9999 -9999 -9999 -9999 -9999 -9999 -9999 -9999 -9999 -9999 -9999 -9999 -9999 -9999 -9999 0.008766623 0.009630717 0.01169226 0.01210131 0.009987501 0.01117032 0.01069437 0.007505403 0.006777105
0.008525858 0.008482958 0.008461508 0.006232741 0.008475635 0.01441044 0.01611978 -9999 -9999 -9999 -9999 -9999 -9999 -9999 -9999 -9999 0.0135226 0.008600133 0.008535323 0.008503962 0.008449606 0.008386887 0.008332531 0.008292809 0.008939571 0.008889397 0.008167372 0.008125559 0.008768141 0.008031481 0.01045661 0.007956218 0.008602981 0.007853777 0.007830781 0.007782696 0.008431549 0.009448167 0.009406354 0.009383358 0.0100343 0.01069361 0.008544257 0.009216107 -9999 -9999 -9999 -9999 -9999 -9999 -9999 -9999 -9999 -9999 -9999 -9999 -9999 -9999 -9999 0.008712268 0.009563818 0.00997914 0.01527303 0.01107468 0.010605 0.01063165 0.00675829 -9999
0.008455659 0.008416659 0.008379608 0.008457741 0.01438929 0.008732125 0.01205931 -9999 -9999 -9999 -9999 -9999 0.01209215 0.01205451 0.01131785 0.01038059 0.009648107 0.008535323 0.008476784 0.008411976 0.008386887 0.008319987 0.008278173 0.008227999 0.008177824 0.008837132 0.008799501 0.008035662 0.00869915 0.008671973 0.007922769 0.007880957 0.0078266 0.01267799 0.007081577 0.008419005 0.01013674 0.01009493 0.009343636 0.009320638 0.0194701 0.008544257 -9999 -9999 -9999 -9999 -9999 -9999 -9999 -9999 -9999 -9999 -9999 -9999 -9999 -9999 -9999 -9999 -9999 -9999 0.009501099 0.01035474 0.02009933 0.01517895 0.01472182 0.008473936 0.006685118 -9999
0.008367908 0.009975941 0.009958391 0.008397546 0.008369888 0.01778316 0.01908766 0.01994549 -9999 -9999 -9999 -9999 0.02328331 0.01331302 0.01212759 0.01075619 0.01026978 0.01021961 0.008418246 0.008355528 0.008309535 0.008269813 0.008205003 0.008182006 0.008133921 0.008081656 0.00802939 0.007970853 0.008636432 0.007903952 0.00786423 0.009565242 0.01441454 0.01438736 0.01479223 0.01473161 0.01425983 0.009769411 0.01042454 0.01013874 -9999 -9999 -9999 -9999 -9999 -9999 -9999 -9999 -9999 -9999 -9999 -9999 -9999 -9999 -9999 -9999 -9999 -9999 -9999 -9999 0.01151247 0.009394477 0.01260801 0.01259128 -9999 -9999 -9999 -9999
0.009948642 0.01707389 0.009894043 0.01113459 0.01111787 0.01284605 0.01456797 0.020296 -9999 -9999 -9999 -9999 0.01879079 0.01832112 0.01275345 0.01158056 0.01178482 0.0105973 0.01055131 0.01049277 0.01000636 0.01763714 0.008154827 0.008117196 0.008058659 0.008014756 0.007954127 0.01038762 0.007878866 0.007849596 0.009567332 0.008818128 0.01061897 0.01476087 0.01470861 0.01467725 0.0146438 0.009721327 0.009673242 0.01495041 -9999 -9999 -9999 -9999 -9999 -9999 -9999 -9999 -9999 -9999 -9999 -9999 -9999 -9999 -9999 -9999 -9999 -9999 -9999 -9999 0.008901802 0.0100287 0.01000361 0.009022964 -9999 -9999 -9999 -9999
0.009878443 0.01027363 0.01024048 0.01106142 0.01033312 0.01235129 0.01273943 0.01358471 -9999 -9999 -9999 -9999 0.01827512 0.02269237 0.01314787 0.01638596 0.01260083 0.01142794 0.01205798 0.01157576 0.01806919 0.01479085 0.0105695 0.01260805 0.01256624 0.01042734 0.01035835 0.01450026 0.008893391 0.009544335 0.009502524 0.01965408 0.01474833 0.01513857 0.01508421 0.01549326 0.02034256 0.01052688 0.01049343 -9999 -9999 -9999 -9999 -9999 -9999 -9999 -9999 -9999 -9999 -9999 -9999 -9999 -9999 -9999 -9999 -9999 -9999 -9999 -9999 -9999 -9999 -9999 -9999 -9999 -9999 -9999 -9999 -9999
0.009806293 0.009792644 0.01017223 0.01098825 0.01095061 0.01138266 0.01178126 0.01175617 0.01260354 -9999 -9999 -9999 0.01777409 0.01730441 0.01724587 0.01674901 0.01253393 0.02080782 0.01751276 0.01701381 0.01521245 0.01098482 0.01093674 0.009062732 0.00901883 0.01009346 0.01494067 0.01489258 0.01022455 0.01018692 0.009890667 0.01470233 0.01022655 0.0150863 0.009888483 0.009863395 0.01583123 0.01578942 0.01086694 -9999 -9999 -9999 -9999 -9999 -9999 -9999 -9999 -9999 -9999 -9999 -9999 -9999 -9999 -9999 -9999 -9999 -9999 -9999 -9999 -9999 -9999 -9999 -9999 -9999 -9999 -9999 -9999 -9999
0.01690815 0.009724393 0.009050938 0.01421238 0.0108879 0.01130113 0.01568911 0.01612116 0.01165373 -9999 -9999 -9999 -9999 0.01676783 0.01673229 0.01713298 0.02243523 0.02281919 0.0236582 0.02272929 0.01603682 0.01136043 0.0113207 0.009432061 0.01216755 0.01074022 0.01487795 0.01064196 0.01476505 0.01011166 0.01052907 0.009773592 0.01017428 0.0154389 0.009829945 0.009796496 0.009758864 -9999 -9999 -9999 -9999 -9999 -9999 -9999 -9999 -9999 -9999 -9999 -9999 -9999 -9999 -9999 -9999 -9999 -9999 -9999 -9999 -9999 -9999 -9999 -9999 -9999 -9999 -9999 -9999 -9999 -9999 -9999
0.01880176 0.008011061 0.007977911 0.007946712 0.007907713 0.009533294 0.01030114 0.01557831 0.009979804 -9999 -9999 -9999 -9999 0.01580966 -9999 0.01663403 0.01791135 0.02317807 0.01871691 0.01823678 0.01596783 0.01217435 0.01632043 0.01626817 0.01318207 0.017057 0.01613437 0.01563124 0.01097366 0.009807042 0.009752685 0.00969624 0.01010529 0.009372811 0.009318454 0.008848776 -9999 -9999 -9999 -9999 -9999 -9999 -9999 -9999 -9999 -9999 -9999 -9999 -9999 -9999 -9999 -9999 -9999 -9999 -9999 -9999 -9999 -9999 -9999 -9999 -9999 -9999 -9999 -9999 -9999 -9999 -9999 -9999
0.01512851 0.01510316 0.007913562 0.007892112 0.007845311 0.007823862 0.008451696 0.01994538 0.01548005 -9999 -9999 -9999 0.01533579 0.01529816 0.01525635 0.01566122 0.01649187 0.02223035 0.01731415 0.01682774 0.01633925 0.0158403 0.01275839 0.01245378 0.01748487 0.01788137 0.01182574 0.01157914 0.0106565 0.01504449 0.01499849 0.01495459 0.01490859 0.009303819 0.01019666 -9999 -9999 -9999 -9999 -9999 -9999 -9999 -9999 -9999 -9999 -9999 -9999 -9999 -9999 -9999 -9999 -9999 -9999 -9999 -9999 -9999 -9999 -9999 -9999 -9999 -9999 -9999 -9999 -9999 -9999 -9999 -9999 -9999
0.01505246 0.01242884 0.007851161 0.007821913 0.007773163 0.008391068 0.008378524 0.008338802 0.01496856 -9999 -9999 -9999 0.007470433 0.007443255 0.009169354 0.009572132 0.009977001 0.0103756 0.01591765 0.009864108 0.01538735 0.01578804 0.01131016 0.0165706 0.01742006 0.02358013 0.02309373 0.01682494 0.0207976 0.01543472 0.0202652 0.01531974 0.009255735 0.01968054 0.01014021 -9999 -9999 -9999 -9999 -9999 -9999 -9999 -9999 -9999 -9999 -9999 -9999 -9999 -9999 -9999 -9999 -9999 -9999 -9999 -9999 -9999 -9999 -9999 -9999 -9999 -9999 -9999 -9999 -9999 -9999 -9999 -9999 -9999
0.01401738 0.01235085 0.007763412 0.007741962 0.008361801 0.008319987 0.008305354 0.008282355 0.009998002 0.009962461 -9999 -9999 0.01087359 0.007357539 0.00908782 0.00949478 0.00946133 0.009419517 0.009386066 0.009350525 0.01532881 0.01526609 0.01566678 0.01650579 0.01691484 0.01861167 0.01812317 0.01676431 0.01584795 0.01118201 0.01486051 0.01525284 0.009201379 0.0196241 0.0105179 -9999 -9999 -9999 -9999 -9999 -9999 -9999 -9999 -9999 -9999 -9999 -9999 -9999 -9999 -9999 -9999 -9999 -9999 -9999 -9999 -9999 -9999 -9999 -9999 -9999 -9999 -9999 -9999 -9999 -9999 -9999 -9999 -9999
0.007753663 0.007724413 0.007685414 0.007658113 0.008292809 0.008246816 0.008223819 0.01066985 0.009920649 0.009868383 -9999 -9999 -9999 0.01077324 0.0107377 -9999 0.007186108 0.007135933 0.008874576 0.008836945 0.009231362 0.01963735 0.01514902 0.01600475 0.01683539 0.01164594 0.01717754 0.01626118 0.01045371 0.0152842 0.01480406 0.009180473 0.009132388 0.01378526 0.009563912 -9999 -9999 -9999 -9999 -9999 -9999 -9999 -9999 -9999 -9999 -9999 -9999 -9999 -9999 -9999 -9999 -9999 -9999 -9999 -9999 -9999 -9999 -9999 -9999 -9999 -9999 -9999 -9999 -9999 -9999 -9999 -9999 -9999
0.007689313 0.006996359 0.007621063 0.008939571 0.008904031 0.008190367 0.008136012 0.008113015 0.008071203 0.0080273 -9999 -9999 -9999 -9999 -9999 -9999 -9999 -9999 -9999 0.007008405 0.01428701 0.01426193 0.01420339 0.01461035 0.01545145 0.01028081 0.01580196 0.01974326 0.01482079 0.01432811 0.01429676 0.008239025 0.011684 0.01372464 0.01856139 -9999 -9999 -9999 -9999 -9999 -9999 -9999 -9999 -9999 -9999 -9999 -9999 -9999 -9999 -9999 -9999 -9999 -9999 -9999 -9999 -9999 -9999 -9999 -9999 -9999 -9999 -9999 -9999 -9999 -9999 -9999 -9999 -9999
0.007619114 0.007580114 0.007564513 0.01584624 0.01581488 0.008816225 0.01573752 0.008037752 0.007991759 0.007954127 -9999 -9999 -9999 -9999 -9999 -9999 -9999 -9999 -9999 -9999 0.01422848 0.01418875 0.01413858 0.01453718 0.01449118 0.01488769 0.01483751 0.01481034 0.01431557 0.0142863 0.01005032 0.01001059 -9999 -9999 -9999 -9999 -9999 -9999 -9999 -9999 -9999 -9999 -9999 -9999 -9999 -9999 -9999 -9999 -9999 -9999 -9999 -9999 -9999 -9999 -9999 -9999 -9999 -9999 -9999 -9999 -9999 -9999 -9999 -9999 -9999 -9999 -9999 -9999
0.007550864 0.007523564 0.007500164 0.008094199 0.00806075 0.008035662 0.007979216 0.007960399 0.01558491 0.01274907 -9999 -9999 -9999 -9999 -9999 -9999 -9999 -9999 -9999 -9999 -9999 0.01202477 0.01406959 0.01445564 0.01929031 0.01437411 0.01477898 0.01918787 0.008685706 0.01003777 0.01652075 0.01647476 0.009463562 -9999 -9999 -9999 -9999 -9999 -9999 -9999 -9999 -9999 -9999 -9999 -9999 -9999 -9999 -9999 -9999 -9999 -9999 -9999 -9999 -9999 -9999 -9999 -9999 -9999 -9999 -9999 -9999 -9999 -9999 -9999 -9999 -9999 -9999 -9999
0.007476764 0.007459214 0.008081969 0.00804492 0.0156539 0.01562254 0.01276789 0.01552637 0.01272189 0.007820328 0.007079486 -9999 -9999 -9999 -9999 -9999 -9999 -9999 -9999 -9999 -9999 -9999 -9999 0.01185124 0.008773513 0.00943491 0.00939519 0.009363829 0.009311564 0.009983415 0.01646639 0.01641831 -9999 -9999 -9999 -9999 -9999 -9999 -9999 -9999 -9999 -9999 -9999 -9999 -9999 -9999 -9999 -9999 -9999 -9999 -9999 -9999 -9999 -9999 -9999 -9999 -9999 -9999 -9999 -9999 -9999 -9999 -9999 -9999 -9999 -9999 -9999 -9999
0.007402665 0.007400714 0.007348066 0.007324665 0.00792904 0.01553264 0.01549501 0.0154762 0.00776179 0.007724158 0.007705343 -9999 -9999 -9999 -9999 -9999 -9999 -9999 -9999 -9999 -9999 -9999 -9999 -9999 -9999 0.008664801 0.008894152 0.009553459 0.009503284 0.01017722 -9999 -9999 -9999 -9999 -9999 -9999 -9999 -9999 -9999 -9999 -9999 -9999 -9999 -9999 -9999 -9999 -9999 -9999 -9999 -9999 -9999 -9999 -9999 -9999 -9999 -9999 -9999 -9999 -9999 -9999 -9999 -9999 -9999 -9999 -9999 -9999 -9999 -9999
0.007336366 0.007314915 0.007289566 0.007250567 0.007830781 0.01546365 0.01543857 0.01261109 0.01259645 0.007680256 -9999 -9999 -9999 -9999 -9999 -9999 -9999 -9999 -9999 -9999 -9999 -9999 -9999 -9999 -9999 -9999 -9999 -9999 -9999 -9999 -9999 -9999 -9999 -9999 -9999 -9999 -9999 -9999 -9999 -9999 -9999 -9999 -9999 -9999 -9999 -9999 -9999 -9999 -9999 -9999 -9999 -9999 -9999 -9999 -9999 -9999 -9999 -9999 -9999 -9999 -9999 -9999 -9999 -9999 -9999 -9999 -9999 -9999
