02_Processed_Data/Guangdong-driving/GDP/jizhongtxt/gd-gdp-10-txt.txt
ncols         755
nrows         605
xllcorner     491130
yllcorner     2101946
cellsize      1000
NODATA_value  -9999
[rows 270 to 299 of 605, columns 476 to 543 of 755]
0.1042902 0.104197 0.108964 0.158663 0.1808373 0.1737984 0.2228013 0.2292286 0.2356237 0.2423407 0.1507383 0.1356918 0.1645979 0.1365215 0.1007852 0.09433282 0.1269001 0.08664653 0.1267603 0.07990306 0.08368069 0.08361081 0.02578521 0.038643 0.04232604 0.04680369 0.057966 0.06093224 0.0616738 0.05339535 0.05098764 0.04631988 0.04480138 0.03350467 0.03341271 0.03413305 0.04761052 0.03029792 0.02799896 0.02497967 0.03097331 0.0212082 0.0212082 0.02040652 0.02041005 0.01961544 0.01959775 0.01955531 0.01953409 0.01951994 0.01579092 0.01577323 0.01577677 0.01577677 0.0157697 0.01575909 0.01572018 0.02136909 0.01990574 0.01987994 0.01981545 0.01978106 0.01978965 0.01974666 0.02974078 0.01968647 0.03540932 0.01961768
0.1014408 0.1013593 0.1036729 0.1059633 0.1404074 0.1244147 0.1696995 0.1742001 0.1569174 0.1615331 0.1454122 0.1883958 0.1370713 0.1411372 0.1237305 0.09404168 0.08398349 0.08369233 0.1263178 0.08738844 0.08338953 0.08712058 0.1307587 0.04001293 0.02926753 0.04894349 0.06067684 0.05860145 0.05782806 0.06060257 0.05550435 0.03721601 0.03567276 0.03340918 0.02657597 0.0272857 0.02767726 0.03393601 0.02415676 0.02337629 0.0218472 0.02108441 0.02110563 0.02033932 0.02033224 0.02027919 0.01951994 0.01946689 0.03242282 0.01944213 0.01942444 0.0156742 0.01567066 0.01565298 0.01562822 0.01681793 0.01982405 0.01979396 0.01973376 0.01971227 0.01967787 0.01964348 0.01964778 0.01959618 0.01954029 0.01953599 0.02096065 0.03525455
0.1035215 0.09850988 0.1046943 0.1006721 0.1030556 0.1349416 0.1114722 0.156635 0.120983 0.1513817 0.1856512 0.1879649 0.1662826 0.1407412 0.1282995 0.08730984 0.09006312 0.08343611 0.0807265 0.08313332 0.09085163 0.08543532 0.08772567 0.1403044 0.04360401 0.04881262 0.045764 0.04101931 0.05525602 0.05017548 0.04391584 0.04334228 0.02958112 0.03950361 0.03943995 0.02716191 0.02411785 0.02409663 0.02405065 0.02329141 0.02249325 0.02218216 0.02098184 0.02098184 0.02020491 0.02016954 0.02015185 0.01937846 0.01936078 0.01933602 0.01930065 0.02048682 0.01675426 0.01674011 0.01668706 0.01670828 0.01964348 0.01963488 0.01956179 0.01951879 0.01956179 0.01951879 0.03526314 0.02952581 0.01944141 0.01939841 0.01939841 0.01793506
0.130326 0.1252561 0.1226746 0.1250931 0.1249417 0.1000316 0.1343709 0.1472843 0.1093327 0.1164367 0.1237038 0.1284708 0.1776039 0.1270155 0.1080982 0.09816817 0.08583129 0.1079269 0.08043534 0.08038874 0.09045566 0.03611768 0.03684509 0.02877252 0.04571905 0.04870297 0.05167275 0.04939855 0.03335966 0.03032975 0.02998682 0.03873729 0.02497613 0.0378684 0.02411431 0.02480282 0.02327726 0.02635579 0.02320652 0.02319591 0.03535723 0.02397195 0.02323039 0.02087219 0.02082621 0.02003513 0.02077669 0.01998208 0.01996086 0.01921576 0.01920515 0.01917332 0.01661986 0.0165951 0.01539478 0.01537709 0.0195102 0.01944141 0.01941131 0.02226923 0.01939411 0.02223483 0.01934252 0.01933392 0.01930812 0.01925653 0.020664 0.01921354
0.09545087 0.1200582 0.1083642 0.1197088 0.1220573 0.09474044 0.1010181 0.1057385 0.1065882 0.1062621 0.1134825 0.1246087 0.1155516 0.1104585 0.1029585 0.09685266 0.08541202 0.08280721 0.08257429 0.0825277 0.023091 0.02306978 0.03823271 0.03645072 0.04486077 0.04708191 0.03633651 0.0333349 0.03104302 0.02991608 0.02716191 0.02490893 0.03159461 0.03078939 0.03826968 0.0346758 0.02242605 0.02313224 0.02461183 0.03903673 0.02601713 0.02525435 0.02611881 0.02224567 0.02145813 0.02143337 0.02066704 0.02061399 0.02061046 0.02059985 0.01981938 0.0198123 0.01980523 0.01904598 0.02727845 0.01900708 0.01897171 0.02386245 0.01928663 0.02668168 0.02378077 0.01923933 0.01920924 0.01918344 0.01917055 0.01913185 0.02364748 0.02361739
0.09513642 0.09005492 0.08997341 0.08983365 0.0959948 0.09199589 0.09821527 0.09412319 0.1026795 0.1059942 0.1675108 0.1278769 0.1251439 0.1127022 0.1025392 0.09502765 0.09137519 0.08874708 0.08471324 0.124827 0.02370877 0.02370523 0.02634269 0.02779044 0.02847187 0.0432291 0.03169969 0.03288233 0.03091215 0.02861673 0.03048433 0.02670226 0.02320652 0.02478778 0.02166681 0.02162083 0.02233055 0.02418401 0.02568481 0.02669503 0.02740829 0.02664905 0.04238657 0.03186929 0.02166311 0.02207235 0.02055033 0.02052911 0.02049373 0.02045837 0.02045837 0.02867668 0.02866607 0.02200426 0.01963899 0.0188656 0.0188373 0.02462628 0.02462198 0.02455749 0.02459188 0.02360879 0.02216693 0.0235744 0.01898567 0.01896847 0.02347981 0.02435112
0.0924268 0.08727543 0.08707744 0.08703085 0.0892164 0.08909993 0.09151839 0.09626214 0.100971 0.1130982 0.1202022 0.1447712 0.1396314 0.119748 0.1047714 0.09720153 0.08714335 0.1297571 0.1294893 0.1138663 0.03660104 0.03730369 0.0380311 0.02619414 0.03043409 0.02713361 0.02902951 0.03013787 0.03045604 0.03117638 0.03037469 0.0288279 0.02653956 0.02307565 0.02229518 0.02148642 0.02339293 0.02365451 0.0270406 0.0266066 0.02806496 0.04455465 0.03551342 0.03797684 0.02346705 0.0219238 0.02041592 0.02040885 0.02037348 0.02033457 0.02033103 0.02031335 0.02030274 0.02026383 0.02262557 0.01947276 0.01944092 0.02733372 0.04111296 0.02531701 0.02818353 0.02438551 0.02435972 0.02430812 0.02431242 0.02428663 0.02331643 0.02508485
0.0935181 0.0868911 0.08291548 0.08655336 0.08642524 0.08873889 0.09106418 0.1021787 0.1032497 0.1152139 0.1725364 0.1715989 0.1505247 0.1341074 0.1118288 0.104422 0.1370125 0.09407264 0.1094161 0.1364302 0.1363603 0.03942934 0.03790377 0.02414261 0.02334799 0.02330556 0.02591825 0.02811464 0.03589188 0.03811303 0.03956431 0.03171987 0.02985491 0.02521544 0.02294478 0.02216078 0.02403899 0.0325578 0.02619647 0.03475418 0.03624084 0.03619486 0.0271607 0.03464453 0.02409189 0.02260877 0.02031689 0.0195541 0.01953642 0.02025322 0.01947629 0.02018956 0.02091697 0.02092404 0.02088513 0.02084623 0.02007991 0.02614533 0.02519663 0.02787506 0.02789225 0.03700646 0.03788637 0.02784496 0.02598626 0.02593896 0.02501606 0.02493867
0.0893212 0.0865417 0.08636702 0.08612245 0.08600598 0.08828468 0.09315655 0.1028304 0.1125858 0.1296315 0.189489 0.1966978 0.1735166 0.1517645 0.1316161 0.1216511 0.1189881 0.1678911 0.1535924 0.1509526 0.1432896 0.0393303 0.02554792 0.02552316 0.02398345 0.03144606 0.02312871 0.03828456 0.03653087 0.03198144 0.03345041 0.04693142 0.03712033 0.02661721 0.02359084 0.02206174 0.03102162 0.02466737 0.04142218 0.02680362 0.03536134 0.0400176 0.02701922 0.03997162 0.03846374 0.02319824 0.02169744 0.01945153 0.01943031 0.03237563 0.0193525 0.02005869 0.02078964 0.02076842 0.02149583 0.02221617 0.02295419 0.02869048 0.03008934 0.02917504 0.03227031 0.03422252 0.0313345 0.03130011 0.04525024 0.02995176 0.02808446 0.0256853
0.09140193 0.08868065 0.0885409 0.08570317 0.08801682 0.09037706 0.1000509 0.109783 0.1671172 0.1419072 0.1449919 0.1642877 0.1411531 0.1387434 0.1361386 0.1458707 0.1830914 0.180638 0.1457979 0.172812 0.1628004 0.04073914 0.03918174 0.03761727 0.02460475 0.03678376 0.03674485 0.02564945 0.03420008 0.02887726 0.03407526 0.03480974 0.03851504 0.04300079 0.02423337 0.02268304 0.02308875 0.0285078 0.03157219 0.03303408 0.03449244 0.03520217 0.04140522 0.04511302 0.04582982 0.04430779 0.02458232 0.02154181 0.02004808 0.01927822 0.01926054 0.01996673 0.02218787 0.02364623 0.03412814 0.02883008 0.03298603 0.03294712 0.03220556 0.03666986 0.03718881 0.03902172 0.03990163 0.03897013 0.0575939 0.04232121 0.03104645 0.03008915
0.09841275 0.0908429 0.09060998 0.09027223 0.09017906 0.09242283 0.1133859 0.1256063 0.1494858 0.1708885 0.1446425 0.143362 0.1332805 0.1409406 0.1407193 0.1921107 0.1489874 0.1488243 0.1373371 0.1223139 0.1525093 0.03910747 0.02537107 0.02528972 0.02445973 0.03196479 0.02365097 0.02478055 0.02583321 0.02652879 0.02945258 0.03091802 0.02864736 0.02564221 0.02411311 0.02256986 0.02180355 0.0241193 0.0248078 0.02316287 0.0278545 0.03583055 0.02948691 0.04025515 0.04322846 0.04246214 0.02907678 0.03591012 0.0336147 0.01987476 0.01983939 0.02059864 0.02206407 0.02502678 0.04449686 0.04145177 0.04667807 0.03808144 0.03582139 0.04303022 0.03743798 0.04315812 0.04652209 0.047402 0.04735901 0.03781506 0.04274019 0.02990858
0.1103304 0.09280716 0.09263247 0.09485295 0.09468989 0.1397338 0.1518028 0.1533886 0.1607604 0.1564034 0.1587171 0.1356174 0.1407076 0.1381611 0.1477767 0.1555416 0.1560099 0.1495226 0.1282218 0.1195926 0.1045927 0.02528265 0.0244951 0.02441729 0.02437131 0.02435363 0.03652202 0.03650433 0.03718223 0.03790964 0.0263767 0.02705459 0.02628474 0.02479454 0.02326191 0.03074574 0.02639968 0.02634309 0.02276335 0.0223152 0.03051583 0.02994478 -9999 0.03737806 0.04312589 0.04160033 0.03560065 0.03726237 0.03030715 0.02054205 0.01974743 0.02048546 0.02193674 0.02489591 0.03398474 0.05257266 0.04674246 0.04601151 0.03749889 0.04094473 0.04090603 0.04640171 0.03778926 0.03501625 0.03589616 0.03584887 0.03251391 0.03206266
0.127213 0.1023063 0.1021899 0.147094 0.1468261 0.1515583 0.1589184 0.1685108 0.165248 0.1700616 0.1491155 0.1391272 0.1506581 0.1452534 0.1484866 0.1650291 0.1945082 0.1888188 0.1219645 0.1094063 0.1265486 0.08672012 0.02288112 0.02359792 0.03721406 0.02424044 0.03644421 0.02386922 0.02337155 0.02406713 0.02476978 0.02399286 0.08518279 0.08508963 0.08255471 0.07993826 0.0227492 0.0215312 0.0297389 0.03046632 0.02612026 -9999 -9999 -9999 0.037964 0.04148007 0.03622902 0.03319204 0.03564485 0.02117043 0.03615224 0.02111737 0.02258988 0.02776665 0.03148506 0.04118901 0.05037952 0.04799657 0.04413049 0.0489757 0.04260136 0.03438981 0.04349112 0.03343251 0.0306767 0.03060791 0.02962912 0.02956032
0.1414792 0.1192356 0.1164677 0.1614534 0.1661506 0.2746728 0.1553761 0.157585 0.1650034 0.1450001 0.147765 0.1436264 0.1410681 0.1421391 0.1530789 0.1763271 0.1712922 0.1341034 0.1216151 0.09925499 0.08911529 0.08405709 0.08134746 0.08363781 0.02265829 0.02336448 0.02334326 0.02260877 0.02253096 0.02321593 0.08758962 0.08496153 0.08611106 0.1249472 0.08219367 0.079519 0.08335485 0.02334928 0.02328915 0.02324671 0.02248039 -9999 -9999 -9999 -9999 0.04662604 0.03612291 0.03931021 0.03628384 0.03477596 0.02025202 0.02175636 0.02471199 0.03065862 0.05239228 0.04106168 0.09377714 0.0945081 0.0470083 0.04100509 0.04521099 0.03333792 0.03146632 0.03053912 0.03047033 0.02680021 0.02673572 0.02670992
0.1583735 0.1532804 0.153129 0.1825965 0.2078351 0.3187875 0.1968744 0.2122993 0.2213302 0.1940366 0.1841065 0.2158993 0.1887571 0.1861756 0.153917 0.1414287 0.1116967 0.1041152 0.09408033 0.1162575 0.08634744 0.08361452 0.1261817 0.08327678 0.08317196 0.02254157 0.02248497 0.02322653 0.08897208 0.0887741 0.09600619 0.1008082 0.09180929 0.08675109 0.1268066 0.08657639 0.129097 0.08777252 0.02318658 0.02196504 0.02045009 0.02083103 -9999 -9999 -9999 -9999 0.03602034 0.04423159 0.02546062 0.03218521 0.02240596 0.02398015 0.02161842 0.0260607 0.03139575 0.03722654 0.04767205 0.05666022 0.05311939 0.04613587 0.0423538 0.03588307 0.03037574 0.03672983 0.02484692 0.02479963 0.02476093 0.0261254
0.2032544 0.152931 0.2102535 0.2199157 0.2222643 0.3309031 0.3380187 0.2136289 0.3376926 0.1919699 0.2233061 0.1824965 0.2279334 0.1956981 0.158521 0.1386142 0.1088939 0.09639397 0.08890565 0.08623096 0.1132101 0.08584664 0.08552055 0.08549725 0.08292739 0.08282258 0.08504306 0.0848567 0.09352949 0.09321505 0.09550539 0.1052841 0.1506744 0.09757447 0.133864 0.1337592 0.1336195 0.1311195 0.03092138 0.02305218 0.02034044 0.02073907 -9999 -9999 -9999 -9999 -9999 0.04488826 0.04260698 0.02608192 0.02454221 0.02224679 0.02296713 0.02637091 0.03563834 0.0468795 0.05603007 0.05580195 0.05297438 0.05293901 0.04598379 0.03407903 0.0264521 0.02653365 0.02468354 0.02371334 0.0251208 0.02596632
0.2004516 0.1804716 0.2074624 0.2196013 0.2268218 0.3404022 0.3477042 0.3499247 0.2229533 0.2180233 0.2179301 0.2054534 0.2078137 0.1911198 0.1735966 0.1629886 0.1060911 0.09598634 0.08849803 0.08586993 0.08577675 0.0855089 0.092741 0.09257794 0.09244984 0.09221692 0.09697232 0.1016928 0.1170595 0.112586 0.1332759 0.1109357 0.1047134 0.1254033 0.1228567 -9999 -9999 0.03777403 0.02445748 0.02290362 0.0202308 -9999 -9999 -9999 -9999 -9999 -9999 -9999 0.02746955 0.02711955 0.02441134 0.02331625 0.02403305 0.04079139 0.02961552 0.02796352 0.03768869 0.043653 0.05561802 -9999 0.05044994 0.03605347 0.02852823 0.02368288 0.01945619 0.02302241 0.02492733 0.0435382
0.192707 0.2023576 0.2094733 0.2192286 0.233984 0.3449946 0.3548082 0.354552 0.3543656 0.3517608 0.349191 0.3415745 0.2073595 0.2048595 0.2121066 0.1353689 0.1032301 0.09570684 0.09061369 0.09041571 0.08779925 0.0900896 0.0899149 0.1045538 0.1093325 0.1091578 0.1162734 0.1210521 0.1481245 0.15031 0.126992 0.1144222 0.09805144 -9999 -9999 -9999 -9999 0.0270525 0.02434784 -9999 -9999 -9999 -9999 -9999 -9999 -9999 -9999 0.02514583 0.03412339 0.0333217 0.03105104 0.02672267 -9999 0.02150507 0.02339744 0.02487348 0.03543482 0.0413956 0.04456771 -9999 0.04796088 0.0420169 0.03299792 0.02460821 0.0208226 0.04004525 0.02279025 0.0233221
0.1413127 0.1608584 0.177811 0.1875081 0.2336695 0.3496103 0.356854 0.3567258 0.2037531 0.3563532 0.3561785 0.2011221 0.2094635 0.192723 0.2117572 0.1326243 0.1102758 0.1003225 0.09767109 0.0951478 0.09737994 0.09961205 0.1044257 0.1042161 0.1286453 0.1284706 0.1356677 0.1676236 0.1467473 0.1647626 0.1598441 0.1646029 0.1015496 -9999 -9999 -9999 -9999 -9999 -9999 -9999 -9999 -9999 -9999 -9999 -9999 0.01911785 0.02206287 0.03177492 0.0317537 0.03919509 0.03016093 -9999 -9999 -9999 -9999 0.02175869 0.03307927 0.03710878 0.04605348 0.0525747 0.0953121 0.04263113 0.03242598 0.02447381 0.02260885 0.02682454 0.02498303 0.03982168
0.1606954 0.1894467 0.1965623 0.2087361 0.2135032 0.254618 0.3614114 0.3613299 0.3609805 0.3609222 0.360701 0.2561164 0.2165908 0.1720069 0.1570652 0.1371701 0.1394954 0.1319838 0.1244256 0.1218091 0.1217043 0.1338665 0.1436335 0.1532492 0.1554463 0.15276 0.1762464 0.1672941 0.214032 0.2039272 -9999 -9999 -9999 -9999 -9999 -9999 -9999 -9999 -9999 -9999 -9999 -9999 -9999 0.01907187 0.0190365 0.01899759 0.03340835 0.03411808 0.02935924 0.02151126 0.02500965 -9999 -9999 -9999 -9999 -9999 -9999 -9999 -9999 -9999 0.05818915 0.05665651 0.03708386 -9999 0.02279261 0.01978393 0.02483256 0.02427491
0.1702062 0.2211812 0.2061663 0.1992743 0.2404008 0.2179092 0.2368818 0.3609339 0.2520622 0.3605263 0.3603633 0.2441314 0.1978651 0.1790643 0.166576 0.1664712 0.139146 0.1527605 0.2031276 0.1436801 0.1473879 0.1557724 0.162958 0.1764677 0.1879869 0.1877889 0.2091684 0.2041101 0.1797765 -9999 -9999 -9999 -9999 -9999 -9999 -9999 -9999 -9999 -9999 -9999 -9999 -9999 0.02046303 0.01894454 0.01814285 0.03185803 0.02267621 0.02926728 0.03749621 0.02843022 0.03239091 0.02336383 -9999 -9999 -9999 -9999 -9999 -9999 -9999 -9999 -9999 -9999 0.03324873 -9999 0.02352621 0.01815226 0.02377637 0.02227862
0.1988876 0.3419589 0.1889163 0.4117424 0.4157029 0.2058892 0.2223851 0.3605613 0.2516313 0.2515032 0.3599789 0.2438285 0.2165466 0.2386888 0.1859703 0.1734354 0.1962938 0.1485753 0.1632142 0.1655744 0.1678065 0.1776085 0.2003471 0.2075093 0.2122414 0.2072298 -9999 -9999 -9999 -9999 -9999 -9999 -9999 -9999 -9999 -9999 -9999 -9999 -9999 -9999 -9999 0.02111263 0.0203357 0.0188066 0.01802967 0.01917693 0.02214317 0.03811397 0.02983906 0.02909397 0.02828874 0.03148665 0.02321881 -9999 -9999 -9999 -9999 -9999 -9999 -9999 -9999 -9999 0.02904591 0.02601955 0.02223393 0.01802139 0.01798248 0.02408465
0.344354 0.3490046 0.3488532 0.6007805 0.353159 0.2080165 0.2103883 0.2359618 0.2358453 0.2332288 0.3572343 0.3571179 0.2044683 0.2382696 0.1944683 0.1893636 0.210758 0.1809761 0.2056533 0.1862696 0.1861648 0.1959318 0.2099161 0.2096133 0.2069852 0.2044037 -9999 -9999 -9999 -9999 -9999 -9999 -9999 -9999 -9999 -9999 -9999 -9999 -9999 -9999 0.0210242 0.02024728 0.01945973 0.01867573 0.01788819 0.01784928 0.02081553 0.02148988 0.02972942 0.02973296 0.03719557 0.01958602 0.02233931 -9999 -9999 -9999 -9999 -9999 -9999 -9999 -9999 -9999 0.02329012 0.02291536 0.01943731 0.01905901 0.01637203 0.01750161
0.3372376 0.2448301 0.6045626 0.4190882 0.423009 0.3605049 0.2216048 0.2331589 0.2330309 0.2082372 0.2095032 0.2159526 0.2404201 0.2379667 0.1965258 0.2055683 0.2252106 0.2250592 0.2249311 0.1859202 0.2091101 0.1906407 0.2069969 -9999 -9999 -9999 -9999 -9999 -9999 -9999 -9999 -9999 -9999 -9999 -9999 -9999 -9999 -9999 -9999 -9999 0.02016946 0.01936777 0.01856962 0.01777501 0.01775025 0.01889751 0.02067758 0.02962331 0.02447645 0.0303295 0.02293321 0.02654389 0.02650145 0.02645547 0.02212709 -9999 -9999 0.01730459 -9999 -9999 -9999 -9999 0.02133321 0.02761318 0.01897412 0.01820073 -9999 -9999
0.415207 0.6042452 0.6081065 0.6036302 0.6032732 0.371569 0.2163137 0.213802 0.2253212 0.2159293 0.2157896 0.2132313 0.2055567 0.1938045 0.1937113 0.232466 0.191025 0.2271748 0.1973812 -9999 0.1702477 -9999 -9999 -9999 -9999 -9999 -9999 -9999 -9999 -9999 -9999 -9999 -9999 -9999 -9999 -9999 -9999 -9999 -9999 -9999 0.0230402 0.022973 0.01993602 0.02667476 0.01688136 0.01758047 0.01904591 0.02052903 0.02167629 0.02122461 0.02793505 0.01698023 0.01811689 0.02561133 0.02555121 0.02550169 0.01645692 0.01718787 0.01715604 0.01714189 -9999 -9999 0.01819719 -9999 0.01619872 -9999 -9999 -9999
0.6041857 0.6034517 0.6033128 0.6071743 0.607075 0.3665969 0.213604 0.2109643 0.2107314 0.2106731 0.2105101 0.2053471 0.1935134 0.1786183 0.222303 0.1858504 0.1997764 -9999 -9999 -9999 -9999 -9999 -9999 -9999 -9999 -9999 -9999 -9999 -9999 -9999 -9999 -9999 -9999 -9999 -9999 -9999 -9999 -9999 -9999 -9999 0.0266525 0.02510926 0.02957379 0.01904237 0.01749205 0.01670805 0.01741424 0.01743192 0.01814165 0.0188443 0.01954342 0.01960266 0.0164746 0.01642509 0.01638264 0.01870901 0.01633313 0.01629068 0.01698272 0.01698626 0.01622702 -9999 -9999 -9999 -9999 -9999 -9999 -9999
0.4224735 0.607194 0.6111745 0.6067379 0.3708748 0.2134177 0.2082896 0.2174253 0.1913977 0.2005334 0.1912114 0.1951491 0.1901142 0.1744446 0.1708155 0.2169536 0.2216391 0.1918572 0.189264 -9999 -9999 -9999 -9999 -9999 -9999 -9999 -9999 -9999 -9999 -9999 -9999 -9999 -9999 -9999 -9999 -9999 -9999 -9999 -9999 -9999 0.04826238 0.02499253 0.02269712 0.01965307 0.01963538 0.01812042 0.01731874 0.01846954 0.01723739 0.01794004 0.01788345 0.01712066 0.01636496 0.01631544 0.01627653 0.0185746 0.01619165 0.01615274 0.01614567 0.0161103 0.01608554 0.02076303 0.02426141 -9999 -9999 -9999 -9999 -9999
0.6070156 0.6109166 0.6063411 0.3615503 0.3516404 0.2198554 0.2122972 0.2047391 0.1748872 0.1698523 0.1672126 0.1571427 0.1544913 0.1568632 0.1665254 0.1653147 0.1866592 0.1840777 -9999 0.1763448 0.1761701 0.1637867 -9999 -9999 -9999 -9999 -9999 -9999 -9999 -9999 -9999 -9999 -9999 -9999 -9999 -9999 -9999 -9999 -9999 -9999 -9999 0.04137509 0.02782437 0.0232689 0.02025668 0.01794358 0.01719494 0.01715604 0.01710298 0.01708176 0.01701809 0.01700749 0.01619519 0.01618811 0.01848971 0.01609969 0.01606785 0.01604309 0.0122787 0.0122398 0.01595467 0.01215845 -9999 -9999 -9999 -9999 -9999 -9999
0.6064601 0.6061824 0.6058452 0.6014284 0.3464425 0.1923988 0.1748872 0.1648174 0.2048962 0.1974778 0.1651726 0.1322127 0.1319216 0.1342119 0.1489789 0.1766127 -9999 -9999 -9999 -9999 -9999 0.1607859 -9999 -9999 -9999 -9999 -9999 -9999 -9999 -9999 -9999 -9999 -9999 -9999 -9999 -9999 -9999 -9999 -9999 -9999 -9999 0.03375331 0.02770765 0.02312742 0.0193312 0.01858964 0.01707115 0.01700749 0.01698626 0.01693674 0.0169226 0.01611737 0.01605724 0.01602541 0.01602541 0.01595821 0.01593345 0.01591223 0.01214076 0.01210893 0.0120771 -9999 -9999 -9999 -9999 -9999 -9999 -9999
0.6059047 0.3939793 0.3892848 0.3518638 0.3761932 0.3131097 0.1646077 0.1570496 0.1347943 0.1272477 0.1171895 0.104643 0.1045265 0.1091888 0.1090723 0.1138859 0.1310248 0.1161181 -9999 -9999 -9999 -9999 -9999 -9999 -9999 -9999 -9999 -9999 -9999 -9999 -9999 -9999 -9999 -9999 -9999 -9999 -9999 -9999 -9999 -9999 0.04491665 0.03062791 0.02606891 0.02228683 0.01998433 0.01922509 0.01840925 0.01762879 0.01759695 0.01800266 0.01679526 0.01674575 0.01668562 0.015891 0.01588039 0.01937171 0.01582026 0.01580965 0.0157566 0.01453152 -9999 -9999 -9999 -9999 -9999 -9999 -9999 -9999
