02_Processed_Data/Guangdong-driving/GDP/jizhongtxt/gd-gdp-05-txt.txt
ncols         755
nrows         605
xllcorner     491130
yllcorner     2101946
cellsize      1000
NODATA_value  -9999
[rows 90 to 119 of 605, columns 476 to 543 of 755]
-9999 -9999 -9999 -9999 -9999 -9999 -9999 -9999 -9999 -9999 -9999 -9999 -9999 -9999 -9999 -9999 -9999 -9999 0.001084715 0.001920617 0.001097184 0.001934153 0.001934509 0.001105021 0.001112145 0.001112145 0.001117845 0.001121051 0.001117489 0.001121407 0.001171594 -9999 -9999 0.001133162 0.001136368 0.001439388 0.001437251 0.001513005 0.001633896 0.001590541 0.001515143 0.001637814 0.001642089 0.001450787 0.001377882 0.001381088 0.001274714 0.00115988 0.001163798 0.00116451 0.001165935 0.001170566 0.00117306 0.001177334 0.001533593 0.002011098 0.001537511 0.001186953 0.001188021 0.00119479 0.001198708 0.00203069 0.001199064 0.001195502 0.00119942 0.001203695 0.003094625 0.00310557
-9999 -9999 -9999 -9999 -9999 -9999 -9999 -9999 -9999 -9999 0.004060697 0.002754682 -9999 -9999 -9999 -9999 -9999 -9999 0.001086497 0.001094334 0.001096471 0.00110039 0.001930947 0.001103239 0.001105733 0.00111072 0.001111789 0.001114995 0.001117489 0.001124613 0.001121051 0.001127819 0.001248353 0.001355084 0.001360071 0.001435825 0.001510512 0.001588048 0.001709294 0.001711076 0.001634252 0.001634964 0.001564197 0.001450075 0.001372183 0.00137717 0.001154892 0.00115703 0.001162729 0.001165223 0.00116451 0.001168073 0.001170923 0.001171635 0.001291457 0.002006467 0.001300006 0.001181609 0.001183747 0.00119194 0.001193721 0.001194077 0.001431583 0.001196215 0.001198352 0.00120227 0.00120227 0.003098081
-9999 -9999 -9999 -9999 -9999 -9999 -9999 0.002917468 -9999 0.00306118 0.001972007 0.003314483 -9999 -9999 -9999 -9999 -9999 -9999 -9999 0.001089703 0.001093265 0.001930234 0.001929522 0.001932728 0.001108583 0.001109652 0.001116064 0.001112501 0.001118557 0.001124613 0.001120338 0.001123188 0.001126038 0.00112675 0.001355084 0.001981961 0.001627484 0.00241433 0.001704663 0.002343563 0.001633183 0.002346769 0.00144295 0.001367551 0.001372539 0.001152042 0.001152042 0.001156317 0.001157742 0.001161661 0.001995424 0.001164866 0.00116736 0.001170566 0.00164914 0.001296088 0.001178047 0.001181609 0.001181966 0.001183747 0.001189803 0.001189446 0.001429802 0.001433364 0.002027841 0.002506771 0.002508551 0.001210463
-9999 -9999 -9999 -9999 -9999 -9999 0.002115493 0.002113152 0.001960299 0.001965919 0.001973412 0.001980906 -9999 -9999 -9999 -9999 -9999 -9999 0.00108151 0.001917411 0.001091484 0.001093978 0.001930234 0.001101815 0.001102527 0.001106802 0.001108227 0.001113214 0.00111927 0.001118557 0.001242297 0.001124969 0.001123188 0.001353302 0.001431551 0.001504812 0.00162784 0.001583417 0.002415756 0.001628908 0.00162784 0.001631046 0.002671695 0.002447281 0.001142424 0.001144562 0.00115133 0.00115418 0.00115988 0.001161661 0.001161661 0.001164154 0.001165579 0.001168785 0.002478985 0.001294306 0.001179116 0.001180897 0.001180541 0.001182322 0.001180541 0.001188378 0.001192296 0.00119479 0.00119479 0.002029266 0.002512114 0.002041377
-9999 -9999 -9999 -9999 -9999 0.001945779 0.001956083 0.00195421 0.003050408 0.001964045 0.001969666 0.003074294 0.004068573 -9999 -9999 -9999 -9999 0.001074029 0.001080085 0.001087566 0.001088634 0.001092553 0.001096827 0.001096115 0.001100033 0.001103239 0.001108583 0.001111789 0.001112145 0.001117845 0.001241941 0.001122832 0.00134974 0.001425851 0.001430839 0.002338219 0.001505525 0.001505525 0.002412905 0.001866058 0.00155351 0.001554579 0.001480249 0.001483454 0.001142068 0.001147768 0.001148836 0.001150261 0.001153824 0.001158098 0.001158098 0.001158811 0.001161304 0.001168785 0.002478629 0.001174485 0.001176978 0.001179472 0.001184103 0.002492165 0.001185884 0.001184459 0.001186953 0.001189803 0.001196215 0.001196927 0.001201558 0.001206545
-9999 -9999 -9999 -9999 -9999 0.002413705 0.001951868 0.0019514 0.001957957 0.002114556 0.001967323 0.003686642 0.001984184 -9999 -9999 -9999 0.00107296 0.001075098 0.001076879 0.001086853 0.001086853 0.00109184 0.001922397 0.001096115 0.001100746 0.001103952 0.00110787 0.00111357 0.001112501 0.001236242 0.001240516 0.001240516 0.001423714 0.001425495 0.001503388 0.00162499 0.001620715 0.001580211 0.002413974 0.001618578 0.002739969 0.001554579 0.001360427 0.001365058 0.001144562 0.001144205 0.001144205 0.001149549 0.001275782 0.001983669 0.001157742 0.001990793 0.001991861 0.001168785 0.001170923 0.001174485 0.001176622 0.001176978 0.001183034 0.001183747 0.001186953 0.001184103 0.002016797 0.002019291 0.001196215 0.001195858 0.001199777 0.001203695
-9999 -9999 -9999 -9999 0.001944375 0.001941564 0.002414173 0.001949526 0.001955615 0.002115962 0.001962172 0.001966855 0.001979501 0.001984184 0.001983716 -9999 0.001068685 0.001081153 0.001078304 0.001917767 0.001085784 0.001087209 0.001090415 0.001096115 0.001100033 0.001103952 0.00110787 0.00111072 0.001112501 0.001230186 0.001114639 0.001118557 0.001121051 0.001496975 0.00156988 0.001770444 0.002407206 0.001849049 0.002483673 0.001622853 0.00281145 0.001551372 0.002269233 0.001364345 0.001141712 0.001144918 0.00114848 0.001150261 0.001150261 0.001153824 0.001152042 0.001157386 0.001162017 0.001166291 0.001172347 0.002006467 0.002483972 0.001177334 0.001180184 0.001182322 0.001064638 0.00118339 0.001191227 0.001309624 0.001313186 0.002254036 0.001662766 0.002034965
0.001931261 0.002402465 0.001946248 0.002411832 0.001945311 0.001944375 0.001950931 0.001946716 0.002108468 0.002111278 0.002112683 0.003065864 0.001973412 0.001979033 0.001979969 0.001067261 0.001071535 0.001077947 0.001077591 0.001082935 0.001082578 0.001205606 0.00120525 0.001093265 0.001097896 0.001325517 0.001331573 0.00133656 0.00110787 0.001230186 0.001112145 0.001414096 0.001416233 0.001498044 0.001569524 0.003029452 0.001920529 0.00192516 0.001847624 0.002412193 0.001623921 0.002741395 0.002738901 0.001436538 0.001367551 0.001370401 0.001265452 0.001147768 0.001149905 0.001150618 0.001153467 0.001155961 0.001160948 0.001163442 0.001167004 0.001172704 0.00117876 0.001176978 0.002013948 0.001182678 0.001185884 0.001184815 0.00118909 0.00119194 0.001423479 0.001425972 0.001545082 0.002033896
0.001931261 0.002094886 0.002094417 0.001942501 0.001942501 0.001945779 0.001950463 0.001952805 0.001955615 0.003053218 0.00305556 0.001965919 0.001968261 0.001977159 0.001979969 0.001069754 0.001073673 0.001072604 0.001078304 0.00107866 0.00108151 0.001088278 0.001086853 0.001088278 0.001096115 0.001325517 0.001332997 0.001332997 0.001409821 0.001408752 0.001108227 0.001113214 0.001419439 0.001497331 0.001491988 0.001844418 0.002631977 0.002711294 0.002708801 0.002630196 0.001771869 0.001624634 0.001552441 0.001434757 0.001439032 0.001365771 0.001143137 0.001148124 0.001145631 0.00114848 0.001986162 0.001156317 0.001278276 0.001160948 0.001163442 0.001171991 0.001174128 0.001175197 0.001178403 0.00118339 0.001181609 0.001185884 0.00118909 0.001191583 0.001195858 0.002731541 0.002732254 0.001325655
0.001929856 0.00208786 0.002091607 0.001943438 0.001939691 0.002340431 0.002345582 0.001952805 0.001957488 0.003049003 0.001959361 0.00196545 0.002441807 0.001975286 0.001977159 0.001983247 0.001068329 0.00107296 0.001076523 0.001077235 0.001079016 0.001086141 0.001085784 0.001316967 0.001323023 0.001403053 0.001404478 0.001478808 0.001407328 0.001407684 0.001335848 0.001337272 0.001416233 0.001495907 0.001490207 0.001791089 0.002069901 0.002218917 0.002412356 0.002934997 0.001921598 0.002487592 0.00241433 0.001434757 0.001433332 0.001365414 0.001141356 0.001144562 0.001147411 0.001146699 0.001151686 0.001156317 0.001274714 0.001279701 0.001163085 0.001165579 0.001171279 0.001173772 0.001174841 0.001178403 0.001180541 0.00118624 0.001308199 0.001308555 0.001313899 0.001319242 0.001321023 0.002036034
0.002084582 0.001929387 0.002092544 0.002494688 0.004054597 0.003333282 0.003434287 0.001952805 0.001954678 0.00195421 0.00196545 0.001967323 0.001973881 0.002133759 0.001977627 0.001974817 0.001067261 0.001071535 0.001075454 0.001076523 0.001078304 0.001083291 0.001085072 0.001087566 0.001321242 0.001399847 0.001400203 0.001596492 0.003139566 0.001478808 0.001336916 0.001336916 0.00133941 0.001416233 0.001489494 0.001792158 0.001911979 0.002398197 0.004288713 0.003534267 0.00300897 0.003013245 0.00241433 0.001433689 0.001439032 0.001366483 0.001142068 0.001142781 0.001146343 0.001146343 0.001150618 0.001153467 0.001270796 0.00127507 0.001282551 0.001169497 0.001168785 0.001171279 0.001173416 0.001175553 0.0013025 0.001300719 0.001304993 0.00130998 0.001310693 0.001317105 0.001319955 0.001317105
0.002082709 0.002085987 0.004047103 0.002487195 0.003425857 0.003954998 0.003043851 0.001951868 0.001955615 0.002426819 0.00212205 0.002435249 0.001972475 0.001974817 0.002275957 0.001642234 0.001289538 0.001424944 0.001072604 0.001077235 0.001077235 0.001077947 0.001083647 0.001087209 0.001316611 0.001396285 0.001478095 0.001475958 0.002309009 0.001481301 0.001409465 0.001335848 0.001337985 0.001415877 0.001488782 0.0018672 0.002694195 0.00289323 0.003982384 0.007863929 0.003389169 0.003394868 0.001808901 0.001749442 0.001436894 0.001436538 0.001364345 0.001141712 0.001144205 0.001145631 0.001146343 0.001153111 0.00115418 0.001157386 0.001159523 0.001164154 0.001166648 0.001288963 0.001293238 0.001295019 0.001297156 0.001303924 0.001303924 0.001305706 0.001312118 0.001312118 0.00131283 0.001314968
0.002392629 0.002479233 0.002486258 0.003318295 0.003326725 0.003334219 0.002094886 0.002105658 0.002115962 0.00211643 0.001960299 0.002123455 0.001972007 0.001973412 0.00274201 0.001644728 0.001291319 0.001069042 0.001190288 0.00119385 0.001074385 0.001077235 0.001082935 0.001086853 0.00131768 0.00139201 0.001474889 0.001474889 0.001558125 0.003144553 0.001406971 0.001335848 0.001336204 0.001415521 0.001484863 0.001861857 0.001867913 0.004586033 0.00461033 0.008162674 0.007338276 0.003541748 0.001804982 0.001629265 0.00155066 0.001478824 0.001363989 0.00197405 0.001144205 0.001975832 0.001145274 0.001154536 0.00115703 0.001157386 0.00115988 0.001162729 0.001163442 0.001286826 0.001290031 0.001291457 0.001296444 0.001297868 0.001303569 0.001306062 0.001305349 0.001306062 0.001307843 0.001311049
0.002228186 0.002381507 0.0024886 0.004519245 0.00441824 0.003955935 0.002097228 0.001952337 0.001956083 0.00211362 0.001963577 0.001973881 0.002444148 0.002445085 0.002276426 0.001288113 0.001289894 0.001297375 0.001188863 0.001070823 0.001069754 0.001076523 0.001079729 0.001081866 0.001086853 0.001088634 0.001394504 0.001473108 0.001480945 0.002312927 0.001403053 0.001330504 0.001334422 0.001334422 0.001411246 0.001488426 0.001787527 0.002774121 0.00289038 0.004211786 0.007782118 0.002631517 0.001653116 0.001653116 0.001431907 0.001355796 0.001360071 0.001138862 0.001143493 0.001142424 0.001145631 0.001144918 0.001150974 0.001158098 0.001160236 0.001282907 0.001282195 0.001163798 0.001286826 0.001288251 0.001292169 0.001298225 0.001300006 0.001302856 0.001304637 0.001302143 0.001307131 0.001309624
0.00222959 0.00222959 0.002389 0.004418708 0.00333094 0.002395089 0.002099569 0.002108 0.002106126 0.00196264 0.002431503 0.002436655 0.001974817 0.002445553 0.002746694 0.001285976 0.00129025 0.001293457 0.001414347 0.001294169 0.00107296 0.001077591 0.001076879 0.001084003 0.001083647 0.001085784 0.001392722 0.001394147 0.001476314 0.002311146 0.002712183 0.001327654 0.001329435 0.001570859 0.001334066 0.001407328 0.001634236 0.002016216 0.002251941 0.003228398 0.002250249 0.002025834 0.001723171 0.0014984 0.001424426 0.00142977 0.001963363 0.001133875 0.001139218 0.001141712 0.001145987 0.001147055 0.001150974 0.001155605 0.001154892 0.001994712 0.001164866 0.001283976 0.001283263 0.001284688 0.001292882 0.001298225 0.001296444 0.001297513 0.001297156 0.001296444 0.002013948 0.001301431
0.002231464 0.002224438 0.002229122 0.002230995 0.002397899 0.001947185 0.002100038 0.001949526 0.002426351 0.00243244 0.001964982 0.002437122 0.001971539 0.001972944 0.00227221 0.002276426 0.002376962 0.002277362 0.001291675 0.001294881 0.001069754 0.001988868 0.001992146 0.001995425 0.001077591 0.001309843 0.001388447 0.001393079 0.001466696 0.001470615 0.001398422 0.001326229 0.001328367 0.001327298 0.001524299 0.001406615 0.001558481 0.001860432 0.002019422 0.002397484 0.003079026 0.001723528 0.001643498 0.001497688 0.001424782 0.00154496 0.001131025 0.001134944 0.001137794 0.001141712 0.001144205 0.001265452 0.001978325 0.001155605 0.001158098 0.001160592 0.001163442 0.001165935 0.001281838 0.001283263 0.001289319 0.002231951 0.00129395 0.001296444 0.001298937 0.002008961 0.001297868 0.001297513
0.001925641 0.002385253 0.002385253 0.003027927 0.002092076 0.001938286 0.002098165 0.0019514 0.001953741 0.001959361 0.00196545 0.001966387 0.001973412 0.001974349 0.001973881 0.002276894 0.002379304 0.002279704 0.00141221 0.001068685 0.001984653 0.001988868 0.001991678 0.001071892 0.001071535 0.001080797 0.001309487 0.001385954 0.00138916 0.002223992 0.001394147 0.001323736 0.001323379 0.001329435 0.001333354 0.001404834 0.001478095 0.001557412 0.001712484 0.001790733 0.002549097 0.001568456 0.001610028 0.001419439 0.001543536 0.001470274 0.001132094 0.001252628 0.001136012 0.001137794 0.001143493 0.001263315 0.001145987 0.001152042 0.001158811 0.001155961 0.001991861 0.001162373 0.001283619 0.001281838 0.001287894 0.001516584 0.002230169 0.001053238 0.001291457 0.001292525 0.001291813 0.001292169
0.001925172 0.003020433 0.002226312 0.003324852 0.002092076 0.002090671 0.001939691 0.001948589 0.001951868 0.001962172 0.001965919 0.001962172 0.001965919 0.001972007 0.002125797 0.001972944 0.002274083 0.001981843 0.001985121 0.001981374 0.001986058 0.001986995 0.001985589 0.001073673 0.001074029 0.001079729 0.001307349 0.001309487 0.001504351 0.002222567 0.001390941 0.001319817 0.001316255 0.001094334 0.001099321 0.001404122 0.001401984 0.001557412 0.001713909 0.001787527 0.001639935 0.001491988 0.001535342 0.001463506 0.001467068 0.001472412 0.001960158 0.001252984 0.0013696 0.00113245 0.001255478 0.001260465 0.001144918 0.001149549 0.001453281 0.001153467 0.001276139 0.001992218 0.002220551 0.001506966 0.001512309 0.001513022 0.001513378 0.001288251 0.001292882 0.001290388 0.001290031 0.001292169
0.001920489 0.002077088 0.002376355 0.003320168 0.002089265 0.001938754 0.001942969 0.001944375 0.001952337 0.00195983 0.001962172 0.001961235 0.00196545 0.00197107 0.001970134 0.001969197 0.001979501 0.001982779 0.001982311 0.001981374 0.001985589 0.001991209 0.001069042 0.001074029 0.001080085 0.001080085 0.001307349 0.00130913 0.001312693 0.001312336 0.001314473 0.001209524 0.001092909 0.001093265 0.001094334 0.001403765 0.00147952 0.001478808 0.001554206 0.001635661 0.001565962 0.002325395 0.001536768 0.001464931 0.001469918 0.001471343 0.001127107 0.002434813 0.001367106 0.001132094 0.001361496 0.00227422 0.001564553 0.001523336 0.001524405 0.00160764 0.002363155 0.001457556 0.001159523 0.001990437 0.001504472 0.001510528 0.00116736 0.001287182 0.001287182 0.001294663 0.001291813 0.001292525
0.001924235 0.001921893 0.002080367 0.003023243 0.001931261 0.001938754 0.001942969 0.001947185 0.0019514 0.001952805 0.001958425 0.001960299 0.001963109 0.001967792 0.001971539 0.001974349 0.001974817 0.001974817 0.001980906 0.001986058 0.001982779 0.001990273 0.001070823 0.001072248 0.001076166 0.001079016 0.001080085 0.001308418 0.001310555 0.001308774 0.001084359 0.001092196 0.001091128 0.001087922 0.001316967 0.001397354 0.001398778 0.001476314 0.00155385 0.001870673 0.001606466 0.001491632 0.001416589 0.001461725 0.001236954 0.001241585 0.001238379 0.001953746 0.001124969 0.001354728 0.001435113 0.001556004 0.002348194 0.002426442 0.001599447 0.002433567 0.002360305 0.00157239 0.001986162 0.00127222 0.00115703 0.001386788 0.001998274 0.002000411 0.001169141 0.001171279 0.001176266 0.00117591
0.002373545 0.001920957 0.001921425 0.003020433 0.002248675 0.002097228 0.001941096 0.002104253 0.001953273 0.001949995 0.001958425 0.00196545 0.001967792 0.001974349 0.001972944 0.003691325 0.001975286 0.001977627 0.001980437 0.001986995 0.001985121 0.001989805 0.001069398 0.00107296 0.001077235 0.001077947 0.001080797 0.00108151 0.001084359 0.001082222 0.001084359 0.001087922 0.00109184 0.001090772 0.001319105 0.001516462 0.001399847 0.002860132 0.00155385 0.002390463 0.001483083 0.00148237 0.001453888 0.0014603 0.001464218 0.001238022 0.001117489 0.001121407 0.001954458 0.001353302 0.001356508 0.001436182 0.00151443 0.002023624 0.002503622 0.00172105 0.002356031 0.002282413 0.001381444 0.001156674 0.001161304 0.001994712 0.001167717 0.001167717 0.001169497 0.001172704 0.001169854 0.001174128
0.002469866 0.002218818 0.002226312 0.001929856 0.001934071 0.00365901 0.003037294 0.001949058 0.001955615 0.001951868 0.001960766 0.001966387 0.001970602 0.001974817 0.001976222 0.002128607 0.00197669 0.001977159 0.001980906 0.001984184 0.001986526 0.00107011 0.001070823 0.001074385 0.001079016 0.002381022 0.001080441 0.001203469 0.00191278 0.001084359 0.001084715 0.001082935 0.001084715 0.001088278 0.00131768 0.001394147 0.001474533 0.001551713 0.001554206 0.002386901 0.001479877 0.001406615 0.001453532 0.001454957 0.001234104 0.001233748 0.001119626 0.001118557 0.001122119 0.001351165 0.001353659 0.00135544 0.001556004 0.001512293 0.002900028 0.002426442 0.002355674 0.002283482 0.001494854 0.00115418 0.001157742 0.001281838 0.001169854 0.001168073 0.001165935 0.001169497 0.001170923 0.001172347
0.002312329 0.002322633 0.002224907 0.00238619 0.003032142 0.003029801 0.002100506 0.001948121 0.001949526 0.001957488 0.001958893 0.00196264 0.001969666 0.001973881 0.001979969 0.001979501 0.002139848 0.001980437 0.001983716 0.001982779 0.001985121 0.001191001 0.001070466 0.001076166 0.001079373 0.001196344 0.00119955 0.001197769 0.001912067 0.001195275 0.001198838 0.001084715 0.001082935 0.001085784 0.001312336 0.001391297 0.00146919 0.001550288 0.001551713 0.001598629 0.001482014 0.001408396 0.001337272 0.001335848 0.001109652 0.001110364 0.001233035 0.001114282 0.001118557 0.001121407 0.001348672 0.001351878 0.001434401 0.001512293 0.001868551 0.001635321 0.001444375 0.001567759 0.001610401 0.00149806 0.002461173 0.001992574 0.001996849 0.001163442 0.00116451 0.001167004 0.00303184 0.003033568
0.002470803 0.002471739 0.00221835 0.00394891 0.003326257 0.002094886 0.002098633 0.002105658 0.001952805 0.00195421 0.001961235 0.001965919 0.001972475 0.001979033 0.001978564 0.001982779 0.001980906 0.001984184 0.001981843 0.001980437 0.001985121 0.001070823 0.001070823 0.001071535 0.001076879 0.001908505 0.0011967 0.001198125 0.001911711 0.001198838 0.001201331 0.001199194 0.001200619 0.001307706 0.001384886 0.002292266 0.001462065 0.002378352 0.001588655 0.001517888 0.001401984 0.001329792 0.001107158 0.001113214 0.001108583 0.001229117 0.00111072 0.001230898 0.001117132 0.001121407 0.001117845 0.001347603 0.001350453 0.002191341 0.001557428 0.002272082 0.001370401 0.001447225 0.001976544 0.001509013 0.001988655 0.001281126 0.001161661 0.001162373 0.001164154 0.003218677 0.003024928 0.003027808
0.002471271 0.002374482 0.003317358 0.003322041 0.002390874 0.003037294 0.001944375 0.001953273 0.001956552 0.00195421 0.001955615 0.001966855 0.001975286 0.001984184 0.002137974 0.001982779 0.001981843 0.001985589 0.001985589 0.001988868 0.001986526 0.001067261 0.001074385 0.001069398 0.001073317 0.001074741 0.001197057 0.001198482 0.001199906 0.001200975 0.002386722 0.001079373 0.001082222 0.001306993 0.001385242 0.001580818 0.001461709 0.002768703 0.001584736 0.00139201 0.001442132 0.00132516 0.001100746 0.001105733 0.001105733 0.001105021 0.001106802 0.00111072 0.001114282 0.001117489 0.001115351 0.001349028 0.001351878 0.001356508 0.001359715 0.001361139 0.001138506 0.001141712 0.001142424 0.001269727 0.001272933 0.001041127 0.001158454 0.001158098 0.001161304 0.0030232 0.00302032 0.003214069
0.002472676 0.004034458 0.003320168 0.002094886 0.001936413 0.001942969 0.001948121 0.001952337 0.0019514 0.001961703 0.001957957 0.001967792 0.001974817 0.001978564 0.001981374 0.001981374 0.001979501 0.001982779 0.001986526 0.001987463 0.001986058 0.002148278 0.001190288 0.001068685 0.001072248 0.001074029 0.001194919 0.001903162 0.001312247 0.001199194 0.00107866 0.001080797 0.001079373 0.001305568 0.00130913 0.00146064 0.001458859 0.001462422 0.001582243 0.001388804 0.001436789 0.00144142 0.001218074 0.00121843 0.001219855 0.001105377 0.001107514 0.001109295 0.001108583 0.001233035 0.001110008 0.001346534 0.001470274 0.001361407 0.001129956 0.001132806 0.001134944 0.001142068 0.001142781 0.00114848 0.001271864 0.001036496 0.001986875 0.001158811 0.001159167 0.001162017 0.003021472 0.005143495
0.003311738 0.003314079 0.002387596 0.002093949 0.001938754 0.001946716 0.001949526 0.001950931 0.001960299 0.001958893 0.001962172 0.00197669 0.001975286 0.001975286 0.001975754 0.001985589 0.001980437 0.001985121 0.001980906 0.0019884 0.001992615 0.001990741 0.001989805 0.001187082 0.001189576 0.002378885 0.001074385 0.001192782 0.001194919 0.00107866 0.001077947 0.001076166 0.001079373 0.001304143 0.001305924 0.001456365 0.002286566 0.001459572 0.001385242 0.001388447 0.001431446 0.001435008 0.001212018 0.001217005 0.001101815 0.00110787 0.001106802 0.001108583 0.001940209 0.001230898 0.00111357 0.001340834 0.001347603 0.001426208 0.001354728 0.001360427 0.00113815 0.001140999 0.001142068 0.001149193 0.001150261 0.001150974 0.001153111 0.001272933 0.001986518 0.001989368 0.0030232 0.0030232
0.002223033 0.003318295 0.001936413 0.001941564 0.001939691 0.001948121 0.0019514 0.001950931 0.00195983 0.001960299 0.00197107 0.001972944 0.00197669 0.001974817 0.001979501 0.001982311 0.001982779 0.001986058 0.001985589 0.001985121 0.001987463 0.001989336 0.001988868 0.001071892 0.002380666 0.001074029 0.001077235 0.001077235 0.001073673 0.001075098 0.001072248 0.001073317 0.001075454 0.001077591 0.001303431 0.001804075 0.001450666 0.001571912 0.00137883 0.001385242 0.001085428 0.001088634 0.001093265 0.001212018 0.001098965 0.001101459 0.001103596 0.001105733 0.00110787 0.00123161 0.00194769 0.001344753 0.001420864 0.001539261 0.002733557 0.002263177 0.001132094 0.001140999 0.001141712 0.001977613 0.001144918 0.001148836 0.001271152 0.001151686 0.001155961 0.00115703 0.001162373 0.003025504
0.002323569 0.0022324 0.001941564 0.001937349 0.001943438 0.001951868 0.001949526 0.001953273 0.00195983 0.001964982 0.001968261 0.001970134 0.001978564 0.001979501 0.001978564 0.001983247 0.001986058 0.001984184 0.001987931 0.001983716 0.003702099 0.001993083 0.00107011 0.002375323 0.001193494 0.002379241 0.001073673 0.00107581 0.001074385 0.001071179 0.001069398 0.001074029 0.00107296 0.001075098 0.001299156 0.00137598 0.001374555 0.001300581 0.001307349 0.001309843 0.001085072 0.001206318 0.001207031 0.001330771 0.001214155 0.001099677 0.001098252 0.001107158 0.001106089 0.001230186 0.001456738 0.00158119 0.002249284 0.002252134 0.002257833 0.002259971 0.001962295 0.001138862 0.001142424 0.001146343 0.001145987 0.001148836 0.001153467 0.001986518 0.001274714 0.001160592 0.001163085 0.00302608
0.002331532 0.002233806 0.001942033 0.001943906 0.001947652 0.001953741 0.001948589 0.001950931 0.002118303 0.003677275 0.001966855 0.001969197 0.003693199 0.001980437 0.001986058 0.001985121 0.001984184 0.001993551 0.0019884 0.001987463 0.001990273 0.001992146 0.001069754 0.001066192 0.00107011 0.001072248 0.001069042 0.001070466 0.0009531387 0.001068685 0.001067617 0.001070823 0.00107011 0.001299869 0.00154058 0.00129595 0.001374911 0.001302362 0.001308418 0.001310199 0.001083647 0.001207031 0.0012081 0.001216649 0.001215936 0.001101459 0.001101102 0.001106089 0.001105021 0.001106445 0.001113926 0.001337629 0.00224501 0.002250709 0.001544248 0.002263533 0.002791072 0.001138506 0.001139931 0.001142781 0.001976188 0.001145987 0.001149905 0.001145987 0.001270439 0.001155961 0.001158811 0.001160592
