02_Processed_Data/Guangdong-driving/GDP/jizhongtxt/gd-gdp-19-txt.txt
ncols         755
nrows         605
xllcorner     491130
yllcorner     2101946
cellsize      1000
NODATA_value  -9999
[rows 420 to 449 of 605, columns 0 to 65 of 755]
-9999 -9999 -9999 -9999 -9999 -9999 -9999 -9999 -9999 -9999 -9999 -9999 -9999 -9999 -9999 -9999 -9999 -9999 -9999 -9999 -9999 -9999 -9999 -9999 -9999 -9999 -9999 -9999 -9999 -9999 -9999 -9999 -9999 -9999 -9999 -9999 -9999 -9999 -9999 -9999 -9999 -9999 -9999 0.001361213 -9999 -9999 -9999 -9999 0.001354232 -9999 -9999 -9999 -9999 -9999 -9999 -9999 -9999 -9999 0.001923149 -9999 0.001441489 0.001389135 0.001499079 0.001314966 0.001506932 -9999
-9999 -9999 -9999 -9999 -9999 -9999 -9999 -9999 -9999 -9999 -9999 -9999 -9999 -9999 -9999 -9999 -9999 -9999 -9999 -9999 -9999 -9999 -9999 -9999 -9999 -9999 -9999 -9999 -9999 -9999 -9999 -9999 -9999 -9999 -9999 -9999 -9999 -9999 -9999 -9999 -9999 -9999 0.00172682 0.00172333 -9999 0.001932747 0.00208981 0.001452833 0.001346379 0.00171635 0.002083702 0.001347251 -9999 -9999 -9999 -9999 -9999 0.001332418 0.001330673 0.001699771 0.001700643 0.001325437 0.001376919 0.001270465 0.001267847 0.001371683
-9999 -9999 -9999 -9999 -9999 -9999 -9999 -9999 -9999 -9999 -9999 -9999 -9999 -9999 -9999 -9999 -9999 -9999 -9999 -9999 -9999 -9999 -9999 -9999 -9999 -9999 -9999 -9999 -9999 -9999 -9999 -9999 -9999 -9999 -9999 -9999 -9999 -9999 -9999 -9999 -9999 0.000538377 0.00171984 0.001718095 0.001397861 0.001396116 0.001924894 0.001339398 0.001340271 0.001337653 0.001706751 0.002077594 0.001707624 0.001331545 0.001702388 0.001383899 0.001699771 0.001697153 0.001322819 0.001431018 0.001374301 0.001476392 0.001369066 0.001266975 0.001365575 0.001362085
-9999 -9999 -9999 -9999 -9999 -9999 -9999 -9999 -9999 -9999 -9999 -9999 -9999 -9999 -9999 -9999 -9999 -9999 -9999 -9999 -9999 -9999 -9999 -9999 -9999 -9999 -9999 -9999 -9999 0.001343761 0.001350742 -9999 -9999 -9999 -9999 -9999 -9999 -9999 -9999 0.001929257 0.001342016 0.001341143 0.001714604 0.001714604 0.001336781 0.001335035 0.001917041 0.001386517 0.001915296 0.001344634 0.001703261 0.001328927 0.001328055 0.001323692 0.001324565 0.001376919 0.001691917 0.001373429 0.001317584 0.001316711 0.001686682 0.001896972 0.001892609 0.001254759 0.001306241 0.00129926
-9999 -9999 -9999 -9999 -9999 -9999 -9999 -9999 -9999 -9999 -9999 -9999 -9999 -9999 -9999 -9999 -9999 -9999 -9999 -9999 -9999 -9999 -9999 -9999 -9999 -9999 -9999 -9999 0.001334163 0.001336781 0.00171635 0.001340271 0.001335908 0.00133329 0.001334163 -9999 -9999 -9999 -9999 0.001335035 0.00133329 0.001334163 0.001335908 0.001706751 0.001328055 0.001910933 0.001380409 0.001381282 0.001327182 0.001977249 0.001944091 0.001698898 0.001379537 0.001903952 0.001317584 0.001314966 0.001311476 0.001681447 0.001681447 0.001416185 0.001359467 0.001357722 0.001355105 0.001246033 0.001244288 0.001294025
-9999 -9999 -9999 -9999 -9999 -9999 -9999 -9999 -9999 -9999 -9999 -9999 -9999 -9999 -9999 -9999 -9999 -9999 -9999 -9999 -9999 -9999 -9999 -9999 -9999 -9999 -9999 0.001695408 0.001324565 0.001377792 0.001378664 0.001328055 0.001325437 0.001908315 0.001909188 0.001339398 0.00138739 0.001330673 0.001487736 0.001698898 0.00132631 0.001325437 0.00132631 0.001321947 0.001320202 0.001690172 0.001374301 0.001371683 0.001325437 0.001335035 0.001916168 0.001901335 0.00205927 0.001684064 0.001680574 0.001678829 0.001304495 0.001889991 0.001306241 0.001881266 0.00187952 0.001348997 0.001240798 0.001239053 0.001236435 0.001287917
-9999 -9999 -9999 -9999 -9999 -9999 -9999 -9999 -9999 -9999 -9999 -9999 -9999 -9999 -9999 -9999 -9999 -9999 -9999 -9999 -9999 -9999 -9999 -9999 -9999 -9999 0.001687555 0.001316711 0.001369938 0.001370811 0.001318457 0.001316711 0.001316711 0.001316711 0.001317584 0.00147901 0.001321947 0.001376046 0.001319329 0.001319329 0.001317584 0.001317584 0.001319329 0.001368193 0.001684937 0.001366448 0.001894354 0.001309731 0.001309731 0.001321074 0.001900462 0.001305368 0.001303623 0.001301878 0.001351614 0.001669231 0.001296642 0.001298387 0.001876903 0.001292279 0.001288789 0.001870795 0.001232072 0.001233817 0.001230327 0.001651779
-9999 -9999 -9999 -9999 -9999 -9999 -9999 -9999 -9999 -9999 -9999 -9999 -9999 -9999 -9999 -9999 -9999 -9999 -9999 -9999 -9999 -9999 -9999 -9999 -9999 0.0003865495 0.001307113 0.001307986 0.001307986 0.001309731 0.001308858 0.001308858 0.001308858 0.001310603 0.001309731 0.001366448 0.001685809 0.001309731 0.001312349 0.001362958 0.001362085 0.001310603 0.001470284 0.001469412 0.001308858 0.001359467 0.001886501 0.00130275 0.00130275 0.001317584 0.001358595 0.001300133 0.00129577 0.00129577 0.001292279 0.001288789 0.001291407 0.001340271 0.001341143 0.001232072 0.001229454 0.001228582 0.001227709 0.001225091 0.001224219 0.001275701
-9999 -9999 -9999 -9999 -9999 -9999 -9999 -9999 -9999 -9999 -9999 -9999 -9999 -9999 -9999 -9999 -9999 -9999 -9999 -9999 -9999 -9999 -9999 -9999 -9999 0.001883011 0.001297515 0.001297515 0.001297515 0.001301005 0.001300133 0.001300133 0.001301005 0.001247778 0.001354232 0.001677084 0.001304495 0.001303623 0.001300133 0.001300133 0.001355105 0.001309731 0.001301878 0.001301005 0.001349869 0.001348997 0.001294897 0.001294025 0.001293152 0.001305368 0.001294897 0.001291407 0.001288789 0.001660505 0.001657887 0.001281808 0.001281808 0.001863814 0.001288789 0.001862942 0.001859451 0.002022622 0.001224219 0.001219856 0.001217238 0.001215493
-9999 -9999 -9999 -9999 -9999 -9999 -9999 -9999 -9999 -9999 -9999 -9999 -9999 -9999 -9999 -9999 -9999 -9999 -9999 -9999 -9999 -9999 -9999 -9999 -9999 0.001346379 0.001875158 0.001290534 0.001294025 0.001345506 0.001345506 0.001293152 0.001876903 0.001293152 0.001293152 0.001293152 0.001292279 0.001291407 0.001871667 0.001395243 0.001292279 0.001296642 0.001355105 0.001663123 0.001344634 0.001289662 0.001288789 0.001287044 0.001869922 0.001301005 0.001871667 0.001283554 0.001864687 0.001862942 0.001275701 0.001275701 0.001274828 0.0013298 0.001274828 0.001855961 0.001271338 0.001850726 0.001212003 0.001213748 0.00184549 0.00184549
-9999 -9999 -9999 -9999 -9999 -9999 -9999 -9999 -9999 -9999 -9999 -9999 -9999 -9999 -9999 -9999 -9999 -9999 -9999 -9999 -9999 -9999 -9999 -9999 -9999 0.001280936 0.001281808 0.001335908 0.001338526 0.001346379 0.001301005 0.001340271 0.001659632 0.001287044 0.00186905 0.001284426 0.001283554 0.001283554 0.001230327 0.001284426 0.001339398 0.00165876 0.001889119 0.001232944 0.001284426 0.001865559 0.001862942 0.001282681 0.001281808 0.001877775 0.001860324 0.001273955 0.00127221 0.001271338 0.001271338 0.00126872 0.001638691 0.001850726 0.001638691 0.001321947 0.001210258 0.001843745 0.001206767 0.001206767 0.00120764 0.00183851
-9999 -9999 -9999 -9999 -9999 -9999 -9999 -9999 -9999 -9999 -9999 -9999 -9999 -9999 -9999 -9999 -9999 -9999 -9999 -9999 -9999 -9999 -9999 -9999 0.001854216 0.00127221 0.001270465 0.001325437 0.001274828 0.001330673 0.001301005 0.001286171 0.001862942 0.001862069 0.001864687 0.001276573 0.001278318 0.001277446 0.001279191 0.001280063 0.001861196 0.001866432 0.002083702 0.001663995 0.001281808 0.001862069 0.001274828 0.001857706 0.001280063 0.001661377 0.001853343 0.001266102 0.001264357 0.001316711 0.001261739 0.001261739 0.001259994 0.001266975 0.001321947 0.001317584 0.001206767 0.001201532 0.001200659 0.001198042 0.001200659 0.001198914
-9999 -9999 -9999 -9999 -9999 -9999 -9999 -9999 -9999 -9999 -9999 -9999 -9999 -9999 -9999 -9999 -9999 -9999 -9999 -9999 -9999 -9999 -9999 -9999 0.001262612 0.00126523 0.001319329 0.00184898 0.001848108 0.001850726 0.001227709 0.001853343 0.001853343 0.00184898 0.001267847 0.001640436 0.001270465 0.001324565 0.001325437 0.001327182 0.001855961 0.001861196 0.001912678 0.001605533 0.001281808 0.0013298 0.00127221 0.001646544 0.001267847 0.001325437 0.001274828 0.001264357 0.001259994 0.001258249 0.001256504 0.001255631 0.001305368 0.0019947 0.001622984 0.001308858 0.001993828 0.001192806 0.001193679 0.001189316 0.001192806 0.001190188
-9999 -9999 -9999 -9999 -9999 -9999 -9999 -9999 -9999 -9999 -9999 -9999 -9999 -9999 -9999 -9999 -9999 -9999 -9999 -9999 -9999 -9999 -9999 -9999 0.001837637 0.001837637 0.001308858 0.001841127 0.001312349 0.001206767 0.001843745 0.001318457 0.001321947 0.001843745 0.001259994 0.001419675 0.002002553 0.002015642 0.0016352 0.001263484 0.001846363 0.001269593 0.001897844 0.001552306 0.001271338 0.001320202 0.001847235 0.001264357 0.00126523 0.00162822 0.001254759 0.001307986 0.001254759 0.001833274 0.001248651 0.001301878 0.001246033 0.001298387 0.001985974 0.001298387 0.001616876 0.001823676 0.001186698 0.00118408 0.001182335 0.001186698
-9999 -9999 -9999 -9999 -9999 -9999 -9999 -9999 -9999 -9999 -9999 -9999 -9999 -9999 -9999 -9999 -9999 -9999 -9999 -9999 -9999 -9999 -9999 -9999 0.0005793879 0.001250396 0.001251269 0.001249523 0.001198914 0.001198042 0.001306241 0.001314094 0.001306241 0.001315839 0.001318457 0.001836764 0.001626475 0.001841127 0.001312349 0.001626475 0.00162822 0.001259994 0.001865559 0.001846363 0.001842872 0.00162822 0.001836764 0.001253886 0.001249523 0.001196296 0.001829784 0.001617749 0.00124516 0.001244288 0.001298387 0.00124167 0.00129577 0.001293152 0.001294025 0.001292279 0.001342889 0.001605533 0.001178845 0.0011771 0.001176227 0.001282681
-9999 -9999 -9999 -9999 -9999 -9999 -9999 -9999 -9999 -9999 -9999 -9999 -9999 -9999 -9999 -9999 -9999 -9999 -9999 -9999 -9999 -9999 -9999 -9999 -9999 0.001294897 0.001296642 0.001191061 0.001196296 0.001202404 0.001830656 0.001307986 0.001197169 0.001832402 0.001303623 0.001300133 0.001301878 0.001248651 0.001247778 0.001248651 0.001831529 0.001304495 0.001843745 0.001634328 0.001835019 0.001835019 0.001301878 0.001193679 0.001403969 0.001188443 0.001190188 0.001242543 0.001243415 0.001821058 0.001292279 0.001237307 0.001978121 0.001287044 0.001816695 0.001284426 0.001286171 0.001280936 0.001171864 0.001170119 0.001171864 0.001170119
-9999 -9999 -9999 -9999 -9999 -9999 -9999 -9999 -9999 -9999 -9999 -9999 -9999 -9999 -9999 -9999 -9999 -9999 -9999 -9999 -9999 -9999 -9999 -9999 0.0005741525 0.001817568 0.001820186 0.001293152 0.001828039 0.001191061 0.001612513 0.001294025 0.001615131 0.001827166 0.001297515 0.001615131 0.001826294 0.001827166 0.001301878 0.00124167 0.001825421 0.001614259 0.001987719 0.00184898 0.001832402 0.00129577 0.001294897 0.001343761 0.001184953 0.001183208 0.001181463 0.001819313 0.001232944 0.001232944 0.001232072 0.001284426 0.001230327 0.001813205 0.00181146 0.001280063 0.001281808 0.001277446 0.001169247 0.001167502 0.001166629 0.001324565
-9999 -9999 -9999 -9999 -9999 -9999 -9999 -9999 -9999 -9999 -9999 -9999 -9999 -9999 -9999 -9999 -9999 -9999 -9999 -9999 -9999 -9999 -9999 -9999 0.00181844 0.001284426 0.001813205 0.001185826 0.001182335 0.001182335 0.001609896 0.001287917 0.001182335 0.001606405 0.001287044 0.001821931 0.001821058 0.001239053 0.001823676 0.001819313 0.001819313 0.001820186 0.001821058 0.001310603 0.001826294 0.001300133 0.001286171 0.001287044 0.001233817 0.001230327 0.001229454 0.001282681 0.001280063 0.001281808 0.001280063 0.001809715 0.001809715 0.00180797 0.001807097 0.001219856 0.001958925 0.001276573 0.001167502 0.001163139 0.001161394 0.001159648
-9999 -9999 -9999 -9999 -9999 -9999 -9999 -9999 -9999 -9999 -9999 -9999 -9999 -9999 -9999 -9999 -9999 -9999 -9999 -9999 -9999 -9999 -9999 -9999 0.0004938759 0.00159768 0.001807097 0.001277446 0.001279191 0.001283554 0.001603788 0.001282681 0.001282681 0.001814078 0.001177972 0.001843745 0.00181495 0.001815823 0.00181146 0.001810587 0.00181146 0.001972886 0.001602915 0.00129577 0.00181844 0.001814078 0.00181146 0.00181146 0.001282681 0.001171864 0.001277446 0.001807097 0.001275701 0.001803607 0.00127221 0.001273955 0.001218983 0.001218111 0.001216366 0.001215493 0.001266102 0.001223346 0.001267847 0.001157903 0.001156158 0.001154413
-9999 -9999 -9999 -9999 -9999 -9999 -9999 -9999 -9999 -9999 -9999 -9999 -9999 -9999 -9999 -9999 -9999 -9999 -9999 -9999 -9999 -9999 -9999 -9999 -9999 0.001593317 0.001802734 0.00127221 0.001276573 0.001607278 0.001596807 0.001169247 0.001222474 0.001277446 0.001596807 0.001832402 0.00181146 0.001810587 0.001275701 0.001806224 0.00181146 0.001174482 0.001629965 0.002013897 0.001287917 0.001598552 0.001275701 0.001274828 0.001273955 0.001166629 0.001802734 0.001966778 0.001323692 0.001799244 0.001267847 0.00121462 0.001164884 0.001160521 0.001261739 0.001260867 0.001208512 0.001212003 0.001269593 0.001167502 0.00115354 0.00178441
-9999 -9999 -9999 -9999 -9999 -9999 -9999 -9999 -9999 -9999 -9999 -9999 -9999 -9999 -9999 -9999 -9999 -9999 -9999 -9999 -9999 -9999 -9999 0.000350774 0.001266102 0.001264357 0.001959797 0.00126872 0.00127221 0.001274828 0.001593317 0.001270465 0.001217238 0.00127221 0.001588954 0.001800116 0.001804479 0.001377792 0.00127221 0.001802734 0.001805352 0.001803607 0.001963287 0.001227709 0.001276573 0.001301878 0.001347251 0.001218983 0.001164011 0.001170119 0.001275701 0.001271338 0.001212003 0.001209385 0.001260867 0.001264357 0.001262612 0.00115354 0.00115354 0.001311476 0.001203277 0.001166629 0.001853343 0.001258249 0.001161394 0.00120415
-9999 -9999 -9999 -9999 -9999 -9999 -9999 -9999 -9999 -9999 -9999 -9999 -9999 -9999 -9999 -9999 -9999 -9999 -9999 -9999 -9999 -9999 -9999 0.001255631 0.001259994 0.001789646 0.001790518 0.001156158 0.001269593 0.00126872 0.001585464 0.00127221 0.001216366 0.001252141 0.001796626 0.001795753 0.001796626 0.001266975 0.001794881 0.001796626 0.001266102 0.001583718 0.001267847 0.001216366 0.001215493 0.001584591 0.001795753 0.001212003 0.001158776 0.001378664 0.001587209 0.00126872 0.001208512 0.001264357 0.00196416 0.001369066 0.001576738 0.001205022 0.001256504 0.001256504 0.001256504 0.001225964 0.002095918 0.001540962 0.001209385 0.001307986
-9999 -9999 -9999 -9999 -9999 -9999 -9999 -9999 -9999 -9999 -9999 -9999 -9999 -9999 -9999 -9999 -9999 -9999 -9999 -9999 -9999 -9999 -9999 0.001252141 0.001252141 0.001254759 0.001255631 0.001254759 0.00126523 0.001262612 0.001266102 0.001955434 0.001232944 0.001426656 0.001795753 0.001580228 0.001261739 0.001260867 0.001792263 0.00157761 0.001312349 0.001789646 0.001794008 0.001212003 0.001793136 0.001581101 0.001313221 0.001210258 0.001205895 0.001261739 0.001260867 0.001259122 0.001572375 0.001581101 0.001616004 0.001587209 0.001950199 0.001575865 0.001942346 0.001940601 0.00157063 0.001940601 0.001596807 0.00166574 0.001263484 0.001249523
-9999 -9999 -9999 -9999 -9999 -9999 -9999 -9999 -9999 -9999 -9999 -9999 -9999 -9999 -9999 -9999 -9999 -9999 -9999 -9999 -9999 -9999 0.001244288 0.00193362 0.001246033 0.001247778 0.001564522 0.001563649 0.001248651 0.001246906 0.001259994 0.001572375 0.001254759 0.001785283 0.001256504 0.001781792 0.001252141 0.001781792 0.001783538 0.001307986 0.001782665 0.001783538 0.001788773 0.001619494 0.001829784 0.001256504 0.001202404 0.001944963 0.001201532 0.00157063 0.001359467 0.001252141 0.001571503 0.001944091 0.001585464 0.001313221 0.001346379 0.001955434 0.001148305 0.001565394 0.001301005 0.001247778 0.001270465 0.001334163 0.001571503 0.001560159
-9999 -9999 -9999 -9999 -9999 -9999 -9999 -9999 -9999 -9999 -9999 -9999 -9999 -9999 -9999 -9999 -9999 -9999 -9999 -9999 -9999 0.0003420483 0.001558414 0.00123818 0.001557541 0.001239053 0.001186698 0.001293152 0.001934492 0.001243415 0.001243415 0.00114656 0.001777429 0.001780047 0.001564522 0.00124516 0.001775684 0.001774812 0.001775684 0.001776557 0.001564522 0.001246033 0.00156714 0.001795753 0.001792263 0.001148305 0.001572375 0.001572375 0.001198042 0.001566267 0.001777429 0.001248651 0.001251269 0.001251269 0.001255631 0.001259122 0.001983357 0.001583718 0.001253014 0.001247778 0.001246906 0.001776557 0.001246906 0.002290502 0.001585464 0.001564522
-9999 -9999 -9999 -9999 -9999 -9999 -9999 -9999 -9999 -9999 -9999 -9999 -9999 -9999 -9999 -9999 -9999 -9999 -9999 -9999 -9999 -9999 0.001177972 0.001232072 0.001231199 0.001179718 0.00118059 0.001183208 0.001132599 0.001554924 0.001240798 0.001559286 0.001771322 0.001563649 0.001561032 0.001239053 0.001292279 0.001187571 0.001770449 0.001931875 0.001294897 0.001560159 0.001190188 0.001192806 0.001199787 0.001195424 0.001565394 0.001569757 0.001569757 0.001257377 0.001563649 0.001140452 0.001248651 0.001250396 0.001258249 0.001787028 0.001697153 0.001314094 0.001573248 0.001564522 0.001246906 0.001192806 0.001566267 0.002003426 0.002084575 0.001218983
-9999 -9999 -9999 -9999 -9999 -9999 -9999 -9999 -9999 -9999 -9999 -9999 -9999 -9999 -9999 -9999 -9999 -9999 -9999 -9999 -9999 -9999 0.001224219 0.001225091 0.001914423 0.001227709 0.001227709 0.001174482 0.001176227 0.001230327 0.001231199 0.001127363 0.001239053 0.001187571 0.001553179 0.001764341 0.001552306 0.001765214 0.001181463 0.00118408 0.001290534 0.001239925 0.001560159 0.001563649 0.001576738 0.001606405 0.001286171 0.001843745 0.001669231 0.001797499 0.00124516 0.001564522 0.001253014 0.001267847 0.00160117 0.001619494 0.001442362 0.001449342 0.001952816 0.001252141 0.001250396 0.001576738 0.001576738 0.001354232 0.001657015 0.001602042
-9999 -9999 -9999 -9999 -9999 -9999 -9999 0.001216366 -9999 -9999 -9999 -9999 -9999 -9999 -9999 -9999 -9999 -9999 -9999 -9999 -9999 -9999 0.001216366 0.001537472 0.001221601 0.001540962 0.001223346 0.001169247 0.001224219 0.001172737 0.001225091 0.001228582 0.001125618 0.001544453 0.00117361 0.001755615 0.001758233 0.001758233 0.001766086 0.001187571 0.001556669 0.001558414 0.001557541 0.001205022 0.001860324 0.0017879 0.001312349 0.001449342 0.001596807 0.001867304 0.001280936 0.001580228 0.001259994 0.001625602 0.001518276 0.001670976 0.001636945 0.002006043 0.001594189 0.00157761 0.001581973 0.001250396 0.001345506 0.001315839 0.002006043 0.001594189
-9999 -9999 -9999 -9999 -9999 -9999 -9999 0.001091588 0.001199787 -9999 -9999 -9999 -9999 -9999 -9999 -9999 -9999 -9999 0.001735546 -9999 -9999 0.001158776 0.001159648 0.001215493 0.0015366 0.001218983 0.001905698 0.001218111 0.001219856 0.001221601 0.001219856 0.001166629 0.001226836 0.001116892 0.00175387 0.00175038 0.001170119 0.001116892 0.001917041 0.001548816 0.001647416 0.001595062 0.001551433 0.001557541 0.001600297 0.003274763 0.001776557 0.00126523 0.001854216 0.001778302 0.001255631 0.00123818 0.001642181 0.001361213 0.001637818 0.001616876 0.00162822 0.001461558 0.001835019 0.001443234 0.001778302 0.001650034 0.001500824 0.001698026 0.001790518 0.001579356
-9999 -9999 -9999 -9999 -9999 -9999 -9999 0.001082862 0.001190188 -9999 -9999 -9999 -9999 -9999 -9999 -9999 0.001199787 -9999 0.00114656 0.001150923 0.001206767 0.001221601 0.001205022 0.001264357 0.001226836 0.001217238 0.001267847 0.001218983 0.001533109 0.001212875 0.00121462 0.00121113 0.001109039 0.001533109 0.001747762 0.001163139 0.001164011 0.00175038 0.001537472 0.001274828 0.00154009 0.001541835 0.00154009 0.001277446 0.001279191 0.001279191 0.001754743 0.00175736 0.001758233 0.001227709 0.001228582 0.001554924 0.001163139 0.001678829 0.001682319 0.001678829 0.002088065 0.001826294 0.002408299 0.002017387 0.004221504 0.002525224 0.002531332 0.001304495 0.001919659 0.001566267
