02_Processed_Data/Guangdong-driving/GDP/jizhongtxt/gd-gdp-10-txt.txt
ncols         755
nrows         605
xllcorner     491130
yllcorner     2101946
cellsize      1000
NODATA_value  -9999
[rows 150 to 179 of 605, columns 272 to 339 of 755]
0.003411083 0.003403534 0.003395146 0.003378372 0.003086186 0.003082831 0.005027478 0.005024122 0.003061024 0.003335596 0.003317983 0.003309595 0.04231552 0.05306932 0.04031605 0.0402672 0.04015865 0.04195727 0.04187043 0.04180529 0.0486823 0.04980404 0.0509095 0.05202581 0.05198238 0.06163615 0.06165243 0.04956521 0.05929497 0.04147419 0.04139276 0.009483363 0.009480171 0.009486554 0.008938716 0.00891957 0.008917974 0.008913188 0.009964188 0.009417947 0.01143459 0.01143778 0.01142183 0.01054107 0.01053788 0.008822244 0.009897177 0.009905155 0.009909942 0.008842986 0.008820649 0.01102988 0.0110219 0.009320622 0.009319027 0.009307858 0.01248958 0.01451101 0.01450143 0.01482158 0.01512897 0.01512897 0.010541 0.01479606 0.01090543 0.009228081 0.009215319 0.009213723
0.003411921 0.003389275 0.003382565 0.003387598 0.003094574 0.005038381 0.005034187 0.005017412 0.00501238 0.003040895 0.003311273 0.003306241 0.04228296 0.05303675 0.04037033 0.04395131 0.04021835 0.05280877 0.05273821 0.05272192 0.04866601 0.04980404 0.05088779 0.05084436 0.05197153 0.05311498 0.05193353 0.05071409 0.0676818 0.04838919 0.04603714 0.009464217 0.009467408 0.009472195 0.01478782 0.008930738 0.008894042 0.009432307 0.009972167 0.009427521 0.01108731 0.01143778 0.01141864 0.01142502 0.01053948 0.009370082 0.008833413 0.008839794 0.009368487 0.009363699 0.008822244 0.01066984 0.01067462 0.009327003 0.009317431 0.009304665 0.009290306 0.01130855 0.01131333 0.0116271 0.01513535 0.01193768 0.01478967 0.01126706 0.01126387 0.009229679 0.009232868 0.01241618
0.005077801 0.003390952 0.00338592 0.003379211 0.005045929 0.005035026 0.003067734 0.00305683 0.003049282 0.003050121 0.003304563 0.003302047 0.04224496 0.05304218 0.0403649 0.0402672 0.04021835 0.04018578 0.04014236 0.04187043 0.05270564 0.0468131 0.06666861 0.05092034 0.05084436 0.06402075 0.06397191 0.05188468 0.04957606 0.04838376 0.06414831 0.009451452 0.009475386 0.009464217 0.01477825 0.009464217 0.008911593 0.008903614 0.008898827 0.008890851 0.01142023 0.01141544 0.01141544 0.01140747 0.01142183 0.009366891 0.009376464 0.009368487 0.009374868 0.009352531 0.009349341 0.008801503 0.009303072 0.009309452 0.009317431 0.009317431 0.009296689 0.01415575 0.01130057 0.01126387 0.01124472 0.0144408 0.01445357 0.01445516 0.01818312 0.009226487 0.009223296 0.0124114
0.003404372 0.00338592 0.003379211 0.003369984 0.003359081 0.005030832 0.003061863 0.003611845 0.003042572 0.003039217 0.003300369 0.00328611 0.003276885 0.04216354 0.04032148 0.04027806 0.04015322 0.04016407 0.04012608 0.04007722 0.05268936 0.05257537 0.04863344 0.0479837 0.05088779 0.07670345 0.06393934 0.06275246 0.06153844 0.04830777 0.04719146 0.04137105 0.0414959 0.00949134 0.009457833 0.009464217 0.0147607 0.01475272 0.009417947 0.01108731 0.01145055 0.01673107 0.0170608 0.01141225 0.01671831 0.01628455 0.009893985 0.01467454 0.009360508 0.009347745 0.009325408 0.008814268 0.009320622 0.009298284 0.009312644 0.01251191 0.009303072 0.01247522 0.009264779 0.01093255 0.01092457 0.01444719 0.0112559 0.010915 0.01411267 0.01091819 0.009234465 0.01614574
0.003386759 0.003371662 0.003369984 0.003358242 0.003355725 0.005027478 0.003057669 0.003612683 0.003040895 0.003022443 0.003297015 0.003294498 0.003289466 0.04216897 0.04027806 0.04207126 0.04018578 0.04013151 0.04005009 0.04005009 0.04002837 0.05260251 0.04173473 0.047452 0.04747914 0.06177727 0.06163072 0.06157101 0.07413431 0.05917555 0.04145247 0.04142534 0.0413602 0.009467408 0.009457833 0.009470598 0.009440285 0.008902019 0.01057298 0.01089792 0.01740648 0.01209085 0.01900053 0.01706399 0.01706239 0.0146873 0.01467454 0.01466975 0.01466975 0.009347745 0.0146522 0.008782358 0.009317431 0.009304665 0.01249277 0.00876002 0.0124816 0.009280734 0.009264779 0.01244012 0.009242442 0.009234465 0.009239251 0.01453414 0.009239251 0.01614574 0.0124082 0.009229679
0.003387598 0.003367468 0.003363275 0.003358242 0.003358242 0.003070251 0.003055153 0.003608489 0.003034184 0.003016571 0.003289466 0.00328611 0.003276046 0.04217982 0.04213097 0.0402672 0.04024006 0.04018578 0.04014779 0.04007722 0.04002294 0.03995781 0.0417293 0.04742486 0.0582655 0.05087693 0.05197153 0.05368331 0.05131499 0.06034614 0.04139276 0.05946593 0.04137105 0.009475386 0.009453048 0.00945624 0.01476389 0.01112561 0.01110965 0.01141864 0.01209245 0.01740329 0.01740488 0.01208287 0.01705761 0.011057 0.01104743 0.01103466 0.01466975 0.01467135 0.0146538 0.00879193 0.008780762 0.008769593 0.008774379 0.008756828 0.009291903 0.009275948 0.008728109 0.009259991 0.009248825 0.01243692 0.009226487 0.01242256 0.009236059 0.009228081 0.009220106 0.009231274
0.003102962 0.003096251 0.003367468 0.003359919 0.003352371 0.003349855 0.003048443 0.003051798 0.003036701 0.003292821 0.003287788 0.00328695 0.003277724 0.05301503 0.04210383 0.04024549 0.0401695 0.04010979 0.04013693 0.04007722 0.03995238 0.03986011 0.03989267 0.04165331 0.04852489 0.0508335 0.0639122 0.05297928 0.06258419 0.05124442 0.06521577 0.04133307 0.04131135 0.04140905 0.01478942 0.009433901 0.01475751 0.01113199 0.01677575 0.01673586 0.01707675 0.01708313 0.01707356 0.01707675 0.01706877 0.01212076 0.01211598 0.0121064 0.01468411 0.01465859 0.008807885 0.008774379 0.008796717 0.009312644 0.009315834 0.008761616 0.008734492 0.0087313 0.008716943 0.008710559 0.009266376 0.009242442 0.009229679 0.009240847 0.009229679 0.009234465 0.009226487 0.009220106
0.003101283 0.003096251 0.003092896 0.003077799 0.003076122 0.003066057 0.003061863 0.003051798 0.003033346 0.003298691 0.00328695 0.00299057 0.002991409 0.06025298 0.05296075 0.04023464 0.04014779 0.04008808 0.04004465 0.03997952 0.03992524 0.0398981 0.04168588 0.04742486 0.05831978 0.05083893 0.05306613 0.06500137 0.06382535 0.06983843 0.05915926 0.04138734 0.04138734 0.04135478 0.009459429 0.009976953 0.00943071 0.01110646 0.0167566 0.01106976 0.01673905 0.0167566 0.01142183 0.01674862 0.01673426 0.01637741 0.01637422 0.01637582 0.01104424 0.01466018 0.009336576 0.00879193 0.008774379 0.008783952 0.00877757 0.008755232 0.008744066 0.008726515 0.008707369 0.009245632 0.009232868 0.009236059 0.009221702 0.009234465 0.009232868 0.01242416 0.009224891 0.01241778
0.003100445 0.006166022 0.003083671 0.003077799 0.003076122 0.003068572 0.003059346 0.005000638 0.003305401 0.003298691 0.003282756 0.003003152 0.002998119 0.04032691 0.05289562 0.04205498 0.04015322 0.04009894 0.04003923 0.05266222 0.04172387 0.05981332 0.0525428 0.04175102 0.05829807 0.05198238 0.06505022 0.05412273 0.0552499 0.06376021 0.05915926 0.04711546 0.05947679 0.05946051 0.04133307 0.03951272 0.04132221 0.04705033 0.01642528 0.01641092 0.01641571 0.01640932 0.01642847 0.009400397 0.00938125 0.009366891 0.01468092 0.009368487 0.01049959 0.008812672 0.0146522 0.008793524 0.009307858 0.008775975 0.008788739 0.008772783 0.01246086 0.01245288 0.0124465 0.009234465 0.009221702 0.009210531 0.009242442 0.009237655 0.01243533 0.008691414 0.008700985 0.01241937
0.003106316 0.003087025 0.003084509 0.003075283 0.003080315 0.003066895 0.003053475 0.003041733 0.003028313 0.003297015 0.003292821 0.00328695 0.002995604 0.04027806 0.05293361 0.04201156 0.04014779 0.04008808 0.04002837 0.03995238 0.03988725 0.0398981 0.04169674 0.03989267 0.05937638 0.05313126 0.06620453 0.06848058 0.07998183 0.05521733 0.04944037 0.04833491 0.04826434 0.04462365 0.04532226 0.04129507 0.03948558 0.04700691 0.04698519 0.0110937 0.01057139 0.009429116 0.009422733 0.008866917 0.008841392 0.01469049 0.009358913 0.008817459 0.008804694 0.008803098 0.008783952 0.008788739 0.008769593 0.009288711 0.00876002 0.009275948 0.008748851 0.008193037 0.008721728 0.009247229 0.009234465 0.008705772 0.009239251 0.008726515 0.00872492 0.01243214 0.008693009 0.008699391
0.003099607 0.003086186 0.003088702 0.003081992 0.00307696 0.003072766 0.00306354 0.003045088 0.003035023 0.00301741 0.003004828 0.003282756 0.0403432 0.0403052 0.05289562 0.05292819 0.04009894 0.04000666 0.04002294 0.03989267 0.03990896 0.03992524 0.03990353 0.03982754 0.0455828 0.05199867 0.05534218 0.05643135 0.07340991 0.05156579 0.06262762 0.06144617 0.0494078 0.05913755 0.04823177 0.0470449 0.04702319 0.04819378 0.04811236 0.04812864 0.04519199 0.008894042 0.01260126 0.01259009 0.008343014 0.008849367 0.008817459 0.008811075 0.0146522 0.01464742 0.008783952 0.008780762 0.008763211 0.008744066 0.008740873 0.008740873 0.008736088 0.008726515 0.008729706 0.01244809 0.009250419 0.008705772 0.008699391 0.008723322 0.008718537 0.00872492 0.008712155 0.008712155
0.003093735 0.003095412 0.003087025 0.003077799 0.005034187 0.00306354 0.00305096 0.003045927 0.003033346 0.004980508 0.003292821 0.06035611 0.04031605 0.06025841 0.04210383 0.05289562 0.04019663 0.04008265 0.04174559 0.04171845 0.03990353 0.03989267 0.03989267 0.03981125 0.04555023 0.05080094 0.05077379 0.05303899 0.05412816 0.06494167 0.06269819 0.04702455 0.060281 0.06145702 0.05053496 0.04938066 0.04938066 0.04927753 0.04812864 0.05900185 0.05786383 0.05786926 0.05780412 0.01260286 0.01257095 0.008846177 0.008833413 0.008828626 0.008819053 0.008807885 0.008787144 0.008790335 0.008761616 0.008752042 0.008758424 0.00874566 0.00872492 0.008740873 0.008734492 0.008728109 0.0087313 0.008721728 0.008723322 0.01244331 0.008700985 0.008720132 0.008726515 0.01245288
0.003100445 0.005045091 0.003082831 0.003635329 0.005028315 0.003620232 0.003045088 0.003041733 0.003031669 0.003293659 0.003009862 0.04223954 0.04033777 0.04217982 0.04209841 0.0420007 0.04015865 0.0400338 0.05259166 0.03814832 0.03808861 0.03994695 0.03988182 0.03983296 0.03983296 0.0582275 0.05927868 0.06041127 0.07422657 0.06271446 0.06269275 0.0615113 0.06147873 0.05059467 0.06255706 0.06024844 0.06017787 0.06012359 0.06009645 0.06014531 0.0463463 0.04519742 0.01056022 0.01056022 0.008855749 0.008847772 0.008857345 0.008836604 0.008814268 0.008803098 0.008787144 0.008774379 0.008766402 0.008753639 0.008758424 0.008739279 0.008737682 0.008736088 0.0087313 0.008737682 0.008720132 0.008736088 0.0087313 0.008721728 0.008721728 0.008718537 0.008710559 0.01244969
0.005050962 0.005043413 0.003087025 0.00307696 0.00306354 0.00306438 0.003047605 0.003045927 0.00303083 0.003295336 0.003003152 0.04220154 0.04216897 0.04212555 0.06017699 0.04201698 0.04189757 0.04002294 0.03997952 0.03988725 0.03983296 0.03986553 0.03983839 0.0435225 0.03983296 0.04738686 0.04845432 0.05927868 0.06042213 0.0615493 0.06382535 0.06384163 0.06379279 0.07641578 0.0625462 0.04755489 0.04744633 0.0474626 0.05113044 0.04744633 0.04754945 0.04637887 0.06509635 0.01056341 0.008847772 0.008849367 0.01254861 0.009887604 0.008807885 0.008811075 0.008788739 0.008767998 0.00877757 0.008756828 0.009272755 0.008752042 0.00876002 0.008744066 0.008734492 0.008734492 0.008739279 0.008744066 0.01247681 0.008726515 0.00871375 0.01456445 0.008729706 0.0124465
0.003089542 0.003082831 0.003085347 0.003077799 0.003066057 0.003059346 0.003050121 0.003050121 0.003029153 0.006094728 0.003295336 0.003011539 0.04043004 0.04217982 0.05871602 0.05286848 0.04190842 0.04184329 0.04000124 0.03991981 0.03984382 0.03983839 0.03986011 0.03989267 0.03984382 0.05246681 0.04158275 0.04733258 0.05938724 0.05931668 0.06384163 0.05417159 0.07765692 0.0492626 0.04873091 0.04756574 0.046368 0.04514857 0.05107616 0.04744633 0.04748432 0.04629201 0.01091388 0.0117707 0.01229939 0.01088197 0.01052671 0.008830221 0.01252946 0.008814268 0.008771189 0.008780762 0.00876002 0.008739279 0.008744066 0.008736088 0.008752042 0.008744066 0.008732897 0.00874566 0.00874566 0.008753639 0.01247202 0.0087313 0.008729706 0.008718537 0.00871375 0.008704177
0.007888054 0.003088702 0.003084509 0.003076122 0.003074444 0.003052637 0.003057669 0.003042572 0.003036701 0.003308756 0.006088858 0.003291982 0.04045719 0.04219069 0.04781025 0.04199528 0.04194642 0.041827 0.04002837 0.03988725 0.03987639 0.03983296 0.03983296 0.04347908 0.04347365 0.03982754 0.0524451 0.05820579 0.04371903 0.07201023 0.06273075 0.07537545 0.07650262 0.06984386 0.04765801 0.04635715 0.04524083 0.04518113 0.04633001 0.04631373 0.0452137 0.04514857 0.01091707 0.01159407 0.01212914 0.01124041 0.01087559 0.03927388 0.03924674 0.008796717 0.008790335 0.01250074 0.008763211 0.008758424 0.00874247 0.008744066 0.00874566 0.008744066 0.00874566 0.01045651 0.008766402 0.01248479 0.01248319 0.008739279 0.01245767 0.00874247 0.008723322 0.008729706
0.007890891 0.003094574 0.003087025 0.003631136 0.00306438 0.003617716 0.00305683 0.003603457 0.003027475 0.003292821 0.00329953 0.04048975 0.04047889 0.04222868 0.04784281 0.05858575 0.05274907 0.04000666 0.0526785 0.03995781 0.03991981 0.03988182 0.03981125 0.03980582 0.03986553 0.03987639 0.05249395 0.05825464 0.05252109 0.0581678 0.04962492 0.06043299 0.06042213 0.05134212 0.04649284 0.03956699 0.04526255 0.04520285 0.04633001 0.04630287 0.04517027 0.04522455 0.04638972 0.04751146 0.05048069 0.05044269 0.0485355 0.05882273 0.03919246 0.008790335 0.008793524 0.008772783 0.008761616 0.008748851 0.00874566 0.008744066 0.01248 0.008767998 0.01045332 0.0145126 0.0104613 0.01248798 0.01247681 0.008737682 0.008753639 0.008756828 0.00874566 0.008737682
0.007886636 0.003093735 0.003083671 0.003072766 0.003053475 0.003048443 0.003609329 0.003035023 0.003020765 0.003302886 0.04044089 0.04223954 0.0530856 0.04210926 0.05866717 0.05858032 0.04187586 0.0417673 0.05268393 0.03997952 0.03989267 0.03990896 0.03987639 0.03985468 0.0525048 0.03982754 0.03982754 0.03980582 0.03986553 0.05247224 0.05934381 0.05925697 0.04844347 0.05017696 0.0453711 0.03957785 0.03949643 0.04525169 0.04524083 0.0452137 0.05782041 0.06517234 0.04639515 0.06626695 0.05902356 0.06015616 0.06008559 0.04615089 0.03919246 0.03914361 0.03917618 0.008788739 0.008752042 0.008736088 0.008752042 0.008761616 0.008758424 0.01043737 0.0108006 0.01450303 0.0104597 0.008758424 0.008752042 0.01247681 0.008739279 0.008753639 0.00874566 0.00874566
0.007888054 0.003095412 0.003079477 0.003081154 0.003061863 0.003328886 0.003595909 0.003585844 0.003018249 0.0422721 0.04046804 0.05310189 0.04032148 0.04028349 0.0528902 0.04198984 0.04005009 0.05264594 0.03996323 0.03994695 0.03991981 0.03982754 0.03981669 0.03984925 0.03984382 0.03987096 0.03985468 0.03984382 0.03986553 0.03984382 0.0473163 0.0581678 0.04547424 0.04543625 0.0396647 0.03963756 0.03959956 0.03957242 0.04528969 0.04527341 0.05796696 0.05797239 0.05791811 0.05791811 0.04696891 0.05900185 0.04623773 0.05766299 0.03914904 0.03914361 0.03908933 0.008785547 0.008758424 0.0145836 0.00874566 0.008734492 0.00876002 0.01045492 0.01417011 0.01451579 0.01045173 0.008758424 0.00876002 0.008775975 0.008782358 0.008756828 0.008767998 0.008752042
0.007880964 0.007875291 0.003076122 0.003352371 0.003908224 0.003046766 0.003047605 0.003027475 0.04053317 0.04047889 0.04050604 0.05311274 0.04033234 0.04029434 0.06010643 0.04013693 0.04002294 0.03996867 0.03993067 0.03988725 0.03992524 0.03987639 0.0398981 0.03993067 0.0398981 0.03981669 0.0398981 0.03994695 0.03995781 0.03983839 0.05245053 0.05241796 0.0397027 0.03961042 0.03968098 0.03965384 0.03959414 0.03777922 0.04527341 0.04530597 0.046444 0.07180396 0.05914298 0.04824806 0.04701776 0.05892586 0.04686035 0.057625 0.0409531 0.0391599 0.03914904 0.00879193 0.008755232 0.00874566 0.00874566 0.008726515 0.00876002 0.008767998 0.008758424 0.008767998 0.008769593 0.008772783 0.008756828 0.008769593 0.008755232 0.00876002 0.008766402 0.008758424
0.007875291 0.007871035 0.003631136 0.003066895 0.003902352 0.003048443 0.003307918 0.003016571 0.04049518 0.04046261 0.04041918 0.04035405 0.04215269 0.05296075 0.04204413 0.04195185 0.04188671 0.04005009 0.03991981 0.03986553 0.04348993 0.03988182 0.04177272 0.04001752 0.03997952 0.05259166 0.03994695 0.03990353 0.03988182 0.03987639 0.03982754 0.03977326 0.03972983 0.03964299 0.03968641 0.04330539 0.03965384 0.03961042 0.04532226 0.04717517 0.060319 0.04831862 0.05912669 0.04822635 0.04705575 0.04693091 0.05765756 0.03919789 0.05184802 0.03917075 0.03917075 0.008796717 0.008761616 0.008748851 0.00874566 0.00874566 0.01248319 0.00876002 0.008763211 0.00877757 0.008785547 0.008780762 0.008779167 0.008767998 0.008761616 0.008771189 0.009288711 0.009304665
0.007879545 0.007862527 0.00307696 0.003069412 0.003055153 0.003040895 0.003307918 0.003305401 0.0405006 0.0404029 0.04048975 0.05302047 0.05300418 0.0529499 0.05284677 0.05280335 0.04374505 0.04363106 0.04000124 0.03987639 0.03991981 0.03996867 0.04000124 0.04000124 0.05264051 0.0399958 0.03991981 0.03991981 0.03992524 0.03986553 0.03983839 0.03981669 0.03977326 0.05238539 0.03967555 0.03971355 0.03970812 0.0396647 0.05807009 0.05917555 0.04834576 0.05918097 0.04832405 0.04826434 0.04811779 0.04688749 0.05761414 0.03918161 0.03917075 0.03919789 0.03918704 0.009858885 0.008795121 0.008774379 0.008763211 0.008764807 0.008764807 0.008756828 0.008753639 0.008774379 0.008775975 0.008771189 0.008779167 0.008766402 0.008761616 0.008774379 0.009311049 0.009817402
0.007872454 0.007863944 0.007835581 0.007831324 0.007807215 0.003045088 0.003583328 0.003297015 0.04041918 0.0403812 0.04032691 0.04039204 0.04031605 0.04028349 0.04018036 0.04015322 0.0436582 0.04001208 0.04002837 0.03993609 0.03996867 0.03995238 0.03990353 0.03998495 0.03994695 0.0399958 0.03994695 0.03991981 0.03991981 0.03989267 0.03990896 0.03987639 0.03983296 0.0398004 0.04518544 0.03972441 0.03967555 0.05233654 0.05237453 0.07189625 0.05915383 0.04477021 0.04829691 0.06630494 0.05897471 0.04691463 0.04677892 0.03919789 0.03918704 0.04283858 0.03920332 0.008795121 0.01252148 0.008796717 0.008764807 0.008766402 0.008761616 0.01249436 0.00877757 0.008771189 0.008775975 0.01249915 0.00877757 0.008782358 0.008775975 0.009295095 0.008756828 0.009293498
0.007866781 0.007852599 0.007836998 0.007818561 0.007791614 0.003591715 0.003302886 0.003003152 0.002996442 0.04035405 0.0403052 0.04032691 0.04028892 0.04024006 0.04017493 0.04013151 0.04010436 0.04001752 0.04000666 0.03998495 0.03995238 0.0398981 0.03994695 0.03997409 0.03993067 0.03998495 0.03995781 0.03996323 0.0398981 0.03992524 0.03988182 0.03989267 0.03983839 0.03974069 0.03972441 0.03975698 0.05237997 0.05242339 0.03965927 0.04542539 0.04655799 0.04649828 0.05910498 0.0590507 0.05901271 0.04695805 0.05201086 0.03928474 0.03925217 0.0392196 0.03923589 0.008795121 0.00880629 0.008796717 0.008772783 0.008771189 0.008769593 0.008767998 0.008769593 0.008772783 0.008774379 0.008775975 0.01250074 0.008769593 0.008764807 0.008779167 0.008763211 0.01247522
0.007856854 0.007855435 0.007831324 0.007794452 0.003040895 0.003583328 0.003298691 0.003006506 0.002993086 0.04037033 0.04032691 0.04027806 0.04021835 0.04014236 0.04018578 0.04014236 0.04010436 0.0400338 0.03996867 0.03991438 0.03992524 0.03989267 0.03991438 0.03992524 0.0399958 0.03996323 0.03996867 0.0399958 0.03993609 0.03994153 0.03987639 0.03987096 0.03978411 0.03976782 0.0397624 0.0524831 0.05240168 0.03975698 0.03971355 0.04542539 0.05917555 0.04824806 0.04941322 0.06018873 0.06017244 0.05894214 0.04509429 0.03930645 0.03923589 0.03925217 0.03926303 0.03924674 0.008814268 0.008790335 0.008772783 0.008771189 0.008764807 0.008764807 0.008775975 0.008795121 0.008783952 0.01250074 0.008796717 0.008788739 0.008775975 0.008772783 0.008775975 0.008761616
0.007854017 0.007838416 0.007822815 0.007807215 0.003029153 0.003020765 0.003013216 0.002996442 0.002988054 0.04035405 0.04029977 0.04027806 0.04022378 0.04014779 0.04015865 0.04012608 0.04005009 0.04003923 0.0400338 0.03995781 0.03991981 0.03990896 0.03989267 0.03991981 0.03998495 0.04005009 0.04000666 0.04002294 0.03996867 0.03991981 0.03989267 0.03991438 0.03984925 0.03981125 0.03980582 0.05251567 0.03978411 0.0398004 0.03970812 0.04539825 0.05186703 0.04944579 0.05049697 0.05048611 0.04934809 0.04811779 0.0462486 0.04506171 0.0392576 0.0392956 0.0392576 0.03925217 0.03920875 0.008815863 0.03913819 0.03911105 0.03911105 0.008787144 0.008788739 0.008780762 0.008799906 0.008785547 0.008780762 0.008772783 0.00877757 0.008771189 0.008780762 0.008795121
0.008791086 0.007828489 0.007802961 0.00777885 0.003020765 0.00301741 0.003009862 0.002994764 0.002992248 0.0403649 0.04029434 0.04028349 0.04013151 0.04018578 0.04375591 0.04015322 0.04008265 0.04000666 0.0399958 0.03996867 0.03987639 0.03991981 0.03992524 0.03993609 0.03997952 0.04002837 0.04000666 0.03996867 0.03996867 0.03994695 0.03995238 0.03991438 0.03987639 0.03986553 0.03979497 0.03986011 0.03982754 0.05242339 0.03968641 0.05226055 0.05191046 0.05172727 0.05396532 0.05392733 0.0647354 0.05041555 0.06621266 0.04698519 0.0468712 0.03924132 0.0392956 0.03929017 0.03918704 0.0392196 0.03917618 0.03914361 0.03918161 0.03914361 0.03914361 0.008793524 0.008801503 0.008804694 0.008793524 0.008788739 0.01251989 0.008811075 0.008812672 0.008801503
0.007825653 0.007800123 0.007790196 0.007766086 0.006655397 0.006647698 0.006632301 0.006613055 0.006596373 0.006593809 0.006593809 0.04021835 0.04014779 0.04014779 0.04019121 0.04015322 0.04006094 0.04008265 0.04000124 0.03994695 0.03984382 0.03991981 0.03995781 0.03987639 0.0399958 0.04003923 0.03999037 0.05263508 0.03997952 0.03999037 0.03997952 0.03988725 0.03988182 0.03984925 0.05253737 0.03982754 0.03981125 0.03969184 0.03964842 0.05799953 0.05053496 0.05172184 0.05858799 0.06194236 0.05963917 0.05740111 0.07856698 0.04929924 0.04627031 0.03930102 0.04506714 0.0392956 0.03929017 0.03924132 0.03924674 0.0392196 0.03924132 0.03921418 0.03918161 0.03911105 0.03918161 0.008812672 0.008831817 0.01253904 0.00880629 0.008817459 0.01627497 0.008815863
0.007798706 0.007797287 0.007785942 0.006656681 0.006654114 0.006648982 0.006624602 0.006610488 0.007453141 0.006580976 0.006570712 0.04019121 0.04016407 0.04012608 0.04011522 0.04011522 0.04005009 0.04002837 0.04002837 0.0399958 0.04000124 0.03987639 0.03990353 0.03994695 0.03996323 0.04360392 0.03994695 0.03991438 0.03991981 0.03993067 0.0398981 0.03990353 0.03990896 0.03988725 0.03991981 0.03984382 0.04550681 0.04363761 0.04541453 0.05913755 0.07635064 0.05397618 0.05852285 0.06933092 0.09124267 0.07515132 0.05852285 0.05157528 0.04627031 0.04511056 0.03937158 0.03931731 0.03929017 0.03927931 0.03927388 0.0392576 0.03922503 0.03925217 0.03919789 0.03918704 0.03922503 0.0392196 0.05191858 0.008822244 0.01253904 0.008811075 0.0125502 0.01254542
0.007805797 0.007788778 0.006669511 0.006654114 0.006646415 0.00663615 0.006607921 0.006605356 0.007446724 0.006575845 0.006574561 0.006573278 0.006566862 0.006547616 0.006546332 0.006554032 0.0065412 0.006537351 0.006957394 0.006521954 0.03997409 0.03989267 0.03991438 0.03994695 0.03995238 0.03988182 0.04354421 0.03992524 0.04563165 0.03993067 0.03993067 0.03990896 0.03986553 0.03991981 0.03991981 0.03980582 0.0397624 0.03965384 0.04540368 0.046444 0.05173269 0.05859885 0.07070484 0.08429352 0.07689409 0.07116055 0.07506447 0.06700602 0.04861692 0.04629201 0.04518113 0.0393553 0.03933359 0.03937158 0.03932273 0.05195658 0.03924674 0.03926303 0.03927931 0.05192944 0.03926303 0.03930102 0.05194573 0.03927931 0.008825435 0.008827031 0.008836604 0.008822244
