02_Processed_Data/Guangdong-driving/Rain/piliangtxt/gd-rain-05-txt.txt
ncols         755
nrows         605
xllcorner     491130
yllcorner     2101946
cellsize      1000
NODATA_value  -9999
[rows 217 to 247 of 605, columns 414 to 482 of 755]
0.6697078 0.6924496 0.701388 0.6953127 0.6804886 0.6855438 0.6929505 0.6794766 0.6755582 0.6932782 0.6882056 0.6855558 0.6963913 0.704055 0.7188309 0.7258534 0.6984867 0.7009044 0.7066541 0.718793 0.7281693 0.7364598 0.7233517 0.744306 0.752754 0.7534271 0.7632445 0.7611756 0.7715335 0.7736831 0.7789736 0.7897314 0.7863734 0.7939565 0.7920763 0.7972995 0.8015456 0.816178 0.8425643 0.8512624 0.8289884 0.8194212 0.8158585 0.8507645 0.857816 0.8407322 0.826773 0.822785 0.8422376 0.8425176 0.8382505 0.8343554 0.838185 0.8390979 0.8488219 0.8395302 0.8580043 0.8458643 0.8366094 0.835079 0.8338801 0.8347655 0.8362399 0.8365101 0.8387537 0.8411829 0.8427589 0.8450236 0.8474598
0.6733928 0.6788926 0.6859256 0.6955777 0.6738043 0.6723194 0.683134 0.6785585 0.6696784 0.6730496 0.6760406 0.6899245 0.7004504 0.6907387 0.7084545 0.7107043 0.6980664 0.7082832 0.7050655 0.7073818 0.7127615 0.7252317 0.7350404 0.7323892 0.7419419 0.7510848 0.7429031 0.7463111 0.7540783 0.7607474 0.7672716 0.7739215 0.7727849 0.781046 0.7813807 0.7989081 0.8117916 0.8295836 0.8268138 0.8267578 0.8298253 0.8486117 0.8310814 0.8672006 0.8604298 0.8388343 0.8158821 0.8200845 0.832974 0.8443424 0.836795 0.823903 0.8217639 0.8254047 0.8422028 0.8353703 0.8373445 0.8421218 0.8427435 0.8323264 0.8327318 0.8336278 0.8348442 0.8360029 0.837078 0.8388695 0.8412235 0.84517 0.8464519
0.6580402 0.6658624 0.6830295 0.6800652 0.6744551 0.6697087 0.6706 0.6711267 0.6747581 0.6710382 0.6745759 0.6836277 0.6855928 0.6902544 0.6966866 0.7037241 0.7005701 0.7099236 0.7157664 0.705375 0.7187456 0.7205167 0.7235193 0.7331246 0.7345067 0.7328873 0.735903 0.7425975 0.7486042 0.7570587 0.7672775 0.7643918 0.7638124 0.7681291 0.7883903 0.7987018 0.8011888 0.8033809 0.8028115 0.7988203 0.8203564 0.8503799 0.8532608 0.8547099 0.8465772 0.8319724 0.8241886 0.8158486 0.8163322 0.8298655 0.8411742 0.8405588 0.8328044 0.8186758 0.8213251 0.8219188 0.8265833 0.8290547 0.8293304 0.8273104 0.8297222 0.8315395 0.8336775 0.8341551 0.835888 0.8374274 0.8396585 0.8425794 0.8452862
0.6570091 0.6657969 0.6679291 0.6705614 0.6709846 0.6654584 0.6681188 0.6718746 0.6820588 0.6774408 0.672682 0.6958745 0.6986525 0.7111319 0.7058924 0.7174448 0.7110048 0.6966633 0.6997964 0.7073317 0.7092745 0.7153637 0.7215132 0.7252358 0.7311321 0.7300712 0.7392376 0.738852 0.7473262 0.7568842 0.7563396 0.755375 0.7689922 0.7868378 0.7955344 0.796545 0.7863369 0.7837702 0.806025 0.8273492 0.8419368 0.8681347 0.8619862 0.8127606 0.8190016 0.8232979 0.8118663 0.817582 0.8105696 0.8134704 0.8209602 0.8330395 0.8461655 0.8331736 0.8246732 0.8188168 0.825351 0.8252951 0.8262413 0.8270161 0.828122 0.8298131 0.8324799 0.8330655 0.8351939 0.8362152 0.8383237 0.8408648 0.8420336
0.6435573 0.654532 0.6606166 0.6654147 0.6708959 0.6637414 0.6617221 0.6649539 0.6668674 0.6693383 0.6719633 0.6894618 0.6876153 0.6883901 0.707567 0.691778 0.6946306 0.6974938 0.7010369 0.7055261 0.7214687 0.7270859 0.7312065 0.7336852 0.7267731 0.7279075 0.7306757 0.7334428 0.738107 0.7429031 0.7486445 0.7566937 0.7697765 0.7832594 0.7908714 0.7700574 0.7797978 0.7967488 0.8153686 0.8488888 0.8555433 0.8183506 0.8228908 0.7994322 0.8019977 0.8008436 0.7984565 0.803753 0.8057605 0.8078581 0.8154539 0.8332645 0.840251 0.821032 0.8162808 0.8167505 0.8202249 0.8228383 0.8251214 0.8249893 0.8268862 0.8301541 0.832302 0.8319498 0.8347393 0.8364027 0.8365774 0.8384818 0.8401733
0.641116 0.6476775 0.6554734 0.6580594 0.6654612 0.6582445 0.6620005 0.6612229 0.6652932 0.6716635 0.6722903 0.67937 0.6827142 0.6829919 0.6865016 0.6966501 0.7001939 0.7037491 0.7007977 0.7019591 0.7237409 0.7389218 0.7310498 0.727376 0.7350713 0.729944 0.7357255 0.7423207 0.7430448 0.7497622 0.7551061 0.7529368 0.7600291 0.7684708 0.773895 0.7707079 0.7860505 0.8035886 0.8320769 0.828087 0.8199617 0.8030632 0.7990137 0.793714 0.8003787 0.801823 0.7975314 0.802699 0.8040363 0.806816 0.8073844 0.825823 0.822585 0.8113847 0.8147147 0.8162552 0.816701 0.8189307 0.821228 0.8246387 0.8261473 0.8290275 0.8311807 0.8306796 0.8330823 0.8355386 0.8355809 0.8367199 0.838677
0.6381128 0.6433436 0.6518202 0.654244 0.6661393 0.6568776 0.6587683 0.6577344 0.6642292 0.6803877 0.6743338 0.6774048 0.689465 0.6897071 0.6988301 0.7145142 0.7306674 0.730675 0.7083045 0.6998336 0.7093452 0.722627 0.7325023 0.7349535 0.7272485 0.7357734 0.7504331 0.7541764 0.7491835 0.7537304 0.7446276 0.75229 0.7806913 0.7694826 0.7682338 0.7672392 0.8031035 0.8186169 0.8190437 0.8071206 0.8142031 0.8055136 0.791924 0.807611 0.806781 0.8026398 0.805006 0.8073307 0.797958 0.7997969 0.8006554 0.8025528 0.8075964 0.8093883 0.8113961 0.813228 0.8156554 0.8176282 0.8197996 0.8246565 0.8260394 0.8282699 0.8299045 0.829519 0.8310112 0.832177 0.8340486 0.835324 0.8378048
0.6372296 0.6444809 0.6462656 0.654244 0.6572457 0.657631 0.658863 0.6629341 0.6809206 0.6880567 0.6855292 0.6824757 0.6812135 0.6866513 0.695651 0.7175012 0.7202497 0.7133169 0.6987672 0.7078223 0.7288867 0.7423438 0.7523935 0.7307767 0.7318137 0.7500393 0.745748 0.7421377 0.7514784 0.7475803 0.770556 0.7842708 0.7789382 0.7656953 0.7580461 0.7638812 0.8068684 0.8051379 0.7987275 0.8058465 0.8170454 0.8293096 0.8081323 0.7992513 0.7963825 0.7956581 0.8041689 0.8037719 0.8075593 0.8117102 0.8044243 0.8030608 0.8039826 0.806326 0.8084826 0.811368 0.8141938 0.8141938 0.8166957 0.8201825 0.8237346 0.823944 0.825918 0.8266345 0.8272911 0.8303621 0.8307472 0.8326263 0.8336522
0.6427572 0.6387587 0.6418938 0.6496145 0.6488343 0.6496496 0.6608231 0.6561815 0.6651127 0.6770166 0.6850038 0.6807353 0.6871239 0.6894375 0.7037696 0.7256696 0.7222691 0.7222691 0.712336 0.6991633 0.7048214 0.7122592 0.7274767 0.7383553 0.7421336 0.7600155 0.7621489 0.7475871 0.737851 0.7317908 0.7339208 0.7653355 0.7746784 0.75914 0.7508397 0.7556098 0.777004 0.7974645 0.7865828 0.7901766 0.8186528 0.84013 0.8335057 0.7891937 0.7911425 0.7937368 0.7915426 0.7983996 0.8002004 0.8133963 0.8073295 0.8026402 0.8024996 0.8027403 0.8050891 0.8088233 0.8115832 0.8149382 0.8173148 0.8200209 0.8253136 0.8236627 0.8242015 0.8252995 0.826749 0.8283862 0.829816 0.8313161 0.8335096
0.6286916 0.6320441 0.634757 0.6392422 0.6384136 0.6418934 0.6466067 0.6518821 0.6624324 0.6652053 0.6688192 0.6717721 0.6849748 0.69615 0.6997038 0.7035461 0.7169737 0.7074527 0.7080595 0.705948 0.7032988 0.7179787 0.7321177 0.7367136 0.7377703 0.7471707 0.7403017 0.7233537 0.7269963 0.7291412 0.7390326 0.7607895 0.7613923 0.7483414 0.7497333 0.7522095 0.7655539 0.7657949 0.7710596 0.7843464 0.8080221 0.8143083 0.8039952 0.7929243 0.7890153 0.7893005 0.7884903 0.7900742 0.7971612 0.7991996 0.8015974 0.8011069 0.7989523 0.8013484 0.803702 0.807049 0.8124725 0.8139687 0.8182104 0.8214587 0.825453 0.8310032 0.8244323 0.8236871 0.8250127 0.8269191 0.8477015 0.8406553 0.8328372
0.6267963 0.6286831 0.6316735 0.6348277 0.6406919 0.6447182 0.646091 0.6489646 0.6573589 0.6530433 0.6562563 0.6620376 0.6690447 0.6744667 0.6832164 0.6932094 0.7109963 0.7080534 0.708264 0.7011188 0.6982097 0.7078558 0.7175063 0.7295926 0.7248024 0.7417014 0.7292678 0.736747 0.7522698 0.7480042 0.7416854 0.7494044 0.7436076 0.7416397 0.7524284 0.7599496 0.7613131 0.7697477 0.7975686 0.8124094 0.8337955 0.8090068 0.7909334 0.827974 0.8063804 0.7926163 0.7987325 0.7974426 0.7900467 0.7908741 0.793278 0.795229 0.7968845 0.7998185 0.8021668 0.8046023 0.814196 0.8210914 0.8226503 0.8275273 0.842533 0.8486586 0.8247786 0.8221926 0.8233943 0.8340173 0.8390617 0.8372068 0.8307359
0.6254182 0.628118 0.630179 0.6358897 0.6398695 0.6425655 0.6415364 0.6440188 0.6498775 0.6541517 0.6609956 0.6646441 0.6695265 0.680863 0.6879885 0.6914473 0.7025586 0.7143738 0.7208827 0.714548 0.7022406 0.7064434 0.7155614 0.7430982 0.7562255 0.7605889 0.7498875 0.7390751 0.7423323 0.739444 0.7297387 0.7335149 0.7326798 0.7380514 0.7529244 0.7766939 0.7694673 0.7880288 0.8022195 0.8202186 0.8358623 0.8340863 0.8296775 0.7966518 0.8059986 0.7974194 0.7924944 0.7913707 0.7907614 0.7914599 0.7918413 0.7965024 0.7989489 0.7997367 0.8011594 0.8037238 0.8202329 0.8257813 0.8439665 0.8505174 0.875353 0.8608226 0.8288973 0.8307863 0.8216334 0.8223764 0.8267127 0.8372065 0.8358336
0.6238888 0.6284737 0.6336268 0.6417595 0.6354117 0.6424072 0.6432651 0.6479029 0.6508239 0.6541715 0.6606249 0.669065 0.6745297 0.6880613 0.7001115 0.7093333 0.7261007 0.7301466 0.7265354 0.7162307 0.7230377 0.7183815 0.7403788 0.7430982 0.7448239 0.7405729 0.7351126 0.7280213 0.724743 0.7233858 0.7225859 0.7267791 0.7339349 0.7463909 0.7603614 0.7724039 0.7967798 0.8085392 0.7875479 0.7951492 0.8373659 0.8643539 0.8336622 0.784104 0.7982219 0.8126061 0.806293 0.7913891 0.7894338 0.7902738 0.792555 0.7955991 0.8025151 0.8045099 0.8040158 0.8111753 0.828334 0.8375927 0.8365601 0.8489838 0.8679377 0.8751858 0.8601826 0.8219387 0.8222215 0.8229724 0.8223527 0.8244024 0.8277907
0.6230141 0.6242564 0.632769 0.6321988 0.6328161 0.6355324 0.640824 0.6509886 0.6625126 0.6609676 0.6613554 0.6732227 0.6845649 0.6966164 0.705698 0.7208204 0.7341776 0.7148212 0.7082282 0.7069865 0.7211704 0.7199383 0.7232165 0.7370242 0.7269965 0.7195147 0.7185777 0.7173634 0.7187454 0.7193193 0.7202891 0.7250344 0.7351763 0.7401645 0.7504625 0.7737079 0.8094623 0.7805626 0.7689418 0.7982738 0.8400885 0.8154618 0.7910923 0.7831388 0.7836242 0.7979845 0.7977108 0.7870678 0.7863364 0.7862361 0.7937984 0.7952256 0.8044469 0.805501 0.8127221 0.8181295 0.8391985 0.8420532 0.8296885 0.8299661 0.8318208 0.8281992 0.84785 0.8237512 0.8245579 0.8222511 0.8224122 0.8256422 0.8265682
0.6230632 0.6212309 0.6249271 0.6287892 0.632218 0.6358826 0.6438655 0.645978 0.6576197 0.6775005 0.6906174 0.6850057 0.676037 0.6751351 0.6829805 0.7009376 0.723345 0.7171469 0.7109611 0.7203929 0.7090571 0.7220277 0.7291514 0.7312114 0.7132902 0.7100492 0.7103518 0.7110869 0.7147914 0.7156474 0.7182515 0.7223316 0.735604 0.7408829 0.7427346 0.7689822 0.7822863 0.7682175 0.7635707 0.7875571 0.8226708 0.8142102 0.7928472 0.7833911 0.7830658 0.7857032 0.7919835 0.7830073 0.7852581 0.7885457 0.7902986 0.8022817 0.808134 0.8119031 0.8175278 0.8366243 0.8589888 0.8415839 0.8621845 0.8508174 0.8551328 0.8454159 0.8337992 0.8620375 0.8267714 0.8227249 0.8223491 0.8233613 0.8241733
0.6153255 0.6185948 0.6220317 0.6252327 0.6334853 0.646528 0.6552917 0.654672 0.6623996 0.6995649 0.7017439 0.6901157 0.6722717 0.6734283 0.6818318 0.6961167 0.7125012 0.7509554 0.7516282 0.7306753 0.7178094 0.7271325 0.7424849 0.7206222 0.7108958 0.705212 0.7069056 0.7064356 0.7121807 0.7131833 0.7163398 0.71989 0.7264017 0.7311395 0.7426355 0.7616639 0.7718068 0.7950965 0.7691015 0.7817606 0.808393 0.8007624 0.7913191 0.7762707 0.7761062 0.7726728 0.7743393 0.778669 0.7832258 0.7903069 0.7919308 0.7981045 0.812122 0.820944 0.8441061 0.8676301 0.8798678 0.8871167 0.8781468 0.8695247 0.8661789 0.8767339 0.8631214 0.8770725 0.8557972 0.8409397 0.8211033 0.8204217 0.8222938
0.6140106 0.6164838 0.6189909 0.6276966 0.639657 0.6520839 0.6687835 0.6765112 0.6782414 0.6949226 0.681093 0.6741672 0.6659052 0.6751217 0.6825831 0.7031776 0.7271172 0.7299824 0.7392948 0.7393054 0.7437058 0.7272987 0.7438964 0.71917 0.7172235 0.7085511 0.7053458 0.704482 0.7086158 0.7112531 0.714421 0.7191994 0.724775 0.7339866 0.7426654 0.7552931 0.7799425 0.7913286 0.7665778 0.764104 0.7861659 0.7910039 0.7805079 0.7668781 0.7690359 0.7698028 0.7741812 0.7800058 0.7834872 0.7858411 0.7916641 0.8049054 0.8280112 0.8457635 0.8678432 0.9087635 0.9033437 0.9019724 0.8956105 0.8709744 0.8549008 0.863272 0.8770533 0.8477396 0.8464645 0.8444477 0.818545 0.8191833 0.8206697
0.6161712 0.6195907 0.6192915 0.6250573 0.6372835 0.6521758 0.6801202 0.687996 0.6900113 0.6824677 0.6738692 0.6654618 0.6754894 0.6911387 0.6965743 0.7035323 0.7150242 0.7129731 0.7177796 0.7179403 0.7304326 0.7534746 0.7466698 0.7295976 0.7180899 0.7176138 0.7111328 0.7113301 0.7134315 0.7126989 0.7145254 0.7175567 0.7227374 0.7390345 0.7519649 0.7702175 0.7883465 0.7792025 0.7675946 0.7596737 0.7738201 0.7790695 0.7691471 0.7648011 0.7649376 0.7666674 0.7710443 0.7771461 0.7863147 0.7946366 0.80035 0.809424 0.8381765 0.885375 0.8960958 0.8958063 0.9061399 0.9114846 0.9014323 0.86489 0.8573132 0.8461106 0.8526419 0.8381374 0.831078 0.8209918 0.8158553 0.8178133 0.8196966
0.6102816 0.6143792 0.6171715 0.6326528 0.6350406 0.6466693 0.6566921 0.6714038 0.6657764 0.6745254 0.6564162 0.657296 0.6712918 0.687765 0.7067695 0.70306 0.6990916 0.707871 0.7069398 0.7093044 0.7153739 0.7426736 0.7284875 0.7225202 0.7200442 0.7109873 0.7287972 0.7260056 0.709858 0.7108953 0.7135447 0.7173982 0.7286782 0.7289817 0.7433929 0.7666957 0.7868883 0.7792598 0.7711995 0.7621963 0.7801748 0.79393 0.7764668 0.7648011 0.7625959 0.7634211 0.7707456 0.7772601 0.7884642 0.8126746 0.8259366 0.8253192 0.8783278 0.8871924 0.8913468 0.8921591 0.8953786 0.9012778 0.9009544 0.8623651 0.8524673 0.8507203 0.8389118 0.8464476 0.8345553 0.8119121 0.8140838 0.8186924 0.8199164
0.6074689 0.6100999 0.6130346 0.6197568 0.6258742 0.6407492 0.651601 0.6674051 0.6597528 0.657459 0.6515077 0.677906 0.707563 0.712321 0.7358571 0.7205216 0.7243715 0.74138 0.7304659 0.7280512 0.7207146 0.7303633 0.7176962 0.7057754 0.7018102 0.7023135 0.7144067 0.7267672 0.718115 0.7103076 0.7077237 0.7177795 0.7208177 0.7230273 0.7314399 0.7444758 0.7609293 0.7727432 0.770849 0.756806 0.769878 0.7900494 0.7791485 0.7658333 0.7585421 0.7624368 0.7661578 0.7760217 0.7895514 0.8046074 0.8139048 0.8094599 0.8348151 0.87518 0.8898845 0.8917987 0.8899584 0.8992875 0.9112946 0.8895546 0.8776103 0.8745013 0.8558528 0.8364275 0.8243744 0.8113238 0.8169609 0.8297097 0.8419738
0.6034452 0.6066203 0.6102335 0.6157584 0.6271327 0.6417825 0.6561914 0.6462153 0.6497713 0.6484441 0.6551899 0.6650965 0.6720245 0.6925098 0.721399 0.7366124 0.737463 0.7707795 0.7693269 0.7552861 0.7534401 0.7573507 0.7203228 0.7062155 0.705537 0.7005968 0.7011084 0.7039386 0.7161612 0.7052574 0.7059373 0.7178912 0.7209399 0.7223485 0.7264429 0.736738 0.7429644 0.7599486 0.7561738 0.7565993 0.7494242 0.7645873 0.7626197 0.7576686 0.7600802 0.7611883 0.7665129 0.77722 0.795688 0.8092771 0.8058465 0.806201 0.8280019 0.859199 0.881852 0.8876067 0.8819389 0.8955194 0.9089026 0.894701 0.8786557 0.8714464 0.8548595 0.8244553 0.8130171 0.8107522 0.8282387 0.8441598 0.8400858
0.6033058 0.6044781 0.6078318 0.6133655 0.6166835 0.624037 0.6386847 0.6495885 0.6410167 0.6447481 0.6429131 0.6503772 0.6661838 0.678601 0.6900987 0.7153212 0.7363138 0.7830629 0.7832669 0.7837541 0.8036931 0.7939239 0.7738884 0.7095205 0.7076295 0.6992918 0.697778 0.6988677 0.709027 0.7062961 0.7041534 0.7153001 0.7182243 0.7191022 0.721065 0.7306715 0.7410968 0.7493606 0.7448045 0.7456739 0.7477303 0.7505658 0.7497662 0.755341 0.757099 0.7642276 0.7690471 0.7751763 0.7851883 0.8068303 0.8036801 0.8022678 0.8239314 0.8578734 0.8851886 0.8783522 0.8624212 0.8798425 0.8940541 0.8958803 0.8688878 0.8488145 0.8348373 0.8222557 0.8155019 0.8133788 0.8324164 0.8279446 0.8291993
0.5999485 0.6023351 0.6063673 0.6098995 0.6175172 0.6175087 0.6294991 0.6505079 0.6457669 0.6406445 0.6408677 0.6520271 0.6600718 0.6618631 0.6801773 0.6986877 0.709287 0.7663195 0.8021387 0.8092121 0.8162929 0.8106448 0.7695351 0.7140556 0.7030435 0.6945817 0.6945936 0.6959658 0.7098087 0.6995265 0.7023745 0.7174479 0.7151077 0.7148181 0.7179981 0.722221 0.7297611 0.7356992 0.7358066 0.7396593 0.7413529 0.7452757 0.7488986 0.7530175 0.7587959 0.767045 0.773765 0.7865861 0.7955721 0.8079494 0.7994655 0.7969762 0.8197297 0.8264289 0.880178 0.8863566 0.8594776 0.8439054 0.8474432 0.8759781 0.8569348 0.8456326 0.833991 0.811259 0.8070847 0.8166774 0.8211449 0.8176926 0.8204208
0.5973964 0.601131 0.6054398 0.608847 0.6160749 0.6207681 0.6267275 0.6360174 0.6340162 0.6351803 0.6388258 0.6523167 0.6626931 0.6785465 0.7036396 0.6964362 0.6837933 0.7293146 0.7765127 0.8090686 0.8141088 0.820113 0.795722 0.7257345 0.7020106 0.6919244 0.6912807 0.6929355 0.6987745 0.6990735 0.7006024 0.7112167 0.7118636 0.712679 0.7162681 0.7191704 0.7244436 0.7306226 0.7310541 0.7353145 0.739677 0.7420117 0.7476377 0.7529618 0.7547482 0.765001 0.7832963 0.7987769 0.7953231 0.7964787 0.7922636 0.7941469 0.8174524 0.814025 0.8624405 0.8819078 0.8711932 0.8460422 0.825898 0.83034 0.8466322 0.8436903 0.8295916 0.811259 0.8101168 0.8139978 0.8130201 0.8139675 0.8164399
0.5975274 0.5991252 0.6025042 0.6064569 0.6083376 0.6173303 0.6341907 0.625898 0.6266756 0.6266775 0.6367896 0.6500204 0.6744611 0.6957164 0.7141154 0.6959714 0.6774721 0.7054617 0.7345986 0.7579936 0.7868732 0.7808408 0.776181 0.7322233 0.6937575 0.687791 0.6958378 0.6941068 0.6984698 0.7005227 0.6991051 0.7040895 0.7066629 0.7106815 0.7157439 0.7175916 0.7227413 0.7254705 0.7299018 0.7323083 0.7361469 0.7434116 0.7485133 0.750386 0.7579495 0.7632368 0.7777162 0.8105806 0.7866021 0.7842249 0.7903921 0.783752 0.8047777 0.8057384 0.8281431 0.8604884 0.8652536 0.8670846 0.8329803 0.8183958 0.8159865 0.8008626 0.8029494 0.8013783 0.8110303 0.8111948 0.8107584 0.8111833 0.8220468
0.5944461 0.5976602 0.6006456 0.6042053 0.6090513 0.6136314 0.6266571 0.6242399 0.6223409 0.6228912 0.626283 0.6384569 0.6635907 0.6855103 0.6935163 0.6820973 0.6691129 0.6849216 0.7098094 0.7015869 0.71665 0.7262412 0.7326859 0.7253017 0.6806308 0.6922308 0.7004416 0.6932603 0.6946594 0.6988876 0.6972208 0.7007532 0.705597 0.7094927 0.7124366 0.7172206 0.7221134 0.7252509 0.7302229 0.7370333 0.7399435 0.7445594 0.7507731 0.7523516 0.7652577 0.7795746 0.7833427 0.7910385 0.7934857 0.774518 0.7812106 0.7824432 0.7800177 0.7892174 0.8001673 0.8292205 0.846316 0.8589712 0.8466457 0.8337112 0.8160884 0.7965637 0.7955983 0.800687 0.8067662 0.8078707 0.806645 0.82867 0.8226092
0.5920411 0.5948611 0.5991954 0.6037027 0.6095057 0.6174787 0.6342725 0.6347315 0.6296294 0.6215268 0.6251996 0.6339959 0.6609163 0.6848996 0.6748547 0.6643238 0.6641744 0.6689487 0.6727792 0.684257 0.6823751 0.6848627 0.6945824 0.7004837 0.6751702 0.6810585 0.6921008 0.6897219 0.6916767 0.6960482 0.6960179 0.7004871 0.7028224 0.7063294 0.7099476 0.7142047 0.7191034 0.7231808 0.726166 0.7319151 0.7385637 0.7452126 0.7588895 0.7649571 0.7625586 0.7710038 0.7758665 0.7688665 0.7706556 0.7655956 0.7735719 0.7838519 0.7779332 0.7792377 0.7923957 0.8108365 0.8213655 0.8252638 0.828144 0.8053294 0.7975599 0.7918776 0.7942458 0.8071907 0.8035789 0.8022972 0.8056036 0.8288543 0.8231832
0.5924593 0.5928745 0.5970837 0.6025385 0.6054133 0.6158187 0.6245766 0.6310491 0.6305968 0.6204423 0.6227875 0.6375943 0.6835446 0.6856706 0.6669004 0.6544738 0.6614311 0.6592628 0.6671989 0.6687335 0.6679561 0.675231 0.6770527 0.6746728 0.672984 0.6781893 0.6819338 0.6858034 0.6901957 0.6935123 0.6989489 0.7010336 0.700994 0.7046433 0.7097265 0.7128022 0.71797 0.7207295 0.725316 0.7353467 0.7421854 0.7485845 0.7642181 0.7638822 0.7551466 0.7576137 0.7693713 0.7630973 0.7621281 0.7615113 0.7668329 0.7668329 0.7695773 0.7761285 0.7770398 0.780159 0.7993314 0.7997656 0.8056872 0.7916707 0.7926382 0.7894198 0.7943869 0.7986249 0.7986851 0.7962953 0.8017925 0.8072364 0.811015
0.5898046 0.5913002 0.5955182 0.6004465 0.6009316 0.60541 0.6146211 0.6234244 0.6213482 0.6192374 0.6210594 0.6345233 0.6345233 0.6610618 0.6607517 0.6595063 0.6511856 0.6524281 0.6519105 0.6578146 0.657464 0.6703292 0.6737983 0.6670797 0.6674465 0.6705517 0.6751083 0.6788648 0.683804 0.6879394 0.6948798 0.6947172 0.696165 0.6991823 0.7028414 0.7081987 0.7131359 0.7211099 0.7193611 0.723688 0.7313112 0.7375852 0.751713 0.7620601 0.7438078 0.7427574 0.7495012 0.758607 0.7544937 0.7568563 0.7598374 0.7617095 0.7648574 0.7672927 0.7721965 0.7803767 0.7906491 0.7847305 0.7888834 0.7860595 0.7886298 0.788615 0.7983744 0.7979634 0.7947297 0.7977838 0.8010367 0.8030306 0.8025759
0.5835577 0.5864921 0.5893362 0.5920888 0.5926894 0.5967371 0.6020266 0.6053461 0.6155427 0.6147662 0.6168419 0.6186868 0.6233586 0.6323785 0.6368562 0.6453092 0.6469598 0.6471251 0.6461018 0.652135 0.6554787 0.6638538 0.6663817 0.6636778 0.6650211 0.6682714 0.6741633 0.6801901 0.6850212 0.6839874 0.6873282 0.6913161 0.6940971 0.7020193 0.706085 0.711325 0.7193905 0.7327543 0.7276291 0.7298123 0.7451188 0.7504961 0.7536569 0.7466057 0.740519 0.7392274 0.7415988 0.7461768 0.751637 0.7536124 0.75607 0.7615222 0.7629559 0.7688414 0.7701668 0.7730309 0.7757076 0.7764758 0.778642 0.7812784 0.783855 0.7863704 0.7904111 0.7949225 0.795962 0.7971715 0.798183 0.801112 0.8017244
0.5838712 0.5846682 0.5889951 0.5901483 0.5907818 0.5941741 0.599604 0.6042711 0.6101835 0.6111741 0.6167434 0.6172657 0.6204882 0.6241363 0.6285988 0.6321557 0.6370513 0.6385273 0.6422667 0.647737 0.6500352 0.6558089 0.6589126 0.6619009 0.6639404 0.6673357 0.6709909 0.6763593 0.6821159 0.6836283 0.6857895 0.689788 0.6944314 0.6990561 0.7014118 0.70692 0.7184393 0.7338611 0.7398844 0.7488859 0.7431118 0.7501333 0.7598617 0.7478718 0.7457734 0.7387599 0.7399469 0.7433401 0.7476155 0.7503901 0.7528533 0.7583109 0.7617345 0.7647101 0.7696176 0.7735465 0.7743757 0.7759435 0.7763957 0.7790378 0.7816206 0.7844071 0.7869991 0.7929678 0.7912588 0.7936664 0.7965375 0.7986809 0.7983758
