02_Processed_Data/Guangdong-driving/Rain/piliangtxt/gd-rain-00-txt.txt
ncols         755
nrows         605
xllcorner     491130
yllcorner     2101946
cellsize      1000
NODATA_value  -9999
[rows 186 to 216 of 605, columns 414 to 482 of 755]
0.6854573 0.6881606 0.6824174 0.6847014 0.6714463 0.670805 0.6749448 0.6788122 0.685692 0.6913733 0.6922343 0.6940866 0.6906977 0.6909106 0.7028109 0.7152811 0.7143408 0.7126326 0.7090546 0.7068887 0.7117771 0.7175722 0.7002447 0.6983501 0.6890254 0.6981234 0.7098964 0.714155 0.7110676 0.7184026 0.7033179 0.6930976 0.6951526 0.7038408 0.7067828 0.709621 0.7039341 0.6989853 0.6946905 0.694755 0.6954733 0.6960875 0.6991218 0.700041 0.7012767 0.7099869 0.708908 0.7137877 0.725552 0.727948 0.7357968 0.7380666 0.7219568 0.7115521 0.7172102 0.7225139 0.7123783 0.708119 0.7077137 0.7079609 0.7081849 0.7083856 0.7161344 0.715193 0.7162468 0.7176115 0.7154983 0.7127688 0.7149327
0.6851135 0.6887597 0.6885942 0.6707531 0.67141 0.6744055 0.6775497 0.6818534 0.6911063 0.6961286 0.6918669 0.6880067 0.6963388 0.7149262 0.7142075 0.7187749 0.7121249 0.707401 0.7114998 0.7062312 0.7027115 0.7006037 0.7188971 0.7144043 0.6999549 0.6913804 0.6960072 0.6982564 0.7053699 0.7031162 0.6984004 0.7000649 0.69632 0.7020711 0.7010655 0.7074504 0.7032049 0.6991919 0.6969275 0.6971693 0.6978965 0.6983507 0.7014573 0.7023839 0.7039638 0.7061124 0.7110193 0.7143053 0.7255704 0.7316775 0.7311106 0.7308598 0.7192174 0.7206923 0.7386635 0.7382438 0.7185904 0.7124808 0.7119957 0.7108142 0.7108718 0.7130944 0.7217373 0.7210482 0.7230273 0.7235742 0.7196167 0.7255628 0.7262157
0.6995915 0.6725804 0.6705816 0.6897253 0.6801224 0.6859123 0.6955566 0.7075391 0.7109115 0.7033996 0.6978049 0.7026339 0.7100538 0.7134957 0.704116 0.7097923 0.7005516 0.7062834 0.7236166 0.7267823 0.7288334 0.722612 0.7333252 0.7356658 0.713565 0.7018864 0.6943142 0.6980062 0.7031941 0.7023829 0.6983516 0.6985107 0.695955 0.6965793 0.6983625 0.6989465 0.6980788 0.6982855 0.6988932 0.6996489 0.7003002 0.7005941 0.7037722 0.7048745 0.7067137 0.71409 0.7163082 0.7164001 0.7296919 0.7255303 0.7221892 0.7199211 0.7298508 0.7151545 0.7374265 0.7517554 0.7272177 0.7247332 0.718016 0.7143105 0.71378 0.7169293 0.7306749 0.7352798 0.7425823 0.7401769 0.7302732 0.7374883 0.7265064
0.7251835 0.682766 0.6874353 0.7137532 0.7101402 0.7168723 0.7293149 0.7290129 0.7235507 0.7147023 0.7084483 0.7212925 0.7183674 0.6970623 0.6953605 0.7032433 0.6939344 0.7086059 0.7158467 0.7194464 0.7313629 0.7425857 0.7250026 0.7235655 0.723961 0.6980619 0.6959749 0.6990043 0.6978029 0.6978445 0.6997185 0.6976983 0.6990263 0.6983971 0.6985056 0.6990146 0.7004296 0.7012345 0.7017664 0.7021094 0.7029369 0.7034913 0.7059826 0.7071758 0.7097792 0.7172458 0.727133 0.7272301 0.7350578 0.7334293 0.7196454 0.7144343 0.7159417 0.7225666 0.7388591 0.7467868 0.7347218 0.7412549 0.7341142 0.7208073 0.7206138 0.7233421 0.7509003 0.757466 0.7713963 0.7697482 0.740382 0.7496293 0.7420368
0.7191648 0.6889821 0.7063916 0.7255521 0.7290329 0.7343475 0.7344174 0.7429785 0.7414075 0.7200145 0.7157959 0.7232641 0.72229 0.6952716 0.6921519 0.696685 0.6952209 0.7002209 0.7004851 0.7204343 0.7268897 0.7219562 0.7250026 0.7076619 0.7029318 0.7024761 0.7009051 0.6967031 0.6990492 0.7012064 0.7016588 0.7016698 0.7031759 0.7018824 0.7014946 0.7020126 0.7038571 0.7069442 0.705379 0.7058982 0.7077437 0.7068737 0.7120464 0.7092036 0.7118972 0.7209693 0.7289258 0.7383836 0.7243108 0.7194844 0.7174174 0.7151626 0.7160004 0.7211085 0.7303225 0.7350503 0.73571 0.7442664 0.7407494 0.7273583 0.7333098 0.742183 0.7468906 0.7539598 0.7620227 0.7599449 0.7541031 0.76547 0.7561691
0.7143164 0.6933345 0.7141302 0.7241951 0.7356965 0.7411947 0.7473467 0.7372148 0.7243661 0.7093137 0.7128576 0.7137704 0.7182845 0.69288 0.6869977 0.6877565 0.688495 0.6911499 0.6999319 0.7146726 0.7125505 0.7152081 0.7095925 0.6964601 0.6967098 0.7003913 0.6971469 0.6985976 0.7003645 0.703037 0.7040888 0.7061303 0.7053719 0.7065297 0.7061507 0.7078562 0.7074354 0.7098567 0.7079622 0.7082362 0.7092468 0.7129311 0.716911 0.7116318 0.7145834 0.7237456 0.7290168 0.7275251 0.7191028 0.7176541 0.7200552 0.7162883 0.7181386 0.7224071 0.7345674 0.7340728 0.7371764 0.737982 0.7383426 0.7411431 0.7416711 0.7505792 0.74209 0.7512753 0.7539797 0.7476557 0.7595527 0.7797487 0.7740017
0.7105536 0.7065254 0.711831 0.7509741 0.7518725 0.7475259 0.7375131 0.7143339 0.7020142 0.7005391 0.7002228 0.6988754 0.7019713 0.6924137 0.6891602 0.6893424 0.690262 0.6906558 0.6927975 0.6968555 0.6949139 0.6959833 0.6973689 0.6988026 0.706558 0.7014921 0.7003636 0.703593 0.7053699 0.7039258 0.705408 0.7056904 0.7083095 0.7082127 0.7075896 0.7147771 0.7097324 0.710814 0.7111164 0.7101342 0.7107306 0.7118105 0.714345 0.7158085 0.7168291 0.7174094 0.7259682 0.7192612 0.7188487 0.717319 0.7175341 0.7192416 0.7250506 0.7360551 0.7429994 0.734422 0.7360101 0.7352165 0.7375124 0.7401725 0.7431596 0.7455251 0.740737 0.7481344 0.749305 0.7573212 0.7634385 0.788043 0.786281
0.6959107 0.6938359 0.7205613 0.7239794 0.7348363 0.7335383 0.720422 0.7023193 0.6946464 0.6941118 0.6939778 0.6961812 0.6936477 0.6916002 0.6938371 0.6972321 0.7006065 0.6930125 0.6962612 0.6974679 0.6994959 0.6984715 0.6976792 0.7173842 0.7129393 0.7155474 0.7113973 0.7075629 0.7069073 0.7082517 0.7076378 0.7076765 0.7092937 0.712995 0.7106958 0.7114908 0.7161381 0.711669 0.7122309 0.7147923 0.7196896 0.7140387 0.7157212 0.7179501 0.7189783 0.7183005 0.7188627 0.7184764 0.7218551 0.7197388 0.7196196 0.7216657 0.7309277 0.7360407 0.7398666 0.738954 0.7349017 0.7371379 0.7404043 0.7369637 0.7360424 0.7440068 0.7487747 0.7646555 0.7636974 0.7602462 0.7734867 0.7790538 0.7726175
0.6980278 0.6984963 0.7118379 0.7269747 0.7260486 0.7224055 0.7201744 0.7110972 0.692995 0.6919689 0.6921011 0.6929705 0.6943245 0.6962525 0.7032179 0.707215 0.7011699 0.7001567 0.7063647 0.717015 0.713244 0.704652 0.707997 0.7264358 0.7278964 0.7199039 0.7184585 0.7138759 0.7116297 0.7119727 0.7113678 0.7121729 0.7150618 0.7207079 0.7155532 0.718798 0.7247999 0.7202533 0.7207377 0.7207789 0.7187768 0.7162496 0.7210398 0.7223477 0.7184978 0.7191707 0.7199049 0.7210367 0.7218929 0.7213784 0.7215979 0.7266759 0.7346761 0.730193 0.7314937 0.7352106 0.7376393 0.7418585 0.7420073 0.7360166 0.7398453 0.7357504 0.749141 0.7634873 0.7755106 0.7807956 0.7764553 0.7811645 0.7613906
0.7042644 0.7056752 0.7153239 0.7334151 0.7276161 0.718847 0.7162089 0.7221454 0.7070822 0.6984898 0.6985512 0.7004446 0.7040014 0.7072088 0.723366 0.723249 0.7230269 0.7199203 0.7210032 0.7250965 0.7295054 0.7226928 0.7214171 0.7336212 0.7290287 0.7205408 0.7180947 0.7226163 0.7187793 0.7173627 0.7188716 0.7222957 0.7162661 0.7250358 0.7227518 0.7217089 0.7193807 0.7199776 0.7219 0.7202643 0.717262 0.717689 0.7210398 0.7248735 0.7210275 0.7211147 0.7218519 0.7234915 0.7240131 0.7235007 0.7238057 0.7274536 0.7384008 0.7374534 0.7321033 0.7321995 0.7342902 0.7363898 0.7361958 0.7379262 0.7384395 0.7480921 0.7600031 0.7689946 0.788484 0.8022607 0.8047879 0.793091 0.7544025
0.7263344 0.7359343 0.7290812 0.7232448 0.7200726 0.7154471 0.7113062 0.7176781 0.7107154 0.7172973 0.7198141 0.7185193 0.7204895 0.7261539 0.7382867 0.7328722 0.7329136 0.7337766 0.7225762 0.7292914 0.7187216 0.7331414 0.7359185 0.7303506 0.732842 0.7246163 0.7233584 0.7253629 0.72044 0.7232426 0.727539 0.7350161 0.7293289 0.7352474 0.7293472 0.7240146 0.7198403 0.7186789 0.7237245 0.7204137 0.7193532 0.7227315 0.7256659 0.7266221 0.7273253 0.7243009 0.7241149 0.7247467 0.7262803 0.7261059 0.7260754 0.7268617 0.7277912 0.7333254 0.7345408 0.7411377 0.7356473 0.7352228 0.7360434 0.7350529 0.7395511 0.7621864 0.7616677 0.7845743 0.791829 0.7959957 0.7974092 0.7959006 0.7612816
0.7393779 0.7437682 0.7395421 0.7143288 0.7114237 0.7066438 0.7101012 0.7163184 0.7211661 0.7225378 0.7215285 0.7264813 0.7344497 0.7377691 0.7337365 0.720502 0.7144086 0.7118308 0.7180734 0.7222733 0.7191253 0.7229449 0.7352485 0.7279087 0.7302418 0.7273303 0.7230501 0.7275055 0.7279816 0.7302892 0.7361137 0.7420843 0.740449 0.7391285 0.7355945 0.7284991 0.7231537 0.7201463 0.7203151 0.7208819 0.7235302 0.7252295 0.7254745 0.7264994 0.7321724 0.7331073 0.7286302 0.7270753 0.7290313 0.7296155 0.7301748 0.7290251 0.7296177 0.7298477 0.7324928 0.7454684 0.7471904 0.7354715 0.7391742 0.7425082 0.746237 0.7540103 0.7642378 0.7749971 0.7849595 0.7824939 0.7789752 0.7938425 0.7879597
0.7481987 0.7373511 0.7237015 0.7239423 0.7131303 0.7069318 0.7090548 0.7182351 0.7184616 0.7179924 0.7150581 0.722889 0.7264088 0.7302462 0.7288379 0.724543 0.7138288 0.7092413 0.7112003 0.720127 0.7169895 0.7235987 0.7341465 0.727561 0.7368139 0.7368601 0.7326708 0.7255103 0.7223716 0.7307541 0.7342271 0.7425646 0.7428746 0.7336406 0.7392977 0.7265665 0.7311643 0.7311932 0.7239593 0.7241943 0.7259213 0.7282983 0.7274528 0.7273679 0.7284977 0.7340649 0.7303476 0.729215 0.7300778 0.7315887 0.7337477 0.7342812 0.7333579 0.7319873 0.7327788 0.7395014 0.7548024 0.7384952 0.7427874 0.745352 0.7460189 0.753701 0.759989 0.7712498 0.7804398 0.7740603 0.770532 0.7781731 0.7761726
0.7501004 0.7418795 0.7304356 0.7233499 0.7227485 0.7152155 0.7101051 0.7103663 0.7144825 0.7163862 0.7124537 0.7136431 0.7107755 0.7066237 0.7048922 0.7122336 0.7179531 0.7073134 0.7141675 0.7184734 0.7125674 0.7262622 0.736065 0.7282965 0.7291326 0.7398046 0.7421966 0.7306629 0.7255945 0.7266543 0.7318201 0.7367103 0.734668 0.7258675 0.7228568 0.7224326 0.7298982 0.7280804 0.7259025 0.7266472 0.728547 0.7284865 0.7275604 0.7294801 0.7301917 0.7306259 0.7323818 0.7317556 0.7325348 0.737666 0.7374676 0.7358963 0.7363186 0.7346941 0.7344826 0.7358863 0.7455806 0.739201 0.7427242 0.745453 0.7579135 0.7693241 0.7731166 0.7720601 0.7704603 0.7717967 0.7640727 0.763038 0.7687616
0.7390152 0.7309774 0.7299131 0.7235906 0.7233402 0.7255963 0.7195724 0.7219539 0.7233025 0.7233651 0.7167488 0.7222515 0.7220062 0.7234243 0.717574 0.7111135 0.7104441 0.7146367 0.7119857 0.7190821 0.7121748 0.7193105 0.7412567 0.7275022 0.7405651 0.7511619 0.7517086 0.7345377 0.7248452 0.7286917 0.7367291 0.7356436 0.731842 0.730376 0.7234151 0.7240068 0.727858 0.7311804 0.7297647 0.7284935 0.728461 0.729246 0.7305118 0.7335103 0.7323721 0.7326396 0.7334708 0.7343605 0.7356454 0.7369883 0.73881 0.7457469 0.7409499 0.7407091 0.7405249 0.7371706 0.7377771 0.7429379 0.7400889 0.7474809 0.7549264 0.771763 0.7731166 0.7823529 0.7842246 0.7654566 0.7590605 0.7598378 0.7607377
0.7244657 0.7278189 0.7266846 0.7223893 0.7210572 0.7236641 0.7275975 0.7272112 0.7374213 0.7340418 0.7178313 0.725288 0.714101 0.7154468 0.7127256 0.7060241 0.7074709 0.7098215 0.7086127 0.7157207 0.7142975 0.7270074 0.7341334 0.7239987 0.7353011 0.7379016 0.7425011 0.7381458 0.7266107 0.7340002 0.7504708 0.7506561 0.7428131 0.7355428 0.7265672 0.7256491 0.7268958 0.7287918 0.7299061 0.7302385 0.7330717 0.7329341 0.7336135 0.7355864 0.7356284 0.7357288 0.7362245 0.7372832 0.7386523 0.7491707 0.7556126 0.7448139 0.7486733 0.7409588 0.7410256 0.7409781 0.7392878 0.7430854 0.7435414 0.7489746 0.7577717 0.7646689 0.7874924 0.7934701 0.7879475 0.7804368 0.7657946 0.7534551 0.7526003
0.7251599 0.7221231 0.7247951 0.7238752 0.7277817 0.7352055 0.7446296 0.7504926 0.7485806 0.7381352 0.7308721 0.7232584 0.7145269 0.7082166 0.7098885 0.7124647 0.7061731 0.706515 0.7074232 0.7107501 0.714896 0.7246649 0.7308734 0.7177955 0.7230368 0.7290965 0.7351341 0.7363478 0.7348443 0.7327284 0.740943 0.7415576 0.7379391 0.7321078 0.7275994 0.7283702 0.7299584 0.7303437 0.7307886 0.7328925 0.7370761 0.7385409 0.7382128 0.7403386 0.7375199 0.7380424 0.739212 0.7451537 0.7492164 0.7580477 0.7606877 0.764318 0.7562048 0.7436481 0.7445598 0.7411971 0.7417093 0.7437187 0.7436595 0.7501901 0.7581313 0.759588 0.7868181 0.7851238 0.7771305 0.7798823 0.7700945 0.7640456 0.7583674
0.723823 0.7243397 0.7248347 0.7315881 0.7477272 0.7440407 0.7447984 0.7448597 0.7459942 0.7407861 0.7335386 0.7117811 0.7128356 0.7099072 0.7110848 0.7205815 0.723483 0.7087573 0.7089185 0.7103192 0.7122862 0.7153243 0.7201914 0.7183155 0.7201138 0.7205415 0.7233868 0.7321852 0.7340567 0.7323686 0.7359599 0.7370858 0.7339785 0.7304257 0.7297107 0.7350322 0.7362884 0.7343208 0.7336752 0.7365402 0.7434207 0.7395849 0.7411109 0.7432213 0.7405724 0.7438738 0.7424341 0.7557062 0.7550896 0.7595385 0.7720234 0.7705576 0.7706757 0.7447876 0.7453557 0.7434314 0.7441083 0.744754 0.745198 0.748666 0.75295 0.7572005 0.7749997 0.7824431 0.7709333 0.7656212 0.7701365 0.7674756 0.7624481
0.731831 0.7297495 0.7349776 0.7542075 0.7481972 0.7455353 0.747233 0.7510149 0.7438193 0.7441854 0.7413348 0.7102362 0.7082704 0.7126826 0.7164834 0.7168908 0.7183704 0.7113252 0.7153688 0.7219987 0.7254905 0.7167526 0.7189348 0.725305 0.7261014 0.7235066 0.7229921 0.7264103 0.7261844 0.7299748 0.7340776 0.7387452 0.7379164 0.7331905 0.7368581 0.7349446 0.7416769 0.7444274 0.7383978 0.7375621 0.739647 0.7422113 0.7434871 0.74171 0.7431868 0.7504454 0.7465647 0.7591329 0.7591939 0.7648292 0.7845276 0.7755035 0.7605923 0.7456512 0.7476582 0.7494646 0.7462311 0.7472106 0.7486674 0.7511098 0.7533494 0.763365 0.763365 0.7725203 0.7732895 0.7670742 0.7659804 0.7655075 0.766152
0.7427797 0.7462741 0.7500834 0.7453856 0.7436021 0.7395207 0.734574 0.7373574 0.7293317 0.7265952 0.7316791 0.7084321 0.7070694 0.7077882 0.7103357 0.7121865 0.7161185 0.7169123 0.7241647 0.7338388 0.7364986 0.723893 0.7194337 0.7253926 0.7229381 0.7234901 0.7243544 0.7251944 0.7265992 0.7276428 0.7283251 0.7315922 0.7411482 0.7354424 0.7382138 0.7494625 0.7383776 0.7384637 0.7398711 0.7394008 0.7399149 0.7404872 0.7444007 0.7464221 0.7441386 0.7457005 0.7491711 0.7473109 0.7631347 0.7637881 0.7693363 0.7819011 0.7652336 0.7554124 0.7480227 0.7487518 0.750723 0.7480783 0.7497312 0.750927 0.761088 0.7628959 0.7698479 0.7711647 0.7676534 0.7658437 0.7629139 0.7608533 0.7674572
0.7424366 0.7536356 0.7532675 0.7390611 0.7343639 0.7350373 0.7356036 0.7298272 0.7305164 0.7316884 0.7254281 0.716705 0.7091458 0.7089729 0.7118915 0.7130186 0.7147116 0.7167178 0.717185 0.7316025 0.7429736 0.7421038 0.7322003 0.7289825 0.7365538 0.7258332 0.7261159 0.7276365 0.7314896 0.7306878 0.7330599 0.732629 0.7371396 0.7441505 0.7517251 0.7628101 0.7591376 0.7471053 0.7485162 0.7461128 0.744441 0.7441738 0.7449746 0.7506014 0.7470562 0.7483661 0.7491433 0.7494714 0.7536203 0.76327 0.77722 0.7854525 0.7677631 0.7541181 0.750714 0.7493163 0.7494148 0.7499058 0.750449 0.7526571 0.7640847 0.7629143 0.7662932 0.7789583 0.7680684 0.768653 0.7745864 0.7623129 0.7619382
0.7413881 0.7574044 0.7498029 0.7468936 0.7449064 0.7479525 0.752998 0.746223 0.7391717 0.7378278 0.7277904 0.7145334 0.7073241 0.7092669 0.7108495 0.7129133 0.7150376 0.7155384 0.7182043 0.7316213 0.7466202 0.7400312 0.733593 0.7309612 0.731385 0.7327943 0.7294645 0.7293928 0.734852 0.7396969 0.7401387 0.743586 0.742546 0.7548654 0.7667382 0.7806942 0.7769367 0.7477351 0.751338 0.7645111 0.7545078 0.7519699 0.7494053 0.7492095 0.7490323 0.750006 0.750783 0.7518131 0.7542746 0.7674029 0.7894149 0.7808359 0.7666236 0.7567098 0.7528772 0.7514745 0.7518227 0.7521383 0.7527605 0.7559808 0.7696937 0.7694498 0.7772356 0.7784141 0.7668843 0.7711075 0.7804302 0.7650768 0.7619597
0.7323259 0.754002 0.7525659 0.7296898 0.7291484 0.7377691 0.7381085 0.7448289 0.7366103 0.7266017 0.7257615 0.7138694 0.7090283 0.7106454 0.7121543 0.7141445 0.7178785 0.7199046 0.7355441 0.7426573 0.7483179 0.7439293 0.736742 0.7342755 0.7284775 0.7389859 0.7337272 0.736356 0.7398015 0.742127 0.7496462 0.7565503 0.7471815 0.7506668 0.7592608 0.772038 0.7730874 0.7528123 0.7553238 0.7586506 0.7584146 0.7558786 0.756346 0.7509171 0.7513299 0.7525562 0.7528489 0.7542346 0.7557603 0.7732157 0.778841 0.7796817 0.7633436 0.7552935 0.754937 0.7535296 0.7540422 0.7549464 0.7550533 0.7604744 0.7733316 0.7646764 0.7696531 0.7741962 0.7681664 0.7733743 0.776051 0.7700585 0.7631271
0.7497162 0.7489904 0.7367814 0.7443316 0.7333539 0.720246 0.7162164 0.7275835 0.7363152 0.7327253 0.7201063 0.7135325 0.7112278 0.7126876 0.7140387 0.7157025 0.719699 0.7271225 0.7399936 0.7354143 0.7377975 0.746217 0.7462776 0.7334535 0.7384387 0.7351484 0.7326746 0.7376673 0.7460858 0.7448816 0.7484499 0.7645353 0.753067 0.7629546 0.7668388 0.7753266 0.7772214 0.7560236 0.7567704 0.7544593 0.7586029 0.7621299 0.7631037 0.7547991 0.7541178 0.7547753 0.7551704 0.7562147 0.7573988 0.7666173 0.7639204 0.766965 0.7575844 0.755897 0.7561303 0.756246 0.7565838 0.756973 0.7572435 0.7607056 0.7646427 0.764809 0.7757208 0.7739745 0.7677687 0.7758691 0.7708219 0.7678057 0.764522
0.7505816 0.7726224 0.752674 0.7379824 0.7305567 0.730102 0.725073 0.7147198 0.7155447 0.7155963 0.7149505 0.7124286 0.7134182 0.7148883 0.7189439 0.7196078 0.7252135 0.7347513 0.7437592 0.7385998 0.7321526 0.7383077 0.7388817 0.73784 0.7504929 0.7494828 0.7354828 0.7406504 0.7390574 0.7447621 0.7511979 0.7585335 0.7621387 0.7602454 0.7695213 0.7777603 0.7682099 0.7657877 0.7602235 0.7646493 0.7617236 0.7655046 0.7664881 0.7657132 0.7587808 0.7634488 0.7584094 0.7613195 0.7623317 0.7764713 0.7684232 0.7611079 0.7578354 0.7580116 0.7583252 0.7579268 0.7584291 0.7587277 0.7608598 0.7644007 0.7615395 0.7698484 0.7745558 0.7802017 0.7708344 0.7699673 0.7662584 0.7661418 0.7654856
0.7502596 0.7606004 0.7480811 0.7262318 0.7300268 0.7383487 0.7275175 0.7315781 0.7170916 0.7161448 0.7148368 0.7135886 0.7145889 0.7159856 0.7228293 0.7200517 0.7330753 0.7404338 0.7441475 0.7457314 0.7353363 0.7327449 0.7327377 0.7412054 0.7512559 0.7535359 0.7508228 0.7539764 0.7459916 0.747156 0.7512403 0.7606012 0.7770907 0.7784848 0.7833874 0.7772347 0.7664249 0.7596281 0.7657677 0.7720476 0.7637361 0.7646564 0.7682022 0.7732694 0.7722785 0.7760965 0.7658771 0.7693797 0.7721723 0.7744246 0.7627231 0.7610919 0.7600229 0.7598554 0.760504 0.7617135 0.7606823 0.7642862 0.7665823 0.7645139 0.7627497 0.7713912 0.7760915 0.7696563 0.7666872 0.7667303 0.7664003 0.7661085 0.7658541
0.7372052 0.7432619 0.7385928 0.7333498 0.7437305 0.7345368 0.7319763 0.7342794 0.7278902 0.7160109 0.7179132 0.7153289 0.7166767 0.7179154 0.7209811 0.7220856 0.7336876 0.7433284 0.752102 0.7490647 0.7465913 0.7448497 0.7339067 0.7408562 0.744432 0.7515169 0.7706978 0.7650183 0.7566184 0.7561048 0.7548065 0.7629937 0.7677866 0.7723835 0.7759431 0.768868 0.7641222 0.759096 0.7688577 0.7761737 0.7723293 0.7692198 0.7708348 0.7708783 0.7756593 0.7851638 0.7761313 0.7770851 0.7707918 0.7705794 0.7646474 0.7647957 0.7678825 0.7660979 0.7664022 0.7700686 0.7633446 0.7633774 0.7679595 0.7669036 0.7641163 0.7673848 0.7686241 0.7671667 0.7683973 0.7678536 0.7684206 0.7684484 0.7685962
0.7108324 0.7166466 0.7308664 0.736331 0.7500108 0.7468125 0.7333944 0.7245963 0.729252 0.7200779 0.7181186 0.7173132 0.7185872 0.7198361 0.7213965 0.7255413 0.7423722 0.7496649 0.7569323 0.7540719 0.7431043 0.7409499 0.736244 0.7432748 0.7505614 0.7517605 0.7605932 0.7697357 0.7661397 0.7583918 0.7623178 0.7694154 0.7718554 0.7779718 0.7737059 0.7729477 0.7654269 0.7629288 0.7707566 0.7778572 0.7762204 0.7800723 0.7742169 0.779339 0.7794499 0.7957444 0.7944352 0.782144 0.7705851 0.7673138 0.773603 0.7774828 0.7847255 0.7734287 0.7794163 0.7834175 0.7741414 0.7682263 0.7658413 0.7663074 0.7655611 0.7657341 0.7663062 0.7697757 0.7705848 0.770114 0.7705065 0.7704422 0.7705843
0.7012314 0.7073956 0.7178295 0.7259107 0.7450758 0.7471988 0.7322808 0.7361236 0.7293428 0.7238839 0.7176424 0.7191203 0.7203206 0.721748 0.7237392 0.7267992 0.7361471 0.7389032 0.7460108 0.7570488 0.7599795 0.7414176 0.7395813 0.742737 0.7505357 0.7577178 0.763442 0.7739374 0.7785967 0.764372 0.7639253 0.7792772 0.7843311 0.7838008 0.7747402 0.7712072 0.7655413 0.7709585 0.7782468 0.7779984 0.7796732 0.781997 0.7788579 0.7862576 0.7923099 0.7956145 0.8025382 0.7851512 0.774269 0.7704855 0.7706594 0.7825154 0.7754925 0.7717468 0.7754377 0.781047 0.7766045 0.7726364 0.7709248 0.7678286 0.767592 0.7677018 0.7685123 0.7715437 0.7723435 0.7722757 0.7734857 0.7730052 0.7729748
0.7066091 0.7149753 0.7100154 0.7320775 0.7426614 0.7334267 0.7330959 0.7284506 0.7295941 0.721789 0.7195148 0.7209191 0.7223822 0.7239879 0.7257364 0.7370557 0.7345432 0.7341092 0.7426564 0.757912 0.7614398 0.7478523 0.7405518 0.7452199 0.7471324 0.7511221 0.7571048 0.7752663 0.7827091 0.7690787 0.7709097 0.7715342 0.7777705 0.7857464 0.7814032 0.7731591 0.7728834 0.7813931 0.7833826 0.7862759 0.7894791 0.785606 0.777373 0.7894275 0.7896211 0.8256925 0.7971295 0.7805893 0.7762412 0.7783971 0.7794167 0.7822708 0.7786396 0.7843127 0.7893574 0.786982 0.781176 0.7909549 0.7779471 0.7711933 0.7707053 0.7704766 0.7708663 0.7736256 0.7740042 0.7746748 0.774972 0.7748125 0.7751032
0.7147581 0.729957 0.7179378 0.7462419 0.7409151 0.737506 0.7275051 0.7246421 0.7282379 0.7242321 0.7281979 0.723299 0.7252773 0.7298393 0.7333652 0.7426734 0.738823 0.7349463 0.7413975 0.7521995 0.760197 0.7451017 0.741765 0.7544277 0.7585356 0.7632049 0.7690252 0.7735547 0.781171 0.7807621 0.7857965 0.7851625 0.7834898 0.778842 0.7798055 0.7744264 0.7761752 0.7843926 0.794193 0.8015863 0.7912919 0.7870792 0.7821567 0.7993757 0.8194326 0.817471 0.7928963 0.7822113 0.7943295 0.7948697 0.7963954 0.8048487 0.7983273 0.8050997 0.8030939 0.7962993 0.7913373 0.788462 0.7817307 0.7771702 0.7739671 0.7729881 0.7732041 0.7749531 0.7757408 0.7764856 0.776444 0.7765232 0.7767227
