02_Processed_Data/Guangdong-driving/Rain/piliangtxt/gd-rain-00-txt.txt
ncols         755
nrows         605
xllcorner     491130
yllcorner     2101946
cellsize      1000
NODATA_value  -9999
[rows 124 to 154 of 605, columns 621 to 689 of 755]
0.5379961 0.5359091 0.535237 0.5334668 0.5311844 0.5305671 0.5290182 0.5291335 0.5306616 0.5315918 0.53184 0.530987 0.5199858 0.5226104 0.5197966 0.5208783 0.5197163 0.5275989 0.5358501 0.5354627 0.528028 0.5349037 0.5342307 0.5365624 0.5427369 0.5455516 0.5721439 0.5486425 0.5493386 0.5598271 0.5643628 0.5589257 0.541807 0.5319946 0.520085 0.5173858 0.5253215 0.5330886 0.525528 0.5212343 0.524312 0.5115619 0.5090328 0.5111977 0.5229987 0.5333814 0.5437705 0.5590247 0.5325773 0.5178649 0.5267821 0.5164472 0.527002 0.5166905 0.5102469 0.506919 0.4949823 0.4941201 0.489677 0.4852117 0.488646 0.5012739 0.5091532 0.5125366 0.5158644 0.5211478 0.5294769 0.5381725 0.53216
0.5376101 0.5378436 0.5367283 0.5350176 0.5341351 0.5324051 0.5306651 0.5312597 0.5295819 0.5307407 0.5315529 0.5276631 0.5199858 0.521337 0.5211368 0.5221594 0.525643 0.5325486 0.5389398 0.5402943 0.5358584 0.5298203 0.5318121 0.5349666 0.5429693 0.5556532 0.5729354 0.5482484 0.5392163 0.5439135 0.5511174 0.5547143 0.5445619 0.5377542 0.5171243 0.5186869 0.5226771 0.5322778 0.5335031 0.5144604 0.5175306 0.5161638 0.509775 0.5184661 0.517614 0.5285771 0.5408032 0.5528697 0.5465187 0.5268604 0.5237963 0.528701 0.5286484 0.5275467 0.5155725 0.5103992 0.5062488 0.5020339 0.48557 0.4939177 0.4973894 0.4964462 0.5065839 0.5145707 0.5187325 0.5238444 0.5341793 0.5303905 0.5373546
0.5365626 0.5368556 0.536889 0.5353222 0.5334948 0.532328 0.529476 0.5286241 0.5280128 0.5283957 0.5306938 0.5248563 0.5217643 0.52096 0.5215375 0.5217189 0.5353189 0.5376003 0.5370231 0.5393662 0.5374272 0.5396656 0.5440714 0.5367422 0.5505102 0.5585743 0.5516381 0.5554991 0.5424346 0.5317929 0.5405768 0.543074 0.529251 0.534578 0.5187964 0.5201825 0.5215675 0.520272 0.5183902 0.5134944 0.5117832 0.5090696 0.5114685 0.5295339 0.5205517 0.5262328 0.53636 0.5406324 0.5497715 0.5337942 0.5169905 0.5254929 0.5181824 0.5301435 0.5341635 0.523711 0.5108473 0.4902138 0.5005064 0.5043712 0.5094315 0.5132594 0.5068944 0.5109414 0.521716 0.5264051 0.5284437 0.5305128 0.5336185
0.5372822 0.5357093 0.5329553 0.5302765 0.5280142 0.527823 0.5272939 0.5264215 0.5282992 0.5263993 0.5269176 0.5248283 0.5216459 0.5234962 0.5236159 0.5238922 0.5420811 0.5459371 0.5458459 0.546163 0.5418635 0.5369678 0.5500699 0.5629955 0.5744888 0.5616848 0.5487059 0.5404103 0.5440015 0.5341859 0.5317357 0.531626 0.5213355 0.5219632 0.5127054 0.5141666 0.5161296 0.5084606 0.5073253 0.5107141 0.5105037 0.5067784 0.5139452 0.5206979 0.5261998 0.5248404 0.5309424 0.541073 0.5384823 0.5415134 0.5288938 0.5190504 0.512354 0.5180305 0.5264031 0.5326149 0.5182412 0.4859217 0.5074762 0.5181226 0.5202486 0.5279261 0.5235681 0.5222511 0.5298392 0.527405 0.52768 0.5230435 0.5266458
0.5392668 0.5367496 0.5341403 0.5311877 0.5285612 0.5259415 0.5267434 0.5255437 0.5265049 0.5255057 0.5225216 0.5216792 0.5219413 0.523796 0.5274154 0.5332856 0.5303514 0.5333533 0.5385227 0.5392432 0.5423831 0.545346 0.5513988 0.5581131 0.572441 0.5626398 0.5531665 0.5377402 0.5310181 0.5323313 0.5306244 0.523134 0.5250034 0.5252032 0.5216321 0.5188975 0.523449 0.5186203 0.5102748 0.5079614 0.5136911 0.5075307 0.5059813 0.5123934 0.5160476 0.5198761 0.5246335 0.5293159 0.5273911 0.5310886 0.5215643 0.5147328 0.5204593 0.5126485 0.5102138 0.5138265 0.5158661 0.4858863 0.5091997 0.520932 0.5304255 0.5314835 0.5357488 0.5297381 0.5235026 0.5195563 0.5224229 0.5238113 0.5320144
0.5333034 0.5362077 0.5359214 0.5330303 0.5315548 0.5257559 0.5247837 0.5242007 0.5240859 0.5242006 0.5223928 0.5243196 0.5230491 0.5272108 0.5344143 0.5368336 0.5368143 0.5290796 0.5271145 0.5348555 0.5425036 0.5373282 0.540185 0.5581095 0.5741838 0.5662131 0.5484364 0.5362653 0.5364841 0.5405506 0.5417651 0.5318363 0.5396674 0.5302269 0.5310031 0.5257479 0.5422689 0.5387731 0.5156799 0.5061572 0.5147284 0.5143414 0.5096875 0.507384 0.5065942 0.5140195 0.5175163 0.5202683 0.5167483 0.5268076 0.5226402 0.5176483 0.5342892 0.5225391 0.5137364 0.5119862 0.5115941 0.5076199 0.5072674 0.5227659 0.5307488 0.5295422 0.5190632 0.5211728 0.5161896 0.5231269 0.5257373 0.5235189 0.5351498
0.5323738 0.5309848 0.5337758 0.5318683 0.530539 0.5273343 0.5261823 0.5252602 0.5234526 0.5227508 0.5228361 0.5245849 0.524604 0.5384311 0.5405924 0.5397289 0.5420387 0.5388951 0.5277856 0.5308219 0.5355245 0.5402189 0.5472502 0.5690987 0.5823969 0.5667092 0.5539466 0.5399219 0.5385391 0.5554101 0.5566987 0.5453368 0.5396674 0.534354 0.5260768 0.5314511 0.5350667 0.5246124 0.5128198 0.5058036 0.506831 0.515484 0.5191166 0.5189859 0.5174376 0.509699 0.5089201 0.5115844 0.5204565 0.5258221 0.526342 0.5246131 0.529638 0.5285218 0.51846 0.5159533 0.506932 0.5040438 0.504191 0.5139075 0.508989 0.5156521 0.5159737 0.511463 0.51862 0.5287353 0.527823 0.5231699 0.5374749
0.5320396 0.5305018 0.5310538 0.530633 0.5288927 0.5286853 0.5265573 0.5270496 0.5239477 0.5248205 0.5255255 0.5247853 0.5314027 0.5366857 0.5351451 0.5313343 0.5337123 0.5446246 0.5438862 0.5363553 0.5460699 0.5447206 0.5498132 0.5811137 0.5758066 0.5653005 0.563499 0.5506364 0.5563626 0.5619172 0.5572498 0.5443715 0.5332496 0.5299624 0.5246927 0.5212657 0.5162479 0.5114824 0.5097342 0.5150241 0.511942 0.515397 0.5201972 0.5232444 0.5216918 0.5131952 0.5047907 0.5138167 0.5160688 0.5194209 0.5223664 0.529764 0.528867 0.5176976 0.5127422 0.5155094 0.5077416 0.5021704 0.4904216 0.5112745 0.509703 0.5095785 0.5114042 0.5116632 0.5233387 0.5258276 0.5371382 0.5246904 0.525337
0.5299899 0.5313869 0.5295897 0.5280241 0.5279644 0.5277372 0.5266255 0.5273377 0.5243766 0.5260277 0.5260931 0.5254173 0.5355369 0.5287582 0.5275368 0.5276471 0.5320202 0.5386465 0.5601729 0.5429966 0.5403022 0.5473996 0.5518937 0.5592286 0.5772778 0.5666769 0.559756 0.5577714 0.5516785 0.5429855 0.5505376 0.5456911 0.537995 0.5382415 0.5310385 0.5239193 0.5216588 0.5105219 0.5081815 0.5055929 0.512556 0.5134934 0.5130124 0.5146313 0.5158384 0.5188959 0.5076401 0.4988228 0.5045891 0.5113721 0.5161572 0.5243894 0.5230141 0.5108368 0.5056274 0.5016915 0.499365 0.4995701 0.4880696 0.5084169 0.5159714 0.5172671 0.5257895 0.5281384 0.5294238 0.5315728 0.5396953 0.5387999 0.5301435
0.5310638 0.5307677 0.5296676 0.5291975 0.5284014 0.5283941 0.5279009 0.5266826 0.5262527 0.5246989 0.5267589 0.5255635 0.5292172 0.532405 0.5316709 0.5308447 0.5334446 0.5371253 0.5471637 0.5581998 0.5507185 0.5487582 0.5612809 0.5560411 0.5656202 0.5504861 0.5410423 0.5369542 0.5321084 0.5306093 0.5285209 0.535727 0.5465329 0.5273643 0.5255147 0.5308685 0.519305 0.5120149 0.5074912 0.5062374 0.513363 0.5096054 0.5082823 0.5137496 0.5192243 0.518174 0.5103485 0.5080606 0.5020981 0.5092129 0.5137438 0.522392 0.5196999 0.5132154 0.5096782 0.5013844 0.4931085 0.4942321 0.4900989 0.5082653 0.5112938 0.5156011 0.5175865 0.5212713 0.5333565 0.5355844 0.5429477 0.5473228 0.5396651
0.5329432 0.5326334 0.5325793 0.5294254 0.5278932 0.5298614 0.5281528 0.5280318 0.5272656 0.5249776 0.5239561 0.527986 0.5327961 0.5353139 0.5435266 0.5461201 0.5393252 0.5336955 0.542967 0.5777767 0.5750573 0.5590979 0.5710229 0.5713838 0.5698128 0.5501458 0.5456337 0.5353385 0.532075 0.5237831 0.5216866 0.5277959 0.5304701 0.5200278 0.5154915 0.5135524 0.5149651 0.5126945 0.5101756 0.5044776 0.5054007 0.5076689 0.5133768 0.5125583 0.5119988 0.5104423 0.5073873 0.5015784 0.5059147 0.5076661 0.5162144 0.5246923 0.5180865 0.5170431 0.5116608 0.5070493 0.5068947 0.4977135 0.4863581 0.5018575 0.5165243 0.5110285 0.5082359 0.5108275 0.5178828 0.5255496 0.5369276 0.5443121 0.5345539
0.5327598 0.5318673 0.5303307 0.5304605 0.5281132 0.5280694 0.5276198 0.527641 0.5269373 0.5248715 0.5272126 0.5289159 0.5301087 0.5472006 0.5440918 0.5569731 0.5623929 0.5439355 0.5401284 0.5691466 0.5819937 0.5745659 0.5678862 0.5627925 0.5612113 0.541702 0.5521726 0.5463911 0.5319795 0.5255219 0.5184759 0.5219813 0.524732 0.5137193 0.5098466 0.5110843 0.5182702 0.5199307 0.5182443 0.5120388 0.5027391 0.5091068 0.5179933 0.5065341 0.5064732 0.5079285 0.5057077 0.5026596 0.4948481 0.505726 0.5171191 0.5201501 0.5180865 0.5128552 0.5070513 0.4982493 0.4979244 0.4875279 0.4876231 0.4979028 0.5091322 0.5022087 0.5104678 0.520174 0.5177602 0.5194752 0.5401444 0.5419113 0.5488976
0.53386 0.5336818 0.5314738 0.529514 0.5288222 0.5274066 0.525665 0.5244741 0.5261442 0.5278179 0.5319418 0.5362258 0.5323782 0.5447805 0.551876 0.5622311 0.5763482 0.5648299 0.5490333 0.545459 0.5642412 0.5704544 0.5527084 0.5476879 0.5455943 0.542659 0.5433212 0.528988 0.5288901 0.5215871 0.517046 0.5152676 0.5179274 0.5132959 0.5098359 0.5078013 0.5107103 0.5092667 0.5092503 0.507228 0.5042891 0.5083913 0.5088982 0.5077371 0.5011397 0.5015028 0.5025451 0.4989912 0.4977098 0.5057371 0.518886 0.5184802 0.5112211 0.4926943 0.4980271 0.490981 0.489983 0.4857125 0.4898026 0.4900354 0.4919643 0.5091584 0.5191721 0.5333129 0.5297216 0.5279974 0.5265497 0.5375234 0.5575689
0.5344909 0.5338014 0.5330251 0.5305699 0.5300204 0.5269941 0.5276262 0.5284108 0.5275152 0.5397797 0.5386954 0.5373527 0.543541 0.5448051 0.5765111 0.5731171 0.5789298 0.5738482 0.556281 0.5593117 0.5566415 0.5535471 0.5512017 0.538047 0.5366979 0.5252103 0.5241885 0.5217401 0.5193728 0.5159984 0.5156378 0.5136848 0.5145791 0.5100468 0.5095125 0.5099849 0.5092032 0.5076709 0.5104137 0.5150872 0.511474 0.5089554 0.5042656 0.5055298 0.5038705 0.495931 0.4967263 0.4942531 0.502438 0.5056046 0.5085326 0.509883 0.500276 0.4919879 0.4983229 0.4918601 0.4860815 0.4883818 0.4937713 0.4940006 0.5019561 0.5231665 0.5307469 0.5357539 0.5409518 0.544164 0.5559438 0.5390208 0.5471665
0.5356424 0.5342656 0.5333117 0.5299631 0.528361 0.5268322 0.5292807 0.5289339 0.5282618 0.5360094 0.5320624 0.532464 0.5403968 0.5462689 0.5555993 0.5634995 0.5543916 0.5617774 0.5702465 0.5720935 0.5644708 0.541265 0.5484576 0.5432502 0.5459118 0.5376818 0.5215757 0.520878 0.5198429 0.5172987 0.5156745 0.513631 0.5102474 0.5167025 0.5185914 0.5202309 0.5145864 0.5111228 0.5275131 0.520959 0.5255496 0.5149027 0.5095393 0.5187566 0.4990865 0.4983541 0.4935246 0.4934448 0.4927389 0.4962826 0.5059921 0.5060834 0.4898055 0.4930634 0.499898 0.4941022 0.4876612 0.4932851 0.4972599 0.4999145 0.5045999 0.5124053 0.5310372 0.5449174 0.5494403 0.5353097 0.5331803 0.5264693 0.5337707
0.5368866 0.5343379 0.5340937 0.5292869 0.5306964 0.5299485 0.5299114 0.5304406 0.5308472 0.5309124 0.5336514 0.538394 0.5332472 0.5370275 0.5393935 0.5507993 0.5520648 0.5663909 0.5749325 0.5656292 0.5595876 0.5389681 0.5419633 0.5479698 0.5487798 0.5447289 0.5289496 0.5235537 0.5188259 0.5171958 0.5152299 0.5101647 0.5104598 0.5238819 0.5334708 0.521118 0.5158036 0.5269086 0.5326574 0.5369874 0.5328634 0.5263168 0.5251374 0.5234629 0.5198706 0.5131046 0.5019093 0.4971737 0.4944204 0.4911744 0.5023857 0.493931 0.4889268 0.4937422 0.4931196 0.488262 0.4915066 0.4921927 0.4903013 0.4962186 0.5041665 0.5101251 0.5307626 0.530986 0.5104611 0.5163425 0.5194837 0.5194837 0.5180432
0.5355601 0.5348992 0.5334362 0.530374 0.5316084 0.5311639 0.5296777 0.5306628 0.5303847 0.5332832 0.5427922 0.5498664 0.54412 0.5440497 0.5344263 0.539036 0.5575438 0.570016 0.5705901 0.5549948 0.5618413 0.5412958 0.5359062 0.5517029 0.5481491 0.5342907 0.5262927 0.5262927 0.5228992 0.5192531 0.5124232 0.5117067 0.5141731 0.523427 0.5268944 0.5301126 0.5257115 0.519806 0.5214422 0.5280243 0.5413117 0.5402829 0.5358264 0.5300369 0.5218261 0.5173929 0.5062685 0.5088898 0.503565 0.4945308 0.4935128 0.4941112 0.490003 0.4893068 0.4889001 0.4916396 0.5002437 0.5063524 0.5064489 0.4986911 0.492879 0.5035031 0.5116351 0.5199561 0.5106266 0.5076012 0.5075305 0.5129272 0.5222846
0.5353838 0.5320832 0.5326017 0.5313621 0.5305154 0.5326112 0.5338098 0.5305712 0.5341638 0.5382267 0.5360024 0.5420639 0.5466121 0.5461433 0.5450565 0.5472308 0.5479763 0.5512295 0.5559017 0.5609881 0.5458853 0.5363061 0.5327533 0.5284435 0.5324221 0.5370679 0.5359321 0.5301878 0.5247769 0.5187786 0.513952 0.518087 0.5239812 0.5307369 0.5274986 0.5241786 0.5201078 0.5234944 0.5215246 0.5296939 0.542056 0.5467187 0.5401647 0.5275037 0.5165257 0.5120056 0.5108448 0.5116205 0.5087217 0.5069231 0.4965101 0.4978355 0.4933138 0.4953901 0.4959182 0.4993936 0.498279 0.5030445 0.4979447 0.5108707 0.5004483 0.5016039 0.5132493 0.5151166 0.5115612 0.514226 0.5081193 0.5075634 0.5186731
0.5373491 0.5342719 0.5367194 0.5367806 0.535329 0.5326686 0.5332474 0.5335386 0.5361696 0.5382087 0.5404937 0.5415169 0.5459686 0.5447479 0.5477533 0.5561141 0.5466304 0.5441774 0.558136 0.5596945 0.5482671 0.5370871 0.5317665 0.5239302 0.5217025 0.5203936 0.5239404 0.5242189 0.5199735 0.5205849 0.5161706 0.5229796 0.5245126 0.5226559 0.5308868 0.5222853 0.5192147 0.5207541 0.5250617 0.5267776 0.5374608 0.5462237 0.5410062 0.5290119 0.5254011 0.5249817 0.5229805 0.5178903 0.5147372 0.5019639 0.5006772 0.5009111 0.5045925 0.497978 0.5027747 0.5006353 0.5001875 0.4995056 0.4885114 0.5001217 0.4968145 0.4971285 0.4957876 0.4989064 0.5120134 0.5240533 0.5207886 0.5098411 0.5215307
0.5358967 0.536868 0.5347271 0.5366074 0.5367326 0.5328165 0.5361305 0.5384179 0.5395278 0.54147 0.5435745 0.5477676 0.5410675 0.5424455 0.5478684 0.5567207 0.5587844 0.554646 0.5719445 0.5632753 0.5516708 0.5530451 0.5377489 0.5362694 0.5298457 0.5219961 0.519505 0.5176826 0.518623 0.5181391 0.5182412 0.5232015 0.5255662 0.5327693 0.5284318 0.5214168 0.5218593 0.5241481 0.5301267 0.5341001 0.5340587 0.5412266 0.5387694 0.5343934 0.5291044 0.5267555 0.522741 0.5276147 0.5164182 0.5136089 0.5191034 0.5215959 0.5130461 0.5056113 0.4934865 0.496453 0.4928193 0.4909614 0.4874833 0.4986892 0.4916092 0.4912488 0.4987815 0.4992155 0.5108936 0.533565 0.5354874 0.521686 0.5215597
0.5375599 0.5367639 0.535565 0.5362767 0.5378118 0.5355729 0.536177 0.537865 0.538878 0.5412261 0.5408055 0.54239 0.5428807 0.5460203 0.5543635 0.5748472 0.5741365 0.5710767 0.5697719 0.5667886 0.5530812 0.5363555 0.5345353 0.5296136 0.5286262 0.5229467 0.5193594 0.5208803 0.5221491 0.5157121 0.5177344 0.5214326 0.5242943 0.5331023 0.5270849 0.5219079 0.5334853 0.5421353 0.5450945 0.5376732 0.5355343 0.5329829 0.5308575 0.5230442 0.5223584 0.5259531 0.5355876 0.532334 0.5313529 0.5206676 0.5298446 0.5295702 0.516746 0.4973508 0.4909334 0.4906902 0.4906224 0.4877827 0.4910618 0.4920833 0.4882945 0.4900786 0.4938377 0.4982871 0.5061073 0.5205655 0.5416618 0.5399152 0.5352595
0.5388332 0.5395156 0.543224 0.5364695 0.542 0.5386592 0.5393339 0.5407577 0.5437683 0.5475278 0.5453361 0.5418835 0.5426977 0.5562258 0.5651447 0.5821002 0.5752653 0.5799851 0.5621712 0.5493793 0.5337366 0.526383 0.5259783 0.5233101 0.521645 0.5217373 0.5211582 0.5230073 0.5209193 0.5195852 0.5233605 0.529398 0.5356885 0.5440077 0.5295261 0.5241771 0.5346612 0.5487509 0.5335314 0.5288703 0.5340144 0.5322133 0.5213739 0.5215141 0.5315457 0.5284368 0.5232437 0.5290328 0.5380992 0.5230558 0.5178241 0.5179655 0.5065622 0.5011703 0.4938132 0.4894714 0.4889223 0.4882304 0.4875558 0.4880942 0.4905524 0.4896809 0.498712 0.5004762 0.5107203 0.5245028 0.5325276 0.5425842 0.5532492
0.542819 0.5428329 0.5466952 0.5374873 0.5407547 0.5426775 0.5404081 0.5502788 0.5492569 0.5504082 0.5458596 0.5475045 0.5390108 0.5512017 0.5648844 0.5613936 0.5712163 0.5582544 0.545289 0.5355873 0.5283954 0.5321727 0.5309227 0.5285819 0.5266581 0.5315173 0.5394743 0.5393067 0.5299257 0.5218852 0.5183681 0.5254053 0.5377206 0.5457185 0.5311484 0.5271349 0.5324219 0.5294218 0.5277666 0.5262005 0.5269858 0.5219985 0.51928 0.5267036 0.5205675 0.5170366 0.518541 0.5126851 0.5147132 0.5247096 0.5084192 0.5072175 0.5048569 0.5122951 0.5091225 0.4901038 0.4891529 0.4885373 0.4879388 0.4887122 0.4931925 0.4914791 0.4969039 0.5101377 0.5114985 0.5214227 0.5274315 0.5378169 0.5460464
0.5458234 0.5470804 0.5441455 0.542044 0.5383471 0.5488843 0.5420798 0.5439819 0.5608716 0.5513744 0.5450556 0.5464383 0.5405303 0.5431763 0.5485574 0.5541862 0.5529438 0.540224 0.5342016 0.5298516 0.5296866 0.5380627 0.5440916 0.5410731 0.5320231 0.5475959 0.5495998 0.5413016 0.527392 0.526297 0.5200105 0.5322352 0.5495706 0.5449348 0.5324541 0.5325402 0.5326303 0.5271133 0.5250355 0.5241358 0.5233262 0.5237796 0.5226491 0.5309908 0.5237625 0.5240816 0.5163697 0.5165412 0.5140437 0.5068673 0.5024672 0.5135745 0.5169062 0.5069385 0.5068615 0.4983406 0.4913934 0.4889417 0.48818 0.4877546 0.4892593 0.5006653 0.4976263 0.5068347 0.5142206 0.518779 0.5134749 0.5285444 0.5362648
0.5473288 0.5456415 0.5519072 0.543763 0.5398862 0.5414497 0.5457729 0.5404603 0.5527322 0.5500079 0.5467772 0.5463066 0.5483447 0.5499054 0.5407035 0.5404601 0.5363612 0.5341855 0.5345199 0.5379508 0.5521837 0.5538517 0.5575279 0.5408503 0.5378236 0.5440093 0.5475981 0.5287405 0.525713 0.5223512 0.5204981 0.5297023 0.5467817 0.5427451 0.5404781 0.5475953 0.5370444 0.5314398 0.5305308 0.5343178 0.5337558 0.5232338 0.5297217 0.5325325 0.5366918 0.5312287 0.5212524 0.5123755 0.509456 0.5165989 0.5011401 0.5079728 0.5105476 0.5016834 0.4944003 0.4933345 0.4962957 0.4971836 0.4889966 0.4881687 0.4876774 0.4921967 0.5055689 0.5098307 0.5166249 0.514226 0.5114287 0.5226391 0.5134343
0.5488427 0.5436255 0.5465288 0.5517734 0.5467961 0.5407261 0.5462105 0.5453257 0.5513049 0.550915 0.5490975 0.5521343 0.5684845 0.554638 0.5527135 0.539563 0.5457569 0.5480955 0.5558759 0.5603875 0.5741103 0.5726717 0.5525542 0.547344 0.5597216 0.5536725 0.5310398 0.5264983 0.5235487 0.5228615 0.5258611 0.5255959 0.549957 0.5606743 0.562758 0.5500212 0.5394662 0.5496038 0.5446706 0.5469464 0.5266149 0.524549 0.5282696 0.5371075 0.5371596 0.5414928 0.5320997 0.5179433 0.5197112 0.5203182 0.5072852 0.5018867 0.5066358 0.4987909 0.4972835 0.4954561 0.5020194 0.5029035 0.496685 0.4886796 0.4899368 0.4947169 0.5016349 0.5074832 0.5146908 0.519154 0.505295 0.5034333 0.5082091
0.5496114 0.5459737 0.5465202 0.5608824 0.5502821 0.5457924 0.5457379 0.5517939 0.5498058 0.5596235 0.5668415 0.5691143 0.5588207 0.5633205 0.5549379 0.5420297 0.5519843 0.5592563 0.5652696 0.5721187 0.5684965 0.5733323 0.5691213 0.5802642 0.5771203 0.5578242 0.5443985 0.5276231 0.5235791 0.5307595 0.5330837 0.5298823 0.5585099 0.5721158 0.5647867 0.5489467 0.5454232 0.5543005 0.5414909 0.5309486 0.5361589 0.5345083 0.5383933 0.536926 0.5342113 0.5294958 0.5198486 0.5221887 0.5355955 0.5253112 0.5075849 0.4979119 0.4978838 0.4981769 0.4990112 0.4985203 0.4955319 0.4953234 0.4910791 0.4914381 0.4884682 0.4897389 0.4959588 0.5036445 0.5048163 0.5113678 0.4988428 0.5071929 0.5135533
0.5575916 0.5494198 0.5497873 0.5687451 0.5589714 0.5491942 0.5428474 0.5491442 0.5605466 0.5711918 0.576641 0.5732927 0.5713651 0.5569403 0.551648 0.5567387 0.5583933 0.5690911 0.5637899 0.5520378 0.5547739 0.583955 0.5998113 0.5838233 0.5698125 0.5618246 0.5434514 0.5294343 0.5274788 0.5428619 0.5502065 0.543566 0.5520881 0.5546225 0.5610532 0.5643052 0.5516487 0.538746 0.5385796 0.5383357 0.54237 0.5521905 0.5511307 0.5427088 0.5332904 0.5215364 0.5233605 0.5382609 0.5462207 0.5339231 0.5146861 0.501157 0.5006233 0.5180156 0.5137374 0.5037785 0.4981063 0.4930415 0.501969 0.5018731 0.4922463 0.4885207 0.4897251 0.5052659 0.4934503 0.4946356 0.4926577 0.5053567 0.5113753
0.5684285 0.5524561 0.5557443 0.5637193 0.563483 0.5502614 0.5453281 0.5480133 0.5609972 0.5823535 0.5808414 0.5775676 0.5611412 0.5659004 0.5537319 0.5686975 0.5643974 0.5544001 0.5483376 0.5426922 0.5514516 0.5690881 0.5916508 0.5753189 0.5584239 0.5544503 0.5551676 0.5468401 0.5337399 0.5512118 0.5680181 0.5693455 0.5632715 0.5530037 0.5543211 0.5622596 0.5541219 0.5671401 0.5567077 0.5404631 0.5564709 0.5649865 0.5674645 0.5519422 0.5369092 0.537464 0.5423841 0.5397766 0.5300609 0.5217806 0.53822 0.5173174 0.5092423 0.5237999 0.5232034 0.5088854 0.5021207 0.501988 0.5101631 0.5081364 0.4990075 0.4991927 0.4885974 0.4894965 0.5007772 0.491655 0.4963713 0.4978408 0.4995811
0.5600101 0.5596057 0.5643909 0.5628074 0.5649059 0.5587097 0.5530128 0.5665764 0.5738553 0.5823875 0.5729095 0.5772483 0.5814169 0.5628967 0.5720775 0.5736345 0.5503143 0.5441623 0.5431176 0.5453383 0.5581948 0.5590736 0.5733692 0.5679489 0.5667331 0.5652664 0.5516559 0.541648 0.5374207 0.5553065 0.5745276 0.5742459 0.5574692 0.5514011 0.5456791 0.5477508 0.5515025 0.5460467 0.5493909 0.5594507 0.5646982 0.5737539 0.5627992 0.542515 0.5335092 0.5387513 0.5638351 0.5508569 0.5256435 0.5400575 0.5371464 0.5265423 0.5190502 0.5110065 0.516688 0.5091506 0.500958 0.4989787 0.5075683 0.5152528 0.5053654 0.5130838 0.5136166 0.4925585 0.4911173 0.4892758 0.4932323 0.5002233 0.5015381
0.5641639 0.5676019 0.571623 0.5643342 0.5636591 0.5692624 0.5700049 0.5745135 0.5836259 0.5833547 0.5889758 0.5962259 0.5795103 0.583643 0.5837822 0.5628389 0.5483892 0.5564682 0.546455 0.5395394 0.5378158 0.5453047 0.5506995 0.5725441 0.5627456 0.5463648 0.5494163 0.5554003 0.5443838 0.5685023 0.5767449 0.560093 0.5487517 0.5406853 0.5355456 0.5356032 0.5351635 0.5453661 0.5643535 0.5715339 0.5480378 0.5493054 0.5424569 0.5408095 0.5424376 0.5501052 0.5422883 0.5343981 0.5313765 0.5446987 0.538769 0.5397198 0.5269479 0.5119644 0.5044089 0.5045732 0.5007319 0.5075428 0.5089253 0.5188667 0.5077184 0.5181957 0.5247539 0.5108933 0.4888206 0.4959572 0.5074456 0.5038769 0.4975633
