02_Processed_Data/Guangdong-driving/Rain/piliangtxt/gd-rain-05-txt.txt
ncols         755
nrows         605
xllcorner     491130
yllcorner     2101946
cellsize      1000
NODATA_value  -9999
[rows 248 to 278 of 605, columns 276 to 344 of 755]
0.4077682 0.4027424 0.4123845 0.4501086 0.4343243 0.4174059 0.4100401 0.4061657 0.4010688 0.395428 0.3991959 0.395966 0.3950107 0.4030492 0.4158036 0.4188539 0.4282252 0.4154975 0.4090989 0.4174911 0.406239 0.4058702 0.4068361 0.4345254 0.4189351 0.4088844 0.4109198 0.4111993 0.4125449 0.4141505 0.415344 0.4170663 0.4177051 0.4177051 0.418873 0.4203009 0.4218551 0.4228637 0.4237297 0.4248568 0.4267824 0.4269535 0.4291331 0.4275117 0.428625 0.4298655 0.4310988 0.4327283 0.4336794 0.4348929 0.4361005 0.4374365 0.4386327 0.4400926 0.4408862 0.4419409 0.4431232 0.4443021 0.4453454 0.4465177 0.4486114 0.4583652 0.4517366 0.4502888 0.4513299 0.4552743 0.4606686 0.4541851 0.4548308
0.4166518 0.4272673 0.4341033 0.4665554 0.470591 0.4549001 0.4201392 0.417503 0.406103 0.3968495 0.4022688 0.3938111 0.3971891 0.3966613 0.40406 0.4113216 0.4226155 0.4322843 0.4245688 0.4300444 0.4266214 0.4066359 0.4276955 0.431743 0.4159228 0.4049676 0.4058329 0.4073611 0.4086116 0.4102559 0.4118912 0.4132486 0.4141938 0.415533 0.4169978 0.4184538 0.4193633 0.4203988 0.4216943 0.4233846 0.4249322 0.4247249 0.4271972 0.4257642 0.426766 0.4280284 0.4292833 0.4303963 0.4317708 0.4351541 0.4349024 0.4357193 0.4370675 0.4386788 0.4401502 0.4400188 0.4410844 0.4422776 0.4434667 0.4446521 0.4459661 0.4501909 0.4586662 0.4576499 0.4495515 0.4520526 0.4602707 0.4523019 0.4530862
0.412601 0.4302508 0.4556648 0.4465246 0.4382455 0.4569355 0.4146832 0.413948 0.4020263 0.4108406 0.4068517 0.4083782 0.4133995 0.398748 0.4067176 0.4154875 0.4257311 0.4385258 0.4615868 0.4354011 0.4290445 0.4027602 0.4134767 0.4177202 0.4042366 0.4019163 0.4032154 0.4043708 0.4060546 0.4074602 0.4088564 0.4105119 0.4117551 0.4133917 0.4144817 0.4160997 0.4173055 0.4178302 0.419555 0.4214055 0.4229783 0.4225268 0.4256951 0.4236466 0.4253429 0.4272994 0.4295163 0.429172 0.4316417 0.4312818 0.4318553 0.4338999 0.4359377 0.4378347 0.4394568 0.4405354 0.4398698 0.4400211 0.4412238 0.4426862 0.4438808 0.4494587 0.4679549 0.4608212 0.4478069 0.4484713 0.4600453 0.4500575 0.4513749
0.4239447 0.443756 0.4646561 0.4400802 0.4203794 0.4327108 0.4208404 0.4154064 0.4177795 0.4208208 0.4231832 0.4142256 0.4082253 0.4067982 0.4143893 0.4241284 0.4473527 0.4546231 0.4343114 0.4351313 0.4123717 0.4049624 0.4021311 0.399438 0.3976947 0.3991679 0.4009005 0.4024895 0.4036658 0.4048327 0.4059898 0.407406 0.4092155 0.4107465 0.4118645 0.4129729 0.4144746 0.4159666 0.4179865 0.4191908 0.4190419 0.4214368 0.4231508 0.4241172 0.4244924 0.426471 0.427903 0.4293263 0.4292629 0.4289226 0.4301867 0.4319808 0.4333642 0.435278 0.4359756 0.4374729 0.4389642 0.4389868 0.4399391 0.4410188 0.4418316 0.4439559 0.4553691 0.449293 0.4454412 0.4459831 0.4511329 0.4481113 0.4493043
0.4421335 0.4394907 0.430134 0.4210715 0.4041852 0.4141277 0.4108673 0.3995223 0.4021821 0.4072629 0.4198826 0.4217223 0.4161495 0.4456927 0.4341115 0.4221624 0.434212 0.4505467 0.4328339 0.4122667 0.4171493 0.4132687 0.3974097 0.3933057 0.3948183 0.3963219 0.3979505 0.3995699 0.401045 0.4023762 0.403563 0.4055459 0.40725 0.4084063 0.4102245 0.4109572 0.4118142 0.4140048 0.4155133 0.4155337 0.4180973 0.4194417 0.421045 0.421938 0.4216637 0.4244704 0.4247143 0.4265614 0.4279963 0.4270033 0.4280174 0.4295607 0.4308272 0.432892 0.4340088 0.435253 0.4362244 0.4370642 0.4381631 0.4393881 0.4406076 0.4418224 0.4440852 0.4433479 0.4433761 0.4447158 0.4456578 0.44686 0.4481914
0.4326955 0.4277274 0.4143289 0.4087821 0.4039204 0.3909765 0.4022768 0.3842126 0.3941634 0.4107123 0.429088 0.4160555 0.4305051 0.4301816 0.4305391 0.4266982 0.4052367 0.4113815 0.4053973 0.3980597 0.3944957 0.39133 0.3923219 0.3913795 0.3926537 0.393919 0.3950405 0.3969589 0.3981953 0.4003624 0.4014443 0.4031877 0.4046518 0.4061053 0.4071449 0.408846 0.410133 0.4104687 0.411869 0.4154086 0.4170563 0.4199031 0.4208585 0.4183205 0.4198156 0.4203595 0.4214306 0.4227608 0.4239466 0.4251229 0.4262901 0.4277169 0.4292694 0.4322916 0.4349025 0.4353557 0.4339314 0.4363743 0.4366891 0.4374004 0.4386322 0.4398582 0.4413422 0.440523 0.4417446 0.4430931 0.4439117 0.4451212 0.4461964
0.4289075 0.4073249 0.4091985 0.3871298 0.3871268 0.385913 0.3960148 0.3799868 0.3816041 0.3904946 0.3999234 0.4158158 0.4218738 0.4347028 0.4190302 0.4050089 0.409032 0.3976949 0.3901281 0.3853941 0.3862972 0.3875961 0.3892904 0.3880183 0.3897262 0.3912904 0.3925766 0.3939875 0.3957914 0.3974507 0.3992336 0.4006029 0.4016925 0.4031743 0.4047791 0.4065074 0.4079557 0.4100647 0.4128344 0.4163992 0.4157873 0.4177176 0.4176213 0.4158204 0.4161281 0.4174999 0.4191296 0.4206141 0.421954 0.4227462 0.4243348 0.4260482 0.4274833 0.429447 0.4308644 0.4320047 0.4319437 0.4345305 0.4355177 0.4354526 0.4366961 0.4379337 0.4391653 0.438923 0.4402854 0.4416426 0.4426005 0.4435546 0.444768
0.395233 0.384987 0.3836329 0.3960945 0.4104023 0.4058093 0.4085168 0.3806517 0.370434 0.378401 0.3902752 0.3977046 0.4175251 0.4196992 0.4183691 0.4016809 0.3878176 0.3825811 0.38057 0.381375 0.3828454 0.3844431 0.3863019 0.3847035 0.3865759 0.388708 0.3905619 0.392137 0.3947769 0.395256 0.3970682 0.3981975 0.399853 0.4013627 0.4021889 0.4043474 0.4047472 0.4086291 0.4126338 0.4139392 0.4150986 0.4155745 0.4155016 0.4139025 0.414232 0.4161626 0.4178128 0.4189144 0.4197367 0.4210863 0.4225591 0.4238876 0.4252061 0.4270506 0.4283498 0.4292384 0.430261 0.4316707 0.4328095 0.4338091 0.4350645 0.4363132 0.4376869 0.4372342 0.4384741 0.4403661 0.4410689 0.4421618 0.4433819
0.4125505 0.3936697 0.3951493 0.3804542 0.3773727 0.3765869 0.3797127 0.3941576 0.3870556 0.3658218 0.3779788 0.4122349 0.4178373 0.397642 0.397281 0.3850647 0.3756898 0.3759968 0.3771055 0.3786118 0.3799776 0.381471 0.3829569 0.3822446 0.3844157 0.386578 0.3892679 0.3912759 0.3934077 0.3927068 0.3944134 0.3958398 0.3973891 0.3989265 0.4005863 0.402234 0.4026601 0.4065679 0.4101947 0.4124655 0.4136491 0.4125361 0.4128893 0.4117627 0.4129201 0.4144683 0.4160047 0.4171263 0.418104 0.4194719 0.4208288 0.4223084 0.4236435 0.4253701 0.426685 0.4271898 0.4280959 0.4295192 0.4308025 0.4322089 0.433476 0.4353932 0.4361197 0.437826 0.4372335 0.4379501 0.4391868 0.4404185 0.4415136
0.4090247 0.3936414 0.3939137 0.3815633 0.363002 0.3643835 0.3703522 0.3755197 0.3691094 0.3717285 0.3833761 0.3996062 0.3897076 0.3853323 0.3705969 0.3704006 0.3710081 0.3726874 0.3742284 0.3758985 0.3774284 0.3789519 0.3806021 0.3795694 0.3815018 0.3836937 0.3852039 0.3868382 0.3888649 0.3903428 0.3919438 0.3936673 0.3951098 0.3969434 0.3986301 0.4000356 0.400622 0.4036146 0.4067289 0.4095616 0.411441 0.4116951 0.412071 0.4100751 0.4113881 0.4129571 0.4145135 0.416595 0.4170544 0.4183066 0.4195471 0.4209099 0.4221277 0.4238699 0.4251998 0.4258501 0.4267657 0.4275447 0.4292352 0.4306538 0.4327216 0.4349129 0.4373724 0.4363596 0.4369597 0.4399249 0.4384029 0.4392468 0.4404801
0.4037661 0.3892151 0.3816806 0.3630574 0.3725224 0.360986 0.3582142 0.3597617 0.358494 0.360191 0.3889601 0.4021153 0.3869883 0.3663506 0.3655099 0.3669535 0.3685296 0.3702376 0.3718075 0.373507 0.3750667 0.3766199 0.3781658 0.378428 0.3802557 0.3807305 0.3832107 0.3847397 0.3865265 0.3884361 0.3900653 0.3918166 0.3953024 0.3962223 0.3964575 0.3970828 0.4001138 0.4032659 0.4035827 0.4063051 0.4087456 0.4094258 0.4096898 0.4088418 0.409506 0.4108281 0.4124045 0.4142359 0.4151171 0.416655 0.4183146 0.4196941 0.4211958 0.422552 0.4236291 0.4245614 0.4254829 0.4266697 0.4279781 0.4292772 0.4308301 0.4329006 0.4345682 0.4341516 0.4356814 0.4390617 0.4429947 0.4395696 0.4389677
0.3929434 0.3845694 0.3677464 0.3627883 0.3561006 0.3627605 0.3678161 0.3595477 0.3721665 0.3574565 0.380322 0.3856885 0.3646619 0.3612931 0.3624949 0.3642344 0.3659732 0.3677097 0.369443 0.3710375 0.372761 0.3744784 0.3765917 0.3766738 0.380681 0.3817222 0.3815439 0.382833 0.3843796 0.3860489 0.3879744 0.3898876 0.3916536 0.3928689 0.394474 0.3951249 0.399525 0.4012237 0.4022365 0.4026982 0.4067743 0.4093585 0.4092414 0.4072595 0.4075442 0.4090201 0.4106159 0.4124659 0.4134991 0.4151886 0.4171329 0.4182611 0.4191092 0.4216856 0.4242501 0.4235898 0.4238555 0.4253177 0.4271667 0.4291416 0.4315084 0.4321254 0.4327456 0.4327827 0.4351116 0.4375784 0.4440942 0.4418221 0.4382935
0.3718908 0.3698747 0.3595223 0.3680982 0.3581886 0.3732125 0.3623896 0.358718 0.3945234 0.3673022 0.3565276 0.3570722 0.3564131 0.3579078 0.3595395 0.3622473 0.3641484 0.3657793 0.3672727 0.3688964 0.3703806 0.3723963 0.3745389 0.3737718 0.3768675 0.3792815 0.3800725 0.3807182 0.3824271 0.3841241 0.3856741 0.3876143 0.3892723 0.3905138 0.3925478 0.393224 0.3964393 0.3966841 0.3986615 0.4015653 0.4049923 0.4080016 0.4085781 0.4060021 0.4061731 0.4072666 0.4090153 0.4107499 0.4122026 0.4135076 0.4160042 0.4155419 0.4189492 0.4207374 0.4214419 0.423607 0.422547 0.4237535 0.4261506 0.4284047 0.4295775 0.4302063 0.4324295 0.4317278 0.4316961 0.4331025 0.4383446 0.4370753 0.437012
0.3727389 0.3693788 0.3605138 0.3797983 0.3828303 0.3663494 0.3667216 0.3835414 0.3634684 0.3532414 0.3511142 0.3519517 0.3537363 0.3556604 0.3578566 0.3600545 0.3619837 0.3633744 0.3650311 0.3664152 0.3679286 0.3701078 0.3721454 0.3732194 0.3739248 0.376233 0.3769178 0.3783976 0.3802686 0.3821273 0.3837041 0.3856708 0.387624 0.3891598 0.3908159 0.391383 0.3940844 0.3954282 0.399982 0.3987445 0.4016542 0.4061637 0.4054175 0.4034635 0.4045911 0.40557 0.4074709 0.4090896 0.4116308 0.4128189 0.4135911 0.4148851 0.4173706 0.4186377 0.4210968 0.4211334 0.4220947 0.4235796 0.4261241 0.427988 0.4295731 0.4298089 0.4319092 0.4320685 0.4307024 0.4313272 0.4324696 0.4338669 0.4351249
0.362736 0.3709626 0.3681645 0.3961233 0.3783068 0.3821786 0.3921061 0.3920816 0.3758499 0.3473332 0.3489918 0.3501223 0.3512606 0.3529421 0.3548966 0.3577939 0.3582732 0.3600953 0.3631247 0.3649408 0.3664832 0.3678851 0.3707579 0.3699132 0.3715875 0.3732517 0.3750393 0.3770841 0.3789821 0.3808675 0.3823363 0.3839259 0.3859044 0.3873309 0.3891461 0.3896063 0.3923294 0.3941 0.397331 0.396524 0.3986501 0.4011625 0.4021867 0.4025911 0.4036039 0.405003 0.4063865 0.4077548 0.4105809 0.4115176 0.4120381 0.4129457 0.414107 0.4167274 0.4185308 0.4197855 0.4211613 0.4234616 0.4258837 0.4277585 0.4297558 0.4300016 0.4305046 0.4295219 0.429105 0.4305266 0.431676 0.4329482 0.4340804
0.3627625 0.3766494 0.3807527 0.3804133 0.3839043 0.4257586 0.4117663 0.3943701 0.3771204 0.3447192 0.3459981 0.3472877 0.3491235 0.3516377 0.3533505 0.3541254 0.3586642 0.3599772 0.3615567 0.3615202 0.3645695 0.366672 0.3683639 0.3666781 0.3685145 0.3703405 0.3721552 0.373958 0.3757483 0.3775252 0.3792894 0.38104 0.3827759 0.3857021 0.3876758 0.3878935 0.3895686 0.3929684 0.3946118 0.3953022 0.3969139 0.3986437 0.4029013 0.3993701 0.4021422 0.4036932 0.4048266 0.4062118 0.4078495 0.4093377 0.4110786 0.4128046 0.4129093 0.4148742 0.4164233 0.4179587 0.4198822 0.4213911 0.4269039 0.4279861 0.427048 0.4285086 0.4288868 0.4279686 0.4275632 0.4289923 0.4304114 0.4331367 0.4329594
0.3598915 0.3665083 0.3736899 0.3968153 0.3944303 0.4358886 0.4112326 0.386187 0.3714592 0.3427158 0.3430777 0.3453328 0.347732 0.3481227 0.349997 0.3518746 0.3537537 0.3556322 0.3575089 0.3593821 0.3612503 0.3629777 0.3648322 0.3655328 0.3673962 0.369518 0.3710904 0.3721131 0.3739306 0.3757345 0.3789981 0.3805044 0.3810595 0.3828044 0.3856047 0.3874521 0.3879445 0.3896257 0.3926296 0.3941444 0.3955087 0.3973924 0.3977869 0.3994259 0.3995382 0.4011067 0.4038638 0.4052657 0.4077227 0.4077538 0.4091081 0.4105809 0.4121725 0.4141508 0.4161147 0.4165913 0.4186608 0.4207168 0.4263765 0.4272005 0.4242629 0.4258667 0.4263877 0.4267404 0.4269992 0.4286985 0.4294667 0.4307512 0.4320265
0.3488731 0.3622281 0.3657796 0.3968153 0.392296 0.3966611 0.3903714 0.3629664 0.3559071 0.3405201 0.3410406 0.3434553 0.3439991 0.3458948 0.3477962 0.3515826 0.3534894 0.3553959 0.3573005 0.3592014 0.3612319 0.3625838 0.3639285 0.3633898 0.3651453 0.3671584 0.3694286 0.3714174 0.3741992 0.3801922 0.3818704 0.3957875 0.3845101 0.3817171 0.3829334 0.3858739 0.3863881 0.3890279 0.3940609 0.3937217 0.3969803 0.3978124 0.4006359 0.3980743 0.3991412 0.4005927 0.4013579 0.4041149 0.4051145 0.4066335 0.4082702 0.4093554 0.4112283 0.4130859 0.4147947 0.4162209 0.4177664 0.4190302 0.4255054 0.4258026 0.4230085 0.4243538 0.4251511 0.4255706 0.4257046 0.4268845 0.4284484 0.4298704 0.4311511
0.3586699 0.372802 0.3803647 0.393299 0.3574152 0.3480129 0.3542629 0.3492236 0.3400313 0.3370614 0.3385471 0.3413905 0.341826 0.3437484 0.3474236 0.3486841 0.3507527 0.3533587 0.3546188 0.3561442 0.3580674 0.3597153 0.3616242 0.3615956 0.3635121 0.3658194 0.3678467 0.3701287 0.3931266 0.4093124 0.396544 0.4098358 0.3873741 0.380568 0.3814045 0.3845004 0.3861068 0.3880977 0.3931507 0.3953751 0.3959753 0.396826 0.3979274 0.3963878 0.3978732 0.3996089 0.4009257 0.4016897 0.40324 0.4059786 0.408031 0.4092638 0.4098109 0.4114136 0.4136701 0.4167146 0.417736 0.4175378 0.4225472 0.4248671 0.4231526 0.4246406 0.4245092 0.424595 0.4252588 0.4264455 0.4277526 0.4290487 0.4300718
0.3645499 0.4030305 0.4021108 0.3793164 0.3637691 0.3581551 0.3518974 0.3449936 0.3330011 0.3346286 0.3366765 0.3392766 0.3397384 0.3438374 0.3452551 0.3469457 0.3639839 0.3786056 0.3652092 0.3648744 0.3563291 0.3581379 0.3595354 0.3601555 0.3616954 0.3642949 0.366748 0.3730814 0.4250446 0.4271996 0.4089369 0.4024998 0.3771461 0.3792255 0.3799491 0.3833334 0.3868343 0.3863011 0.3900348 0.3891986 0.3914242 0.3945691 0.3963576 0.394904 0.3966734 0.3984248 0.4000247 0.401473 0.4030378 0.4036481 0.405982 0.4074958 0.4099301 0.4118129 0.4127423 0.4153965 0.4172322 0.4170444 0.4187166 0.42359 0.4232235 0.4229794 0.4241952 0.4232789 0.4240848 0.4255412 0.4268544 0.4268544 0.4282878
0.3430715 0.345798 0.3604167 0.368565 0.3755608 0.3530291 0.3330526 0.3291536 0.3309132 0.3329622 0.3351643 0.3361775 0.3507962 0.3744566 0.3664708 0.3766726 0.3857138 0.3815898 0.3892831 0.3753191 0.357767 0.3562419 0.3582032 0.3586677 0.3606331 0.3643271 0.3729912 0.3729912 0.3978142 0.4130025 0.3777804 0.3732159 0.3741441 0.3758593 0.3778253 0.3785691 0.3815717 0.3828158 0.3849794 0.3861877 0.3873782 0.3908266 0.3919806 0.3939632 0.3942938 0.3951414 0.3971758 0.3994599 0.4003869 0.4019656 0.4037945 0.4041331 0.4078017 0.4103822 0.4101344 0.4129496 0.4148116 0.4155867 0.415543 0.4174926 0.4222411 0.422553 0.4213802 0.4217448 0.4217609 0.4229732 0.4243044 0.4258865 0.4271939
0.3230903 0.3306147 0.3478928 0.3784799 0.3647138 0.3384876 0.3282314 0.325264 0.3274223 0.3312137 0.3403999 0.3521957 0.3338713 0.3546846 0.3624773 0.3851019 0.4053283 0.3813279 0.3986806 0.3856322 0.3687473 0.3539184 0.3545711 0.3586212 0.362368 0.3630089 0.373602 0.4139949 0.3962323 0.3705577 0.3689947 0.3704953 0.3721134 0.3742501 0.377039 0.3772666 0.3800201 0.3812829 0.382929 0.3846909 0.3865681 0.388293 0.3898654 0.3924726 0.3937553 0.3934128 0.3955956 0.3980275 0.3996377 0.4008282 0.402536 0.4043598 0.4046935 0.4090264 0.4107981 0.411616 0.4128191 0.4137383 0.4138382 0.4156632 0.4190798 0.4211427 0.4202458 0.421887 0.4212372 0.4219249 0.4233938 0.4247186 0.4260313
0.3575728 0.3719192 0.3928864 0.3958256 0.3363239 0.3224294 0.3217266 0.3242772 0.3535961 0.3747373 0.3691763 0.3300689 0.3483034 0.3712207 0.3668936 0.3731022 0.4078597 0.3944277 0.3933192 0.3727643 0.3619988 0.3572886 0.3599789 0.3761443 0.374123 0.3934383 0.410638 0.3985213 0.374533 0.3658724 0.367409 0.3693309 0.3712359 0.3736595 0.3749943 0.3773822 0.3788149 0.3804969 0.3833655 0.3838052 0.3861009 0.3875742 0.3887607 0.3919929 0.3936919 0.3929619 0.3948905 0.3968003 0.3986914 0.3998945 0.401079 0.4034505 0.4050008 0.4069349 0.4079142 0.409546 0.4120981 0.4131607 0.4130023 0.4144347 0.4173242 0.4200648 0.420916 0.4206214 0.420514 0.4214675 0.4228106 0.424141 0.4253272
0.3532244 0.3759245 0.3989513 0.3601364 0.3210255 0.3180246 0.3194888 0.3415092 0.3709821 0.3867828 0.3595043 0.335448 0.350084 0.3744641 0.3850069 0.4002118 0.4256905 0.4309048 0.4261225 0.4098352 0.3770317 0.3753075 0.3879153 0.3761443 0.403917 0.4060865 0.389347 0.3665596 0.3630508 0.3643543 0.3661774 0.3681176 0.3707103 0.3719467 0.3737008 0.3757046 0.3767525 0.3795223 0.3813361 0.382997 0.3849065 0.3869308 0.3884004 0.3918568 0.3923643 0.3931203 0.3937232 0.3953779 0.397683 0.3992999 0.4007639 0.4024774 0.4041725 0.4043768 0.4071071 0.4088827 0.4115783 0.4123826 0.4119653 0.4132724 0.4171073 0.4185168 0.4192418 0.4195561 0.4199907 0.4210805 0.4224245 0.4237601 0.4249513
0.3840279 0.383999 0.3648572 0.3352182 0.3151011 0.3160083 0.3182896 0.3589648 0.3772248 0.349378 0.3334094 0.3463091 0.3620622 0.3857563 0.4033062 0.4173019 0.431712 0.4432478 0.4284916 0.4098983 0.3984207 0.3983019 0.3951623 0.3961217 0.3841885 0.3742369 0.3609391 0.3592193 0.3610861 0.3629376 0.3647727 0.3669915 0.368798 0.3708545 0.3727588 0.3746448 0.3757088 0.3775573 0.3803235 0.3818657 0.3837903 0.385963 0.3879822 0.3892533 0.3909788 0.393354 0.3931659 0.394431 0.39648 0.398376 0.400119 0.4017094 0.4031472 0.4047006 0.4065036 0.4097615 0.4136751 0.4152923 0.4123352 0.4125791 0.4144138 0.417973 0.4185712 0.4180222 0.4192663 0.4206298 0.4219792 0.4234487 0.424773
0.3635851 0.3456388 0.3257886 0.3170575 0.311981 0.3141046 0.3170728 0.3436984 0.3490353 0.3211463 0.3274531 0.342523 0.3508995 0.3708691 0.3752958 0.3854795 0.4030604 0.4211898 0.3741388 0.3745994 0.3634866 0.3729837 0.3770844 0.3818516 0.3570725 0.3553925 0.3559711 0.3578694 0.3598859 0.361887 0.3638715 0.3657061 0.3679231 0.3699893 0.3720371 0.3735358 0.3747485 0.3766116 0.3795262 0.3813503 0.383021 0.3846717 0.3883113 0.3891377 0.3904737 0.3912542 0.3945586 0.3944961 0.3956191 0.3975258 0.3992794 0.4010138 0.4025953 0.4041584 0.4044978 0.4089699 0.4150397 0.4177389 0.412506 0.4126241 0.4139305 0.4166936 0.4177003 0.4177615 0.4192793 0.4206485 0.4218692 0.4228081 0.4241354
0.3253585 0.3150319 0.3133608 0.3112399 0.3109734 0.3128521 0.3146458 0.3171457 0.3176881 0.3254617 0.3476463 0.3616288 0.3612654 0.3665068 0.3868353 0.3864955 0.3686314 0.3808923 0.4067076 0.3903445 0.3687222 0.3547169 0.3556004 0.3547341 0.3509653 0.3529067 0.3549678 0.3568813 0.3590463 0.3609287 0.362928 0.3649104 0.3674086 0.3689554 0.3707504 0.3726602 0.3746844 0.3757558 0.3784097 0.3805148 0.3817967 0.3835943 0.3892547 0.3900387 0.3892436 0.3901689 0.3924132 0.3953068 0.3949672 0.3966163 0.3982458 0.399722 0.4015808 0.4032868 0.4047062 0.4110662 0.4140595 0.411667 0.4107385 0.4119351 0.4133825 0.4149473 0.4163623 0.4170344 0.4184239 0.4199322 0.421292 0.4227712 0.423969
0.3048828 0.3075627 0.3080557 0.3095494 0.309428 0.3110625 0.3127463 0.3154013 0.3163689 0.3212082 0.3463606 0.3687014 0.3512402 0.3666608 0.3779528 0.3721542 0.3574825 0.3824706 0.3873529 0.3730607 0.3645307 0.3478734 0.3471797 0.3494118 0.3496321 0.3518541 0.3537959 0.3559898 0.3580351 0.3601978 0.3623438 0.3643395 0.3660504 0.3678769 0.3695513 0.3714738 0.373377 0.3749943 0.3776589 0.3797701 0.3813282 0.3828663 0.3847885 0.3859375 0.3883606 0.3894301 0.3914165 0.3935167 0.3955966 0.3960501 0.3978227 0.3986386 0.4023805 0.4027559 0.4041839 0.4069318 0.4080548 0.4090257 0.4102466 0.4115841 0.4130383 0.4144758 0.4156292 0.4173141 0.4187091 0.4198209 0.4210514 0.4225355 0.4240059
0.3018239 0.3046401 0.306607 0.3069199 0.3080184 0.309808 0.3123121 0.3131347 0.3162409 0.318051 0.3201482 0.3226597 0.3291875 0.3456841 0.3538688 0.3548119 0.3562937 0.3734953 0.3619369 0.347041 0.3446319 0.3434278 0.3456845 0.3479308 0.3490684 0.3510362 0.3531236 0.3551964 0.3571205 0.3592952 0.3621202 0.3638608 0.3654504 0.3672885 0.3692413 0.3710418 0.3725564 0.3743181 0.3768606 0.3789828 0.3806849 0.3825005 0.3841623 0.3859375 0.3870374 0.3889146 0.3921054 0.3946161 0.3946966 0.3956945 0.3976094 0.400442 0.4024514 0.4024334 0.403735 0.4055532 0.4068174 0.4081971 0.4095587 0.4113045 0.412899 0.4142086 0.4157696 0.4165935 0.4182614 0.4197796 0.4218201 0.4218337 0.423576
0.3010233 0.3022473 0.3038276 0.3060213 0.30689 0.3098968 0.3100356 0.3131286 0.3150614 0.3170206 0.3192661 0.3212643 0.3235398 0.3263544 0.3298395 0.3344119 0.3369806 0.3416898 0.339707 0.3398616 0.3410814 0.3430933 0.3449626 0.3470881 0.3486092 0.3503208 0.3524189 0.3545024 0.3568371 0.3665034 0.3650625 0.3626756 0.3648093 0.3669246 0.3688877 0.3705652 0.3722234 0.3745287 0.3754807 0.3781464 0.3802586 0.3818169 0.3841554 0.3852731 0.386463 0.3886156 0.3906141 0.3929925 0.3941505 0.3952883 0.3969395 0.3992418 0.4007235 0.4019177 0.4036281 0.4041145 0.4064566 0.4077089 0.409077 0.4104272 0.4124295 0.4137449 0.4150435 0.4168814 0.4184205 0.4196757 0.4211839 0.4217376 0.422948
0.3003629 0.3009271 0.3026558 0.305535 0.3051276 0.3070923 0.3098981 0.3119468 0.3140264 0.3162641 0.3182573 0.3200031 0.3225552 0.3247199 0.3271556 0.3299919 0.3317712 0.3340787 0.3365156 0.3380222 0.3400515 0.3422052 0.3442173 0.3464845 0.3478581 0.3498445 0.3518172 0.3543088 0.3676118 0.3664633 0.3648978 0.3622521 0.364128 0.3661191 0.3683583 0.3699115 0.3719788 0.3749603 0.375921 0.3768619 0.379783 0.3813503 0.3847646 0.3846904 0.3865037 0.3881303 0.3900031 0.3918552 0.3934206 0.3948323 0.3964905 0.3982624 0.4000145 0.4014803 0.4030607 0.4038213 0.4063036 0.4076962 0.4089363 0.4104261 0.4114967 0.4133531 0.4153263 0.4159022 0.4183837 0.4208511 0.4218267 0.4219819 0.4230617
