02_Processed_Data/Guangdong-driving/Rain/piliangtxt/gd-rain-05-txt.txt
ncols         755
nrows         605
xllcorner     491130
yllcorner     2101946
cellsize      1000
NODATA_value  -9999
[rows 93 to 123 of 605, columns 207 to 275 of 755]
-9999 -9999 -9999 -9999 -9999 -9999 -9999 -9999 -9999 -9999 -9999 -9999 -9999 0.435755 0.4011943 0.3833897 0.383801 0.373729 0.3683141 0.3693292 0.3765014 0.3816471 0.3891307 0.3997706 0.4172496 0.4160613 0.4184382 0.4721148 0.4429656 0.4392847 0.424438 0.4409811 0.4332637 0.4100156 0.4191116 0.3990366 0.3560651 0.3523936 0.3353378 0.3340716 0.3329567 0.3306518 0.3329258 0.3452801 0.3451727 0.3375677 0.3373967 0.3406547 0.3469673 0.3721138 0.3870867 0.3970465 0.3725059 0.4024685 0.4096165 0.4131091 0.402211 0.4092626 0.4152395 0.4104937 0.4080701 0.4131317 0.4175252 0.4122821 0.4145234 0.4163674 0.4286849 0.4271519 0.433278
-9999 -9999 -9999 -9999 -9999 -9999 -9999 -9999 -9999 -9999 -9999 -9999 -9999 0.4498199 0.4122714 0.4002118 0.3909544 0.3804974 0.3768799 0.3802379 0.3892074 0.4022882 0.4078862 0.4169135 0.4158663 0.3891955 0.4001892 0.4360261 0.3909099 0.3768864 0.3747478 0.4075456 0.4253577 0.4063609 0.4012947 0.4130231 0.3783944 0.3575595 0.3396786 0.3357512 0.3335855 0.3335836 0.3397709 0.3516105 0.351122 0.3419283 0.3402696 0.3446653 0.351954 0.3786481 0.3932328 0.3946511 0.3740846 0.4184548 0.4128478 0.424647 0.4129511 0.4160788 0.4160934 0.414761 0.4108583 0.4043848 0.4134131 0.4191906 0.4210377 0.4218076 0.4334578 0.4341107 0.4369541
-9999 -9999 -9999 -9999 -9999 -9999 -9999 -9999 -9999 -9999 -9999 -9999 -9999 0.4575592 0.4439982 0.406768 0.394125 0.391467 0.3886921 0.4028494 0.4087059 0.4080347 0.4223862 0.4283002 0.4315052 0.3786699 0.3849136 0.3973138 0.38411 0.371201 0.3774062 0.3954962 0.3996919 0.4108617 0.3837221 0.404612 0.3910111 0.3568317 0.3411726 0.3388778 0.3363318 0.3379622 0.3598257 0.3579379 0.3499305 0.3433076 0.3438492 0.3473596 0.3655979 0.3924892 0.3998914 0.3892349 0.3755095 0.403836 0.4077589 0.4175375 0.4097994 0.4247662 0.4200411 0.4035059 0.3939343 0.4056616 0.4258468 0.429736 0.4267047 0.4307486 0.4319479 0.4351942 0.4408692
-9999 -9999 -9999 -9999 -9999 -9999 -9999 -9999 -9999 -9999 -9999 -9999 0.4454159 0.4282995 0.4337966 0.4113794 0.4195176 0.4142756 0.4056596 0.4307673 0.4259945 0.4308032 0.4405495 0.4456748 0.432249 0.3813471 0.389933 0.3748048 0.3744174 0.3671241 0.3841278 0.377826 0.3860002 0.3825986 0.3706218 0.3660281 0.3974608 0.3521193 0.3404902 0.339023 0.3434764 0.3590155 0.3601334 0.3653595 0.352466 0.3473867 0.3517047 0.3494879 0.3783728 0.4012713 0.3956478 0.3950658 0.3862079 0.3647625 0.3672048 0.3795505 0.3878978 0.4025756 0.3925965 0.3905509 0.4069628 0.418592 0.4338997 0.4383463 0.4330184 0.4353086 0.4385585 0.4404572 0.4402667
-9999 -9999 -9999 -9999 -9999 -9999 -9999 -9999 -9999 0.4284717 0.4485662 0.4318458 0.4218549 0.4124314 0.4194593 0.4345857 0.465616 0.4354575 0.4328418 0.4624244 0.4609431 0.4604398 0.4510552 0.4313486 0.4028207 0.3819498 0.3848308 0.3661798 0.3744174 0.3634273 0.3815455 0.3845417 0.3685966 0.358398 0.359129 0.3650605 0.3577789 0.3463387 0.341388 0.3427607 0.3565118 0.3716837 0.3586526 0.3608962 0.3600894 0.3545216 0.3552513 0.354659 0.3835703 0.4154564 0.4071346 0.4026307 0.3940633 0.3851216 0.3813 0.3656121 0.3786371 0.3799287 0.3901864 0.405357 0.4178069 0.4327123 0.4442299 0.443119 0.439299 0.4410585 0.443505 0.44229 0.4499574
-9999 -9999 -9999 -9999 -9999 -9999 0.4241748 0.4042262 0.3997704 0.3912843 0.4398533 0.4186391 0.3965461 0.4007032 0.3973777 0.4607765 0.4622541 0.4289821 0.441168 0.4411978 0.4311613 0.4346539 0.4392565 0.4176899 0.3867306 0.3697026 0.3648326 0.3605267 0.3631954 0.3625653 0.3659758 0.3673581 0.3581196 0.3659483 0.387298 0.3933884 0.3673063 0.3447682 0.3446703 0.3476755 0.3689916 0.3880044 0.3696603 0.3624409 0.3654338 0.3620255 0.3595677 0.3560549 0.3769301 0.4234941 0.4199471 0.4116573 0.4069133 0.4012301 0.3984127 0.3700493 0.3833776 0.4030731 0.4167417 0.4298765 0.436227 0.4476143 0.4492267 0.4451404 0.4447308 0.4473181 0.4467873 0.4493883 0.4480636
-9999 -9999 -9999 -9999 -9999 0.4169582 0.4067367 0.4018752 0.3756113 0.3857159 0.4233072 0.407621 0.3836852 0.3885484 0.4148455 0.4194746 0.4036634 0.3949642 0.4046977 0.4140412 0.4287231 0.4170995 0.4094503 0.4052297 0.3842511 0.3645188 0.3667648 0.3627552 0.359173 0.3638559 0.3641523 0.3629663 0.3837578 0.3963831 0.3968865 0.3855406 0.3800769 0.3465213 0.3566515 0.3636502 0.3709381 0.4000657 0.3771055 0.3677479 0.3737644 0.368962 0.3634503 0.3599578 0.386665 0.3923641 0.4105777 0.4172538 0.4108972 0.4059118 0.4002584 0.3881048 0.3789944 0.406057 0.4228669 0.4349308 0.4399376 0.446448 0.4594888 0.461531 0.446867 0.4459338 0.4504426 0.4538703 0.4508907
-9999 -9999 -9999 -9999 -9999 0.405629 0.386694 0.379165 0.3685182 0.3749356 0.3678983 0.3861139 0.3976655 0.4253313 0.4097787 0.3928812 0.3858235 0.3933795 0.3968627 0.4028202 0.3987033 0.4000612 0.400074 0.3913761 0.3719215 0.365034 0.369486 0.3650904 0.366169 0.3813474 0.3763472 0.3659092 0.4115477 0.432243 0.4170833 0.4088968 0.3865423 0.3509266 0.3593417 0.371818 0.3832193 0.3970918 0.3955672 0.3744102 0.3767783 0.3756279 0.3670323 0.3644955 0.3849687 0.3856596 0.4029405 0.4135758 0.4162061 0.4155867 0.3996239 0.3788574 0.3886113 0.4119957 0.4349367 0.4379119 0.4366833 0.4459262 0.4437625 0.4622604 0.4481528 0.447776 0.4536556 0.4536974 0.4591176
-9999 -9999 -9999 -9999 -9999 0.3840471 0.3832062 0.3660173 0.3687618 0.359625 0.3693888 0.3821728 0.3915663 0.4047982 0.3914519 0.3827623 0.3796843 0.390265 0.3959546 0.3938886 0.3908865 0.4045441 0.3959874 0.3870404 0.3697918 0.3757491 0.3807701 0.3728515 0.3686338 0.3835317 0.3837376 0.3710035 0.407799 0.4418838 0.4289288 0.4027602 0.3805641 0.368205 0.3611819 0.3683736 0.3866031 0.4200015 0.3956512 0.3800883 0.3959291 0.3772698 0.3724517 0.3677964 0.3733906 0.3773358 0.4085855 0.4170653 0.4261003 0.4244118 0.4062922 0.3800008 0.3948513 0.4147739 0.4242785 0.4234645 0.4348886 0.4171052 0.442812 0.4652641 0.4650301 0.453795 0.4547946 0.4541684 0.4635035
-9999 -9999 -9999 -9999 0.3554262 0.3724583 0.3638673 0.3600695 0.3607924 0.3565608 0.3652577 0.3686544 0.3798451 0.3926918 0.3812793 0.4031668 0.3746064 0.385893 0.3946072 0.3828807 0.4014535 0.4100878 0.4059196 0.4073625 0.3793618 0.3983003 0.3892956 0.3779904 0.3728411 0.388413 0.3859137 0.3722474 0.4097474 0.440172 0.4166003 0.3922271 0.3610507 0.3678091 0.36603 0.3708098 0.3887857 0.413571 0.3936656 0.392255 0.383657 0.378743 0.3743613 0.371998 0.3733906 0.3791353 0.4084886 0.4146765 0.4244089 0.4265429 0.4040926 0.3773654 0.3856834 0.404971 0.407158 0.4110906 0.4009959 0.4036063 0.4404666 0.4474416 0.4511613 0.4505377 0.4556259 0.461805 0.4538569
-9999 -9999 -9999 -9999 0.3676534 0.3744801 0.3611393 0.3560019 0.3566126 0.3627416 0.3696895 0.3780208 0.3930547 0.3775549 0.3774872 0.3929881 0.3750907 0.3803999 0.3828636 0.3815271 0.4084437 0.4135554 0.4126843 0.4171513 0.3909472 0.4002247 0.3999729 0.3862355 0.3826096 0.3816689 0.377692 0.3823255 0.4138466 0.446885 0.4161065 0.3790703 0.367557 0.3822481 0.3674605 0.374843 0.3947422 0.4060957 0.4003427 0.3876739 0.3895591 0.3925453 0.3825182 0.3776351 0.374369 0.3800968 0.3962622 0.4110291 0.4361343 0.425513 0.3936352 0.3873916 0.4183041 0.4038031 0.3838523 0.4011331 0.3919895 0.4099865 0.4446069 0.4541776 0.4561438 0.4529509 0.4547898 0.4468483 0.4565381
-9999 -9999 -9999 -9999 0.3791691 0.395977 0.3781595 0.3690907 0.362633 0.3694381 0.3825479 0.3855838 0.3975047 0.377937 0.3742107 0.3826426 0.3747261 0.37283 0.3738172 0.3881901 0.4099471 0.4239483 0.4135529 0.4150425 0.4037292 0.4008905 0.4018893 0.3979957 0.3904372 0.397262 0.4029919 0.3933263 0.4379637 0.4370615 0.4042592 0.3653552 0.384806 0.3921783 0.3751075 0.3758526 0.3904732 0.4003526 0.4023652 0.3913473 0.3916219 0.3939481 0.3926191 0.3903518 0.3819947 0.386235 0.4004416 0.4053072 0.4205106 0.4067814 0.3814183 0.4004549 0.4371271 0.4212612 0.3867916 0.3857317 0.3940398 0.4247502 0.45564 0.4570713 0.4522564 0.4486685 0.435347 0.4393466 0.4068278
-9999 -9999 -9999 -9999 -9999 0.4219452 0.3928308 0.3814674 0.3738064 0.375286 0.3897838 0.3820683 0.3880117 0.3752878 0.3707669 0.3829056 0.3709209 0.3739588 0.3755154 0.3874567 0.4078735 0.4439943 0.4182096 0.4040367 0.4159341 0.4189838 0.4223242 0.3978576 0.3957778 0.4150054 0.4266229 0.4086594 0.4188105 0.3905146 0.369619 0.3790193 0.3919688 0.3990907 0.3869327 0.3902804 0.3854901 0.4020482 0.4047604 0.4065356 0.4009869 0.3964028 0.3980824 0.4004544 0.3952293 0.3990327 0.3977054 0.4024175 0.3973825 0.3944962 0.3825303 0.4254347 0.4397427 0.413518 0.3924958 0.4086398 0.3893228 0.4179551 0.4421763 0.443621 0.4454776 0.4318274 0.4193963 0.4159223 0.4073297
-9999 -9999 -9999 -9999 -9999 0.4524765 0.4245217 0.4052715 0.3848132 0.3819214 0.3781661 0.3747029 0.3786242 0.3719258 0.3761582 0.3738624 0.3793603 0.3869232 0.3850933 0.3962398 0.4015398 0.4134055 0.4207885 0.4029564 0.4297441 0.4389547 0.4427273 0.4035526 0.4074971 0.4815463 0.4575865 0.4489202 0.4457266 0.3979478 0.3772486 0.4054223 0.4077939 0.4154803 0.3957336 0.3917643 0.3914786 0.3992243 0.4088868 0.4028005 0.4042016 0.4049362 0.402151 0.4071237 0.4058579 0.4018974 0.3968367 0.4003641 0.3916042 0.3828544 0.3913565 0.4176685 0.4247912 0.4150428 0.4100766 0.4230282 0.4097871 0.4033684 0.4347885 0.4392363 0.4289138 0.39928 0.4014367 0.4043834 0.4332732
-9999 -9999 -9999 -9999 -9999 0.4614812 0.4648754 0.4209976 0.4027456 0.4001199 0.3805666 0.3735808 0.3705698 0.370033 0.375244 0.3772003 0.3889961 0.3859435 0.3894566 0.3871234 0.3996758 0.3919235 0.4102416 0.4103005 0.4287911 0.4511188 0.450004 0.4249009 0.4805625 0.4808105 0.4556455 0.4411362 0.4284168 0.4049385 0.3795442 0.4055649 0.4250789 0.4276225 0.4093911 0.4058499 0.4088457 0.4102252 0.4147438 0.4142485 0.4094183 0.4048728 0.40727 0.4104951 0.4092478 0.4055399 0.41303 0.3914551 0.3883271 0.3856095 0.38651 0.4081372 0.4149354 0.414523 0.426818 0.4487892 0.4292306 0.4150739 0.3987329 0.4007665 0.4194085 0.403523 0.4135913 0.4303084 0.4332732
-9999 -9999 -9999 0.4094096 0.3990154 0.4541607 0.4788035 0.4451496 0.4278765 0.4109219 0.3894828 0.3751554 0.3750325 0.3713824 0.3738891 0.3768238 0.3878249 0.3875237 0.380012 0.3853404 0.3863225 0.4020536 0.3992534 0.4199312 0.4458103 0.476481 0.469933 0.4860446 0.509539 0.4704936 0.4512159 0.417633 0.4046627 0.3848579 0.4023234 0.4233374 0.4517045 0.4417677 0.41255 0.4171822 0.4154423 0.4145314 0.417711 0.4184582 0.4131036 0.4191762 0.4275712 0.4362501 0.4304012 0.4232764 0.4026033 0.391062 0.3882187 0.3883254 0.3899113 0.4012628 0.4074091 0.4127606 0.4495952 0.453373 0.4438393 0.4370313 0.4338537 0.416243 0.4040945 0.4054871 0.4273127 0.4519437 0.4454294
-9999 -9999 -9999 0.3966074 0.3895108 0.4376743 0.4650408 0.4783622 0.4503847 0.4338319 0.401232 0.3780626 0.3746898 0.3724274 0.3715478 0.3775068 0.3868944 0.3806152 0.3819928 0.3881628 0.3962607 0.4086052 0.4056914 0.4333485 0.465661 0.4940358 0.4931028 0.5256045 0.4922438 0.4538691 0.4318852 0.4209663 0.4317508 0.3891005 0.4154195 0.4382207 0.4736848 0.46634 0.4250492 0.4256248 0.4210511 0.4220626 0.4256692 0.4216798 0.4164803 0.4221639 0.4358772 0.4402262 0.4305907 0.4215429 0.3913261 0.3933025 0.3908777 0.3912688 0.397015 0.4196111 0.4333757 0.4345743 0.4473295 0.4550626 0.4604908 0.4551888 0.4555975 0.4532915 0.4312854 0.4099105 0.4311171 0.454557 0.454336
-9999 -9999 -9999 -9999 0.3840671 0.4015651 0.438451 0.4673315 0.4691942 0.4389786 0.4170415 0.3926682 0.3808625 0.377396 0.3781766 0.377612 0.3780209 0.3768118 0.3806677 0.3853604 0.3932087 0.4010751 0.3961383 0.4205448 0.4468785 0.4700928 0.4907331 0.5163009 0.4705502 0.4909511 0.4650336 0.4679124 0.4601685 0.3948022 0.4038849 0.436083 0.464763 0.488838 0.4561278 0.4367486 0.4366789 0.4321387 0.428427 0.4241849 0.4270214 0.4317725 0.4389817 0.4315271 0.4003692 0.4208577 0.3917719 0.3943004 0.3942986 0.3951073 0.3971274 0.4109178 0.4318541 0.4461128 0.4433922 0.452363 0.452363 0.461882 0.458904 0.4691102 0.4673609 0.4454482 0.4360203 0.4380871 0.469749
-9999 -9999 -9999 -9999 0.3697262 0.3794737 0.428659 0.4602685 0.4564338 0.4213154 0.4074492 0.4200633 0.3977785 0.3827417 0.3783626 0.3776851 0.3721158 0.3776134 0.3823108 0.393301 0.3963984 0.3963984 0.3977406 0.3930992 0.399524 0.4183787 0.4409333 0.4603685 0.5027354 0.513674 0.5011288 0.4928283 0.4838622 0.4466851 0.4050885 0.4023698 0.4517098 0.4711702 0.5016516 0.4722229 0.4463409 0.4492802 0.4367422 0.431419 0.4228475 0.4320892 0.4297929 0.4311773 0.4168105 0.4018186 0.4052804 0.3957865 0.3969953 0.395941 0.3973011 0.4001392 0.4187577 0.4342322 0.4417118 0.4402288 0.4579105 0.4651338 0.4567341 0.4696715 0.4626358 0.4549224 0.4545636 0.4593349 0.4779813
-9999 -9999 -9999 -9999 0.3514673 0.3616284 0.3707175 0.4141981 0.4396934 0.4080703 0.4014377 0.413647 0.4324223 0.4079787 0.388055 0.377425 0.3786803 0.3765442 0.3802918 0.3839211 0.3905696 0.3905526 0.3919176 0.391391 0.3971564 0.4321283 0.4514319 0.4805736 0.5060493 0.4911968 0.4684434 0.4624832 0.4610403 0.4480821 0.4036525 0.4103304 0.4375417 0.4649036 0.5102165 0.5013257 0.467854 0.4598058 0.4553041 0.4410315 0.4282664 0.4324988 0.4408197 0.4161323 0.3939562 0.4057581 0.3953361 0.3998941 0.3989811 0.4010175 0.4014582 0.4032433 0.4369616 0.4365686 0.4467806 0.4458556 0.4602904 0.4561134 0.459821 0.4813322 0.450564 0.4600863 0.4760292 0.4734912 0.4914695
-9999 -9999 -9999 -9999 -9999 -9999 0.3585199 0.3898847 0.4072199 0.385818 0.3876658 0.4173573 0.4455675 0.3937315 0.3836516 0.3794557 0.3785518 0.376848 0.3799363 0.3822248 0.3841222 0.3880835 0.3833334 0.3934684 0.3991198 0.4165188 0.4275246 0.4542332 0.4918703 0.4615922 0.4417248 0.4431883 0.4268765 0.4195486 0.4112846 0.4285817 0.4215704 0.4503111 0.4739024 0.5108241 0.4798175 0.4798058 0.4569787 0.4415019 0.4264451 0.4298804 0.3925766 0.3930832 0.3944029 0.3970927 0.3976482 0.4023567 0.4048019 0.4063199 0.4058409 0.4052357 0.4145285 0.4417163 0.4368754 0.4506245 0.4552895 0.4526208 0.4586517 0.4687618 0.4565883 0.4828707 0.4904011 0.4806728 0.4940426
-9999 -9999 -9999 -9999 -9999 -9999 -9999 -9999 0.3629843 0.3715813 0.3787717 0.4046676 0.4232169 0.3962284 0.3728049 0.3734059 0.383846 0.3842111 0.3776383 0.3781765 0.379551 0.3816255 0.3886282 0.3931934 0.4054141 0.4342929 0.4604607 0.4734152 0.496207 0.4556861 0.4448798 0.4383567 0.4414971 0.4426143 0.4201028 0.4433992 0.436272 0.4298384 0.4550798 0.4724537 0.5015271 0.4950119 0.4708446 0.4403032 0.4474138 0.4417629 0.3965568 0.3960119 0.3962797 0.3990798 0.4011222 0.4166742 0.4215417 0.414521 0.4077752 0.4086556 0.4115477 0.4300847 0.4364636 0.4508657 0.4501092 0.4516661 0.4673578 0.4693274 0.4809461 0.4992236 0.4927697 0.4890318 0.5017334
-9999 -9999 -9999 -9999 -9999 -9999 -9999 -9999 -9999 0.3679507 0.3873041 0.3862166 0.3874666 0.3966465 0.3721549 0.3838271 0.3871977 0.3836302 0.390038 0.387189 0.3924052 0.3913652 0.3872057 0.3934298 0.4078554 0.4239348 0.4419409 0.483015 0.5037826 0.4801617 0.4615966 0.4821353 0.4579834 0.4406409 0.4140731 0.4445912 0.4692805 0.4492784 0.4570101 0.4916604 0.5033595 0.474714 0.4319491 0.4121608 0.4383132 0.4511603 0.4021011 0.3999696 0.4022598 0.4024961 0.405758 0.433834 0.4310037 0.4281816 0.4195581 0.415508 0.4201525 0.419055 0.4314629 0.4464432 0.4529016 0.4611298 0.4811824 0.4823491 0.4875934 0.4878101 0.4836777 0.4938112 0.4937505
-9999 -9999 -9999 -9999 -9999 -9999 -9999 -9999 -9999 0.3812009 0.3696154 0.3729159 0.3782808 0.3768449 0.3725632 0.3916237 0.4153403 0.4117957 0.4154982 0.4306762 0.4110908 0.4242585 0.3972064 0.3921319 0.424584 0.4524157 0.457895 0.4950354 0.4995933 0.5088304 0.4812667 0.4851121 0.4571759 0.4270805 0.4267582 0.4814834 0.4874406 0.513794 0.5023854 0.49099 0.4577303 0.4338593 0.4178818 0.4076232 0.4193896 0.4265473 0.4038623 0.4020156 0.402184 0.4105493 0.4163669 0.4376787 0.429972 0.4271865 0.4183324 0.4229852 0.4229657 0.4190752 0.4312297 0.4411158 0.4463271 0.4719073 0.494418 0.477524 0.4876717 0.4798826 0.4922033 0.4838676 0.4980853
-9999 -9999 -9999 -9999 -9999 -9999 -9999 -9999 -9999 -9999 -9999 0.4002285 0.4020703 0.3867447 0.3800307 0.3823372 0.4088045 0.426015 0.4268757 0.4413942 0.4493834 0.4291562 0.4070367 0.4086677 0.4208186 0.4415795 0.4897729 0.5198421 0.5131006 0.4902704 0.4773922 0.4694362 0.4310571 0.4524816 0.4467439 0.4694201 0.4846367 0.5001388 0.4636106 0.4389173 0.4230694 0.4375357 0.4187227 0.4078027 0.40396 0.4066507 0.4055833 0.4033524 0.4086169 0.4263153 0.4441537 0.4409382 0.4265956 0.4342584 0.4331032 0.4297504 0.426403 0.4264027 0.4383028 0.4566245 0.4468765 0.4725836 0.4889912 0.4901812 0.4845774 0.4831858 0.4812494 0.4837947 0.5007401
-9999 -9999 -9999 -9999 -9999 -9999 -9999 -9999 -9999 -9999 -9999 0.4315999 0.4338739 0.4065682 0.3856917 0.3962048 0.388459 0.38646 0.3945724 0.4309368 0.465273 0.4325192 0.4404293 0.4345804 0.462166 0.4657626 0.4987011 0.5281098 0.5052948 0.4901286 0.4452172 0.4463856 0.4547704 0.4696925 0.4874824 0.4933283 0.4868227 0.4664704 0.4315917 0.4112652 0.4106545 0.45449 0.4222423 0.4069915 0.4034377 0.4041409 0.4039216 0.4042471 0.4192205 0.4507008 0.4385239 0.4289369 0.4338967 0.4438913 0.438945 0.4332634 0.4260533 0.432883 0.4530492 0.4664714 0.4616883 0.4781056 0.4742777 0.4810497 0.4773589 0.4674287 0.4710618 0.490466 0.486495
-9999 -9999 -9999 -9999 -9999 -9999 -9999 -9999 -9999 -9999 -9999 -9999 0.471509 0.4158556 0.398548 0.395035 0.3949499 0.4026575 0.3880139 0.4152621 0.4449829 0.4468962 0.4632848 0.464005 0.4989777 0.5100977 0.5028206 0.5263855 0.5090474 0.4716209 0.4615159 0.4893374 0.4865997 0.4807512 0.4963863 0.4931475 0.453777 0.4356176 0.4253524 0.4165945 0.4098869 0.4290093 0.4075141 0.4026077 0.402902 0.4085895 0.4048925 0.409378 0.4223925 0.4493628 0.4588064 0.450185 0.4399402 0.4398931 0.4418904 0.4291132 0.4269955 0.4284913 0.4612086 0.4743706 0.4773443 0.4789611 0.4697085 0.462384 0.4687332 0.4645961 0.4674369 0.4811887 0.4826615
-9999 -9999 -9999 -9999 -9999 -9999 -9999 -9999 -9999 -9999 -9999 -9999 0.467237 0.4257914 0.421055 0.3976504 0.4160014 0.4357344 0.4066549 0.3975071 0.4243858 0.4293216 0.4577351 0.4642055 0.5007003 0.4759692 0.482626 0.5173967 0.4988624 0.4828347 0.4916376 0.5181203 0.5101027 0.4931312 0.5086497 0.492521 0.4486851 0.4316315 0.4221998 0.4036764 0.4021504 0.4028102 0.4131289 0.4134033 0.4063505 0.4158855 0.4078274 0.4186783 0.433405 0.4691813 0.4708941 0.4544057 0.4479793 0.452294 0.4515867 0.4336069 0.4302989 0.4338118 0.455055 0.4723048 0.4705332 0.4705296 0.4705271 0.4622893 0.4618016 0.4655894 0.4660327 0.4664724 0.4804075
-9999 -9999 -9999 -9999 -9999 -9999 -9999 -9999 -9999 -9999 -9999 -9999 0.4743885 0.4500152 0.4283881 0.4073246 0.4175142 0.4479082 0.4166686 0.4140898 0.4059426 0.4368095 0.4254525 0.4565966 0.4753811 0.4631303 0.4971773 0.5244673 0.494837 0.4855869 0.505688 0.5387128 0.5164469 0.517839 0.4900295 0.4547601 0.453067 0.4326345 0.4088175 0.4456167 0.4400318 0.4218211 0.4116385 0.407853 0.4097849 0.4105039 0.4105874 0.4144364 0.4379894 0.4678961 0.4722049 0.4651064 0.46508 0.4626136 0.4540377 0.4659853 0.4739964 0.4492631 0.4767123 0.4775309 0.4824278 0.4769989 0.4706191 0.466022 0.4650083 0.4783801 0.4874853 0.4944126 0.4774961
-9999 -9999 -9999 -9999 -9999 -9999 -9999 -9999 -9999 -9999 -9999 -9999 0.4845072 0.465885 0.4281853 0.4214658 0.4408162 0.4495452 0.3913334 0.3929143 0.4075571 0.4249346 0.4567608 0.4691395 0.4894457 0.4861838 0.5033731 0.5354578 0.5112934 0.4925142 0.512907 0.5304604 0.5472125 0.5117993 0.4708281 0.4365285 0.4325437 0.4046559 0.4462168 0.4729782 0.4599372 0.4136157 0.4086137 0.4121825 0.4145384 0.4152731 0.4271594 0.4152993 0.4195734 0.4688794 0.4730663 0.4809283 0.5068689 0.4949035 0.5102554 0.5181383 0.5185513 0.468283 0.4972375 0.4828473 0.4869384 0.4747244 0.4661792 0.4725805 0.4765344 0.4800783 0.4910924 0.4855245 0.4932678
-9999 -9999 -9999 -9999 -9999 -9999 -9999 -9999 -9999 -9999 -9999 0.4608338 0.4546278 0.4368462 0.4241295 0.4317538 0.4430787 0.4222316 0.3954515 0.392298 0.3967708 0.4224581 0.4299537 0.4412702 0.4865739 0.5135887 0.5223544 0.5194432 0.5146679 0.525766 0.5319104 0.5545109 0.5491332 0.4966173 0.4471042 0.4205686 0.4148355 0.40762 0.4610206 0.4785594 0.4656715 0.4334989 0.4154686 0.4346804 0.4212897 0.4399767 0.4472584 0.4167891 0.4214886 0.4461774 0.472119 0.5090736 0.5194002 0.5187254 0.5358559 0.5467396 0.5096598 0.4826382 0.5024986 0.4805084 0.4769993 0.4683268 0.4725628 0.4784282 0.4799431 0.4966742 0.4850015 0.4983268 0.4947964
