02_Processed_Data/Guangdong-driving/Rain/piliangtxt/gd-rain-00-txt.txt
ncols         755
nrows         605
xllcorner     491130
yllcorner     2101946
cellsize      1000
NODATA_value  -9999
[rows 155 to 185 of 605, columns 621 to 689 of 755]
0.5672376 0.5744346 0.5769383 0.5704774 0.563176 0.5809144 0.5880969 0.5917901 0.5899184 0.5898176 0.5935148 0.5908744 0.5725073 0.5874097 0.5642505 0.5554067 0.5623912 0.5565597 0.5472097 0.5355134 0.5390601 0.5339795 0.5453984 0.5496148 0.5377506 0.5381992 0.543004 0.5488156 0.5550476 0.5642354 0.5555415 0.5415964 0.5479231 0.532749 0.5331332 0.5279105 0.5340838 0.5581349 0.5709649 0.5554212 0.5424215 0.5349753 0.5496485 0.5590343 0.5657443 0.5559086 0.5467871 0.5430814 0.5464221 0.5505404 0.5445113 0.5474688 0.5290818 0.5114301 0.5003531 0.4995084 0.4987622 0.5053176 0.5154899 0.5250083 0.5246595 0.521815 0.5172284 0.5085554 0.4966336 0.4927703 0.4977195 0.4985833 0.4967021
0.5737542 0.5664519 0.5741391 0.5752904 0.5669746 0.5664454 0.584507 0.5986458 0.5994686 0.6031603 0.6015282 0.5902644 0.5948775 0.5753199 0.5673918 0.5761483 0.5863209 0.5690607 0.5504907 0.552524 0.5384758 0.5343941 0.547315 0.533937 0.5334579 0.5369164 0.5423024 0.5589132 0.5548387 0.556294 0.5409175 0.5351758 0.5319504 0.5261682 0.5218583 0.5335505 0.5425677 0.5513394 0.5468838 0.538331 0.5307904 0.539422 0.5473077 0.5587202 0.5660187 0.5662315 0.5569097 0.5471761 0.5487716 0.5532503 0.5408047 0.5394036 0.5341626 0.5052989 0.5118068 0.5055979 0.5112131 0.5033583 0.5088362 0.5099743 0.5093697 0.517492 0.5131515 0.5089121 0.5075377 0.492864 0.4906878 0.4902889 0.4945986
0.5614347 0.5584785 0.5619687 0.5751717 0.5732962 0.5561746 0.5766565 0.5926733 0.6030325 0.5999591 0.6017821 0.5985348 0.5848959 0.5946417 0.5910432 0.5935243 0.5910207 0.5786334 0.5578895 0.5492796 0.5458622 0.5345718 0.5317408 0.5318418 0.5351264 0.5467039 0.5636731 0.5671664 0.5538071 0.5354081 0.5315853 0.5213166 0.5280538 0.5247118 0.5175502 0.5298249 0.5402623 0.5326145 0.5346047 0.5252947 0.5251212 0.5414549 0.5620303 0.5679655 0.596462 0.5796945 0.5667379 0.5571702 0.5289028 0.5331696 0.5269787 0.5315209 0.5228423 0.5088142 0.5132244 0.5123718 0.5141302 0.5080302 0.5010239 0.502995 0.5157027 0.5208884 0.5120201 0.5102878 0.5084889 0.5000908 0.4998348 0.4889964 0.4925931
0.5569973 0.556461 0.5592723 0.5718803 0.5673997 0.5536199 0.5823013 0.594313 0.5822014 0.5804728 0.5876037 0.6029313 0.6029685 0.6048639 0.6067487 0.6094769 0.604433 0.5866337 0.5648831 0.569784 0.5504984 0.5368571 0.5290791 0.525992 0.5445985 0.5583484 0.5584494 0.5485826 0.5456711 0.5296965 0.5211792 0.5274899 0.532129 0.5206737 0.5191201 0.528292 0.5289266 0.5273056 0.5243508 0.5264282 0.5353804 0.5574293 0.5935916 0.5996931 0.6020024 0.5882729 0.5701611 0.550877 0.5280805 0.5181054 0.5189466 0.5161148 0.5143843 0.5046383 0.5060294 0.5057592 0.5076809 0.5075231 0.5036952 0.5103518 0.5244784 0.5258904 0.5228795 0.5158652 0.5144792 0.5015525 0.4967674 0.4894405 0.4889612
0.5577616 0.5562116 0.5562505 0.5614795 0.5560693 0.5552632 0.5574701 0.5697252 0.5681585 0.5775618 0.5861906 0.6042984 0.6131975 0.5978669 0.5989007 0.585912 0.5791726 0.5635931 0.5576515 0.5632677 0.5581635 0.547448 0.5292789 0.5276103 0.5349885 0.5674942 0.5594053 0.5365292 0.523144 0.5247536 0.5243561 0.5341803 0.5312777 0.5180742 0.5217932 0.5221673 0.5217095 0.5259477 0.5321189 0.5510051 0.5600359 0.5600363 0.5679846 0.5854859 0.5893128 0.58749 0.5654898 0.5536358 0.5404413 0.5314488 0.5128554 0.5093498 0.508202 0.509187 0.5084802 0.5125612 0.5117986 0.5075324 0.50504 0.5094306 0.5123291 0.5123291 0.5268017 0.5386214 0.5239686 0.5135314 0.5077178 0.5029264 0.4898182
0.5622202 0.5609131 0.5584311 0.5608881 0.5658554 0.5709041 0.5653977 0.5680969 0.5759872 0.5847615 0.601006 0.6200358 0.6198903 0.5660118 0.5650081 0.5582242 0.5504347 0.5452411 0.5426437 0.5623251 0.5488398 0.5445679 0.5445679 0.5334289 0.5263111 0.5324279 0.5578258 0.5553072 0.5366347 0.5214024 0.5210813 0.5224384 0.5292435 0.5213264 0.5195929 0.5250671 0.5255213 0.5280749 0.5523219 0.5397339 0.5432429 0.5606328 0.5438218 0.551007 0.5727286 0.5893068 0.5960121 0.5779789 0.5612229 0.5587524 0.5246213 0.5139811 0.5109746 0.5133003 0.5131629 0.5101909 0.5185392 0.5179397 0.510738 0.5084922 0.5088578 0.5113326 0.5182621 0.529102 0.5248944 0.5093303 0.5024218 0.4962005 0.4906873
0.5765438 0.5779113 0.5758423 0.5640553 0.5636567 0.5660198 0.5742436 0.5734197 0.5653071 0.5947578 0.6122644 0.6159168 0.6126413 0.5801823 0.5569104 0.543337 0.5412372 0.5393044 0.5351938 0.5349358 0.5343427 0.5362628 0.5350845 0.5347448 0.5251839 0.5292949 0.5331471 0.5272859 0.5220491 0.5209726 0.5237046 0.5183509 0.5250745 0.5251243 0.5219632 0.5250049 0.5288894 0.53747 0.5431436 0.5606853 0.5644659 0.5560911 0.5583662 0.5630989 0.5798343 0.5980989 0.5819111 0.5716458 0.5599548 0.544389 0.5400682 0.5276002 0.5140369 0.5281861 0.5132996 0.5043769 0.5140612 0.5281408 0.5239233 0.5186579 0.5163385 0.5167983 0.5141744 0.5175129 0.523153 0.5168678 0.5037553 0.5004591 0.4936621
0.5885668 0.5953827 0.5873469 0.5724532 0.5675242 0.5694609 0.570223 0.5773485 0.579028 0.6119735 0.6139319 0.618169 0.6044133 0.5941736 0.5710334 0.5434543 0.5380821 0.5364785 0.5360472 0.535616 0.5317512 0.5300676 0.5298021 0.5283685 0.5259925 0.5244244 0.5229378 0.5221705 0.5219635 0.5221575 0.5229917 0.5196075 0.5235998 0.5286849 0.5322204 0.5312383 0.537883 0.5449112 0.545297 0.5782083 0.5797055 0.5796896 0.5813705 0.5768092 0.5798584 0.583423 0.5704421 0.5658328 0.5481417 0.5447358 0.5468312 0.533312 0.532221 0.5294616 0.5236675 0.5072027 0.5080886 0.5137621 0.5162668 0.5251039 0.5272427 0.5261026 0.5178051 0.510585 0.5156089 0.5141162 0.5067766 0.5053167 0.5024496
0.5851039 0.5974613 0.6081308 0.5926136 0.5744169 0.5809527 0.5910674 0.5890552 0.5904196 0.5954983 0.6065724 0.5952614 0.5976323 0.596689 0.5829184 0.555142 0.5424773 0.5509183 0.5529941 0.5427582 0.5394742 0.5411324 0.5401112 0.5292082 0.5302837 0.5243652 0.5235118 0.5225012 0.5226882 0.5243014 0.5199639 0.52146 0.5238977 0.522041 0.5352883 0.5426168 0.5487314 0.5567945 0.568918 0.5745441 0.5910729 0.5852258 0.5735586 0.5698389 0.572547 0.5881029 0.5818759 0.5625668 0.5512075 0.5593701 0.54761 0.5467573 0.5368787 0.5358175 0.526889 0.514983 0.5052276 0.5054526 0.5059428 0.51499 0.5155924 0.5102629 0.5072098 0.5114588 0.5051701 0.4993999 0.5090566 0.5064176 0.5070616
0.5842467 0.600647 0.61435 0.599586 0.5857584 0.6034989 0.6145742 0.6031798 0.5902631 0.5850307 0.5947469 0.5944102 0.5876527 0.596689 0.5721782 0.5502582 0.5728347 0.5738381 0.56631 0.5560269 0.5409281 0.5325306 0.5332634 0.5285112 0.5264542 0.5252755 0.5245768 0.5233228 0.524631 0.5237873 0.5208532 0.5214445 0.5192512 0.5324963 0.5287378 0.5373801 0.5539584 0.5557677 0.5632425 0.5637976 0.5772827 0.5693211 0.5590866 0.5605163 0.5679516 0.5730308 0.5672231 0.5634524 0.5629859 0.5512962 0.5429959 0.5488126 0.5402818 0.5465778 0.5418689 0.5292329 0.5142725 0.5014273 0.5019128 0.5062649 0.5086212 0.5091494 0.5064262 0.5086594 0.5039564 0.4991853 0.4971102 0.5066932 0.5051529
0.5900152 0.6062064 0.6200715 0.6014998 0.604802 0.6210253 0.6242416 0.6114865 0.5930732 0.5901996 0.5887603 0.585039 0.5831744 0.5956678 0.5730211 0.572753 0.5952055 0.5758475 0.5574434 0.5490393 0.5495139 0.5355836 0.5299129 0.5281684 0.5271426 0.5259594 0.5253361 0.524317 0.5231413 0.5226062 0.5234471 0.5281345 0.5270468 0.5226125 0.5272256 0.5407577 0.5431495 0.5561897 0.5629011 0.5527262 0.5627453 0.5527534 0.5475838 0.5510377 0.5561048 0.5536635 0.5756418 0.5848755 0.5741012 0.5529481 0.5492901 0.5481772 0.547836 0.5502552 0.5441909 0.5231892 0.5113526 0.5057895 0.5008263 0.5014047 0.5066874 0.5150363 0.5171906 0.5003443 0.4982319 0.497224 0.4975716 0.5014528 0.4947131
0.6023061 0.6075515 0.6044326 0.6119538 0.6166855 0.6397482 0.6354974 0.6010522 0.5917549 0.59048 0.5912308 0.5868279 0.5869003 0.5911949 0.5857847 0.5964073 0.5982452 0.5917208 0.5676277 0.5592454 0.5418635 0.5370575 0.5336767 0.5313023 0.5279234 0.5270545 0.526427 0.5258021 0.5245427 0.5225695 0.5241278 0.5236184 0.5265471 0.5223732 0.5265641 0.5341103 0.5383503 0.5474176 0.5591093 0.5529855 0.5407873 0.5452359 0.5475805 0.5428383 0.5413987 0.5507792 0.5599158 0.5709202 0.5723054 0.5627208 0.5533158 0.5494967 0.5406211 0.5331658 0.5308145 0.5292355 0.5176182 0.5086563 0.506201 0.5003253 0.5019178 0.5076286 0.5002043 0.4984063 0.4967908 0.4979543 0.4962019 0.4944 0.494503
0.6022308 0.594969 0.6020638 0.6192077 0.6311447 0.6101585 0.6006052 0.5956958 0.5927274 0.5903486 0.5889819 0.5759577 0.5836264 0.5837768 0.6000798 0.6047001 0.6001981 0.5750021 0.5598575 0.5528569 0.5388319 0.5376225 0.5426962 0.5310261 0.5303184 0.5312098 0.5365427 0.5353455 0.5344025 0.5244577 0.5224842 0.5217893 0.52078 0.5222305 0.5346262 0.5402158 0.5435304 0.5437256 0.5537249 0.5627173 0.5436743 0.5376461 0.5359334 0.533891 0.5398812 0.5452887 0.5515503 0.5463343 0.5695927 0.5722522 0.5685874 0.5644268 0.5485371 0.5394004 0.544309 0.5340264 0.5192798 0.510712 0.5058918 0.5003519 0.5016826 0.4986973 0.4980508 0.4974189 0.4968813 0.4981937 0.4955331 0.4947227 0.494645
0.5981948 0.5954031 0.6062081 0.6153215 0.618436 0.6057534 0.5972921 0.5947418 0.5953995 0.5946197 0.5859835 0.5814847 0.5674565 0.5862522 0.6031522 0.5978851 0.5932937 0.5802558 0.5492159 0.5416343 0.5522282 0.5569111 0.5467863 0.5355248 0.5397599 0.5371292 0.5385214 0.5408377 0.5330228 0.5248447 0.5234251 0.5221688 0.5217136 0.52109 0.5236034 0.5308912 0.5253702 0.531177 0.5440449 0.5625788 0.5549355 0.5317578 0.5277614 0.537372 0.53846 0.5463141 0.5366931 0.5381463 0.565287 0.5714905 0.5688359 0.5719357 0.5499609 0.5395648 0.5434561 0.5362945 0.5284699 0.5213336 0.5104943 0.5215446 0.5060022 0.5001236 0.5012316 0.4995897 0.4975523 0.496785 0.496431 0.4956143 0.4951317
0.5995735 0.5980427 0.605125 0.6164284 0.6058535 0.601527 0.596523 0.5921087 0.5958857 0.5928199 0.5842625 0.5786603 0.5889365 0.6041955 0.5999853 0.5893076 0.5826841 0.5733579 0.5477254 0.5399714 0.5514821 0.5513521 0.5416756 0.541549 0.535729 0.5332617 0.5320532 0.5331928 0.5324092 0.5279438 0.5248564 0.5230387 0.5220222 0.5218852 0.5210342 0.5264106 0.5200658 0.5281848 0.5391915 0.5477552 0.5424737 0.5274016 0.5245001 0.5303066 0.5281819 0.5281775 0.5347704 0.5354604 0.5451978 0.5504687 0.5554124 0.5671242 0.5595047 0.5505519 0.5461615 0.5416989 0.5319273 0.5276585 0.5286397 0.5249886 0.5048804 0.5067468 0.5014477 0.5000484 0.4989171 0.497885 0.4967982 0.496218 0.4952512
0.5901027 0.61353 0.6109774 0.6082538 0.6029098 0.5958747 0.5881621 0.5887254 0.5992542 0.5955071 0.5804405 0.5750021 0.6000544 0.5980774 0.5949711 0.569845 0.5585006 0.560981 0.5593368 0.5410005 0.5361742 0.5413163 0.5453711 0.5403821 0.5383268 0.5330914 0.5310412 0.5363643 0.5316403 0.5276735 0.5248659 0.5237615 0.5229006 0.5218852 0.5216786 0.5219449 0.5208626 0.5197864 0.5227972 0.5319298 0.5322198 0.5327706 0.5234467 0.5382032 0.5320209 0.5263541 0.5320147 0.53684 0.5421818 0.5465203 0.5406489 0.5519347 0.5535182 0.5396734 0.5394178 0.5360491 0.5309188 0.5291797 0.5182467 0.5162802 0.5098504 0.5082488 0.5026068 0.5001885 0.4988057 0.4990272 0.4977508 0.4967608 0.4961092
0.5996554 0.613063 0.6132073 0.6110693 0.6029321 0.5996078 0.5920585 0.591096 0.5957914 0.5931369 0.5827106 0.5737193 0.5830562 0.5805673 0.5790716 0.5638233 0.5539443 0.5592577 0.5620857 0.5415388 0.5369591 0.5353321 0.5358449 0.5393948 0.5485858 0.5410572 0.5344801 0.5299162 0.5298783 0.5283365 0.5255247 0.5252931 0.5265833 0.5226926 0.522813 0.5216417 0.5221719 0.5200339 0.5224338 0.5211091 0.532789 0.5330831 0.5162576 0.5287958 0.5340974 0.5383942 0.5319729 0.5394133 0.5311529 0.5481575 0.5388194 0.5406415 0.5396873 0.5288901 0.5260121 0.5330283 0.5353267 0.5335831 0.5260242 0.5184782 0.5188007 0.506467 0.5047051 0.5019435 0.4996185 0.5031359 0.500502 0.4976353 0.4975592
0.5962472 0.6176732 0.6113926 0.6113603 0.6033866 0.6002256 0.5919952 0.5772684 0.5909028 0.5880741 0.5903968 0.5890868 0.5720655 0.5842687 0.5690113 0.5578401 0.5545081 0.5540245 0.5510293 0.5518878 0.5422782 0.5371929 0.5348194 0.5436118 0.5492095 0.5375602 0.5328217 0.5300329 0.5291483 0.5322778 0.5293959 0.5270209 0.528838 0.5243881 0.5251985 0.5224653 0.5213761 0.5224121 0.5204113 0.5261594 0.5288925 0.5182031 0.5170658 0.5271702 0.5408306 0.5545841 0.5513692 0.5394636 0.5273988 0.5391629 0.5304127 0.5268251 0.5290767 0.5171882 0.5154885 0.5272306 0.5296935 0.53276 0.5239295 0.519504 0.5176255 0.5131419 0.5069825 0.5050603 0.501716 0.5035383 0.5018275 0.4988642 0.4975342
0.6023085 0.6205193 0.6078137 0.607776 0.603851 0.5980663 0.5945604 0.5863234 0.5767335 0.5764335 0.5880423 0.5928931 0.5844824 0.5644213 0.5551406 0.5600114 0.5508956 0.5478945 0.5512598 0.5519463 0.54853 0.5392526 0.5360112 0.5413912 0.5411657 0.5386815 0.53122 0.5326334 0.5302423 0.5363229 0.5315861 0.5284535 0.5275868 0.5258039 0.5258777 0.5231413 0.5222077 0.5213602 0.5228486 0.5258248 0.52222 0.5192978 0.5182418 0.5230218 0.5407331 0.548824 0.5418893 0.5300646 0.5203613 0.5329666 0.5376424 0.5252669 0.5243893 0.5095508 0.5224594 0.5256662 0.5167221 0.5164055 0.52497 0.5259454 0.5171359 0.5105355 0.5058914 0.5043858 0.5050058 0.5064846 0.5038385 0.5167484 0.4992656
0.6205423 0.6181381 0.613958 0.5989644 0.599342 0.5851898 0.588267 0.576156 0.5659522 0.5669709 0.5856138 0.5757627 0.5798481 0.5671244 0.5567416 0.5518918 0.5508117 0.5463821 0.5499104 0.5535345 0.5540712 0.5535111 0.5498276 0.5388471 0.537026 0.5372179 0.5341462 0.5321665 0.5320331 0.5423566 0.5381893 0.5297301 0.526852 0.5259842 0.5253289 0.5239891 0.5232177 0.5222917 0.5221059 0.5230517 0.5240891 0.5191366 0.5248344 0.5245432 0.5349872 0.538767 0.5301393 0.5253218 0.5193313 0.5290612 0.5382099 0.5225363 0.5219929 0.5098631 0.5198958 0.510851 0.5088285 0.5096897 0.5168983 0.5176999 0.5161493 0.508868 0.5067524 0.5087047 0.5143023 0.5167043 0.5097445 0.5022923 0.4994152
0.625187 0.6236218 0.618845 0.5953153 0.591633 0.5909055 0.5838417 0.5929939 0.5817047 0.57178 0.5667625 0.5708904 0.5674533 0.560168 0.5752988 0.5644243 0.5577742 0.5473934 0.5605221 0.5538737 0.559474 0.5479296 0.5436696 0.5390781 0.5374203 0.5363517 0.5340298 0.5327162 0.5338351 0.5437557 0.543048 0.5319553 0.5285535 0.5261978 0.5262071 0.5250248 0.5238483 0.5230798 0.5221568 0.5272999 0.5244486 0.5210977 0.5215552 0.5219362 0.523508 0.5311697 0.5245658 0.5200826 0.5211836 0.5228856 0.5245975 0.5272489 0.5129337 0.5098631 0.5150615 0.5117559 0.5087153 0.5081363 0.5105254 0.5168123 0.5186355 0.514052 0.5115931 0.5132862 0.5138949 0.5146861 0.5051864 0.5007685 0.4999124
0.6182695 0.6237094 0.6169002 0.6121163 0.6021785 0.5980673 0.6009653 0.6065649 0.601521 0.5760356 0.5892344 0.5888338 0.5737359 0.574433 0.590874 0.578728 0.5692855 0.5492532 0.5567374 0.5516897 0.5543297 0.5624616 0.5481275 0.5414139 0.538747 0.5395169 0.5366047 0.5336121 0.5337219 0.5379862 0.5471573 0.5456058 0.5299531 0.5276507 0.5275171 0.5259105 0.5248915 0.5238785 0.5230327 0.5249703 0.5258321 0.5205364 0.5199757 0.5216203 0.5304525 0.5278906 0.5259286 0.5181476 0.5158664 0.516382 0.5164853 0.5142339 0.5130911 0.5111145 0.5117573 0.5103899 0.5100477 0.5085348 0.5085542 0.5105286 0.5167387 0.5140927 0.509179 0.508755 0.5062327 0.5061733 0.5021578 0.5007873 0.5005032
0.6172743 0.6258342 0.6238342 0.6069665 0.5989661 0.6042255 0.6047534 0.6184565 0.6218541 0.5986445 0.6146259 0.6159099 0.5973445 0.5810592 0.6084867 0.6102731 0.5722769 0.5611415 0.5481889 0.5527261 0.5536726 0.5583374 0.5412416 0.5410807 0.538577 0.5366626 0.5365941 0.5356957 0.5363246 0.5423632 0.5519533 0.5558039 0.5371915 0.5293111 0.5300293 0.5282375 0.526367 0.525854 0.523919 0.5230765 0.5222424 0.5213342 0.5211092 0.5203009 0.5218657 0.5289292 0.5208821 0.5182499 0.5166405 0.5147029 0.5140423 0.5133917 0.5124137 0.5120378 0.5117565 0.5106383 0.5098692 0.5092807 0.5084506 0.5083085 0.5081785 0.5094127 0.5051693 0.5044864 0.5038166 0.5030757 0.5024325 0.5017189 0.5011035
0.6207654 0.6219717 0.6169257 0.6078236 0.601761 0.60465 0.6071156 0.6104248 0.6144087 0.6121415 0.6204318 0.6163899 0.6096449 0.6010415 0.6082877 0.5997651 0.5937768 0.5755421 0.5530006 0.5481333 0.5491407 0.5581938 0.5463014 0.5432799 0.5396743 0.5393565 0.5382015 0.5359517 0.5363236 0.5384733 0.5503404 0.5625497 0.5509444 0.5376547 0.5305247 0.5332906 0.5270244 0.5258322 0.5248154 0.5238895 0.5230552 0.5221434 0.5214927 0.5211876 0.5226644 0.5227137 0.531387 0.5270618 0.5304321 0.5178481 0.5148184 0.5139104 0.5133507 0.5122948 0.5121031 0.5111492 0.5101221 0.5097823 0.5089475 0.5084624 0.5076516 0.5065154 0.5058141 0.5050412 0.50445 0.5038721 0.5031385 0.5025027 0.5020496
0.627983 0.6211597 0.6205853 0.6097044 0.6115762 0.6128556 0.6186103 0.6097516 0.6169405 0.6204964 0.6233763 0.6200055 0.6155364 0.6126721 0.6186572 0.6106371 0.580741 0.5723844 0.5618329 0.5582087 0.5649753 0.5615236 0.5502185 0.5498961 0.5429881 0.5451205 0.5426104 0.5384142 0.5376847 0.5416045 0.5489069 0.5618727 0.5567678 0.5438125 0.5371115 0.5299916 0.5281142 0.5266652 0.5257294 0.5247156 0.5238777 0.5228782 0.5219705 0.5210705 0.5215302 0.5196331 0.5202786 0.5185681 0.5212588 0.5174552 0.5156886 0.5147765 0.5138748 0.5128146 0.5135567 0.5156391 0.5156391 0.510891 0.5102084 0.5095376 0.5087097 0.5080628 0.5073436 0.5068058 0.5058582 0.5052612 0.5045929 0.5040222 0.5033802
0.6295512 0.6231451 0.6201159 0.622829 0.6208104 0.622507 0.6189657 0.6159302 0.6179618 0.6187258 0.6215166 0.6193236 0.615948 0.6166268 0.6180567 0.6171271 0.6066537 0.6066537 0.5629866 0.5489093 0.5629084 0.586564 0.5634278 0.5469666 0.5455423 0.5456409 0.5572297 0.5582635 0.5435055 0.5393936 0.5392556 0.5393749 0.5454112 0.5415698 0.535296 0.536867 0.5299124 0.5289606 0.5275926 0.5266533 0.5256361 0.5247102 0.523876 0.5229648 0.5220613 0.5210813 0.5202786 0.5193155 0.518868 0.5183452 0.5190989 0.5172437 0.5177635 0.5155905 0.5162466 0.5161175 0.5137185 0.511922 0.5110657 0.5104746 0.5096415 0.5089893 0.5081803 0.5072991 0.5065994 0.5062501 0.5052379 0.5048299 0.5040971
0.6272342 0.6234431 0.6222687 0.6302993 0.6243072 0.6245642 0.6256647 0.625666 0.6221188 0.6189089 0.6185701 0.6121495 0.6186519 0.618228 0.6194988 0.61451 0.6119711 0.5885704 0.5570621 0.5585808 0.5814705 0.5805428 0.5517436 0.5457519 0.5437327 0.5445877 0.5515271 0.5604123 0.5527456 0.5422954 0.5381838 0.5384685 0.5358015 0.5357574 0.5332909 0.5330845 0.5329682 0.5295635 0.5284452 0.5274179 0.5266505 0.5257211 0.5247145 0.5238841 0.5229768 0.5219932 0.5210178 0.5203044 0.5206133 0.5257457 0.5254818 0.5193993 0.5245605 0.5250016 0.5170467 0.5148014 0.513665 0.5128772 0.5118474 0.5111666 0.510413 0.509671 0.5090257 0.5092369 0.5090383 0.5073318 0.5062292 0.5053927 0.5047381
0.6381187 0.6244401 0.6316226 0.6317083 0.6294277 0.6297641 0.627481 0.6271396 0.6222362 0.617501 0.6211274 0.6166449 0.6140204 0.6153659 0.6065065 0.6025269 0.5715191 0.564247 0.559003 0.5736096 0.5904136 0.5693793 0.5476711 0.5448009 0.5438757 0.5451492 0.5442296 0.5453404 0.5516913 0.5415752 0.5452308 0.5360518 0.5357462 0.5349383 0.5339985 0.5327749 0.5314725 0.530936 0.5293919 0.52853 0.5275057 0.5264881 0.5253934 0.5247282 0.5239019 0.5228301 0.5218508 0.5210491 0.520256 0.5214991 0.5272281 0.5346558 0.526045 0.5242014 0.5162507 0.5153525 0.5142956 0.5135877 0.5127218 0.5119516 0.5112773 0.5106992 0.5109774 0.5093249 0.5085293 0.5076616 0.5069753 0.5063017 0.5055562
0.6153963 0.6320353 0.6347359 0.6342253 0.6328687 0.6329468 0.6260977 0.622964 0.61662 0.6158499 0.6196406 0.618194 0.608301 0.6110779 0.601633 0.5919052 0.5751678 0.5697497 0.5728634 0.5660117 0.5719159 0.5556076 0.5469874 0.5453802 0.5463938 0.5472413 0.5426014 0.5415123 0.5416934 0.5402735 0.5397022 0.5376992 0.5360385 0.5350582 0.5347155 0.5332351 0.5323514 0.5315579 0.5303481 0.5294825 0.528539 0.5273489 0.5265883 0.5257505 0.524836 0.5236759 0.5228618 0.5218871 0.5211746 0.520471 0.5231552 0.523737 0.5206968 0.5179195 0.5171525 0.5161651 0.5152728 0.5144755 0.5136045 0.5128294 0.5120654 0.5115665 0.5105724 0.5099279 0.5091265 0.508422 0.507814 0.5070497 0.5063825
0.6174319 0.6304337 0.6339739 0.6329514 0.6332792 0.6253281 0.6199944 0.6229373 0.6170952 0.6178408 0.6184171 0.6147699 0.6126431 0.6122057 0.6178856 0.612968 0.5947058 0.5875095 0.5795543 0.5660258 0.5559618 0.5502075 0.5470738 0.5496858 0.5514557 0.5528905 0.5439391 0.5417482 0.5411654 0.5409244 0.5391669 0.5383428 0.5370162 0.5356099 0.535442 0.5342113 0.5332394 0.5323579 0.5313979 0.5303596 0.529497 0.5283877 0.5274544 0.5265284 0.5256946 0.5248684 0.5237972 0.5229031 0.5220175 0.521141 0.5204423 0.5196686 0.51882 0.5178124 0.5179783 0.5172396 0.5163425 0.5153714 0.514749 0.5139688 0.5131151 0.5122729 0.5116957 0.5110457 0.5100697 0.5093591 0.5087452 0.5081436 0.5073856
0.6131428 0.6184531 0.6370229 0.6353196 0.6265201 0.6221115 0.6154214 0.618275 0.6163136 0.6146049 0.6130648 0.6072168 0.6083797 0.6113164 0.5979125 0.6029575 0.5931375 0.5822204 0.5690241 0.5596302 0.5510826 0.5495474 0.5493659 0.5520585 0.5588923 0.557198 0.5471448 0.5440208 0.5419985 0.5413315 0.5395702 0.5389957 0.53775 0.5365091 0.5362622 0.5351124 0.5343903 0.533336 0.5323724 0.531415 0.5302952 0.52952 0.528414 0.5275687 0.5266465 0.5258164 0.52491 0.524012 0.5227847 0.5221574 0.5214545 0.5205922 0.5195702 0.5186425 0.5187277 0.5179843 0.5171669 0.5166132 0.5155635 0.5146937 0.5139194 0.5131563 0.5124046 0.5150431 0.5133011 0.5101352 0.5095153 0.5087385 0.5081431
