02_Processed_Data/Guangdong-driving/Rain/piliangtxt/gd-rain-05-txt.txt
ncols         755
nrows         605
xllcorner     491130
yllcorner     2101946
cellsize      1000
NODATA_value  -9999
[rows 217 to 247 of 605, columns 483 to 551 of 755]
0.8491636 0.8497468 0.8513963 0.8530802 0.8545389 0.8552554 0.855872 0.8572884 0.8591167 0.8643177 0.86658 0.8607513 0.8607388 0.8667994 0.8594742 0.8667605 0.8655688 0.8646564 0.8653111 0.8735642 0.885675 0.8986894 0.8986783 0.8897008 0.8923494 0.8728489 0.876039 0.8846059 0.8880643 0.887103 0.8745641 0.8524687 0.8481539 0.8482645 0.8435476 0.8435542 0.8449447 0.8387387 0.8385499 0.8344215 0.8329436 0.8307639 0.8289167 0.8269574 0.8278673 0.8274362 0.8254089 0.8223038 0.8218635 0.8177703 0.8164756 0.8139834 0.8151973 0.8096713 0.8067951 0.8092641 0.8220214 0.8061475 0.8104595 0.8192121 0.8202038 0.8241964 0.8378524 0.8404567 0.8577923 0.8419791 0.8172101 0.8203717 0.8247582
0.8477765 0.8478523 0.849768 0.8513326 0.8525441 0.8537875 0.8544167 0.8563622 0.8585922 0.8605908 0.8583639 0.8586078 0.8587457 0.8616102 0.8642021 0.8717304 0.8743817 0.8734692 0.8773746 0.8757215 0.8996261 0.8947092 0.8902357 0.8875879 0.8943556 0.8817606 0.8770128 0.8764284 0.8661734 0.8801737 0.8702728 0.8546759 0.848196 0.8464264 0.8434061 0.8423134 0.8393552 0.8385028 0.8374592 0.8364964 0.8359907 0.8310032 0.8290792 0.8273602 0.8330219 0.8318681 0.8266666 0.8236117 0.8220605 0.8191778 0.8166425 0.8154888 0.8143 0.8075318 0.8056896 0.8022617 0.8159987 0.815654 0.823553 0.805317 0.8231478 0.8461537 0.866691 0.8633023 0.8672391 0.8407315 0.8355467 0.8329363 0.8263181
0.8453304 0.8467024 0.8482408 0.8496866 0.8506517 0.8516492 0.8531933 0.8551532 0.8577853 0.8564526 0.8560476 0.8565691 0.8567288 0.8571697 0.860795 0.8673622 0.8734946 0.8731444 0.8810974 0.867366 0.8718778 0.8751107 0.8733214 0.8816768 0.8812876 0.8694943 0.861928 0.8596829 0.8664144 0.8774024 0.8603869 0.8510051 0.8465338 0.8448152 0.8434955 0.8425822 0.8413404 0.8403025 0.8399773 0.8385467 0.8377036 0.833549 0.8290768 0.8274105 0.8372921 0.8351361 0.8314985 0.8243609 0.8232462 0.8202838 0.8149596 0.8125644 0.8093596 0.8070244 0.8069913 0.805802 0.8233173 0.8228859 0.8285981 0.8209034 0.8510083 0.8536685 0.8569924 0.8806825 0.8679474 0.8606365 0.8625549 0.8632428 0.8575384
0.8435023 0.8452692 0.8484914 0.8494323 0.8495073 0.8503886 0.8546506 0.8537921 0.8577281 0.8539661 0.8540949 0.854508 0.855076 0.8561844 0.8632917 0.8575229 0.8573179 0.8590712 0.863427 0.8661535 0.865018 0.8650905 0.8598827 0.8637634 0.8600304 0.8629666 0.8549035 0.8590491 0.8678278 0.874605 0.8642679 0.8491364 0.846904 0.8457507 0.8603655 0.8576638 0.8473758 0.8426083 0.8475454 0.8409559 0.8378238 0.8342415 0.8299516 0.8282074 0.8260204 0.8390976 0.8373424 0.8288113 0.8238745 0.8222507 0.817233 0.8161756 0.8104388 0.8047969 0.8081217 0.8112705 0.8260008 0.824958 0.8271709 0.8465457 0.8623788 0.8740488 0.8751047 0.8614722 0.8713313 0.8931351 0.8809617 0.8670136 0.8516992
0.8431957 0.8451003 0.8469157 0.8490266 0.8507873 0.849621 0.8529954 0.8538264 0.8539155 0.8530041 0.8535385 0.8542297 0.8579103 0.8622617 0.8662222 0.8587401 0.8556014 0.8633084 0.8741741 0.8848134 0.8846096 0.8670887 0.8550195 0.8538927 0.8529281 0.8613079 0.852779 0.861662 0.8611165 0.8549902 0.8540106 0.8559561 0.8531117 0.8518887 0.8814422 0.8541777 0.8462119 0.846316 0.8520555 0.8429449 0.8396043 0.8339927 0.8331353 0.829362 0.8260561 0.8332366 0.8306099 0.8284608 0.8271881 0.8239194 0.8184333 0.8179398 0.8094125 0.806397 0.8089536 0.8085004 0.8216887 0.8185904 0.8367319 0.8566785 0.8747957 0.861101 0.8532313 0.8515959 0.8852718 0.8810284 0.8883227 0.8923464 0.8651125
0.8415793 0.8449101 0.8458342 0.8456382 0.846896 0.8471594 0.849389 0.8516518 0.8518863 0.8518945 0.8538647 0.8570234 0.8637077 0.8613666 0.8602474 0.8710152 0.8653983 0.8680642 0.8690354 0.8768265 0.8885326 0.8649787 0.8639735 0.8536851 0.8525026 0.8623754 0.8560425 0.8525259 0.8508531 0.8538777 0.8610901 0.8604757 0.8694925 0.8776332 0.8798758 0.8597127 0.8607643 0.8538979 0.8548141 0.858726 0.8414855 0.846418 0.8355088 0.8310061 0.827621 0.8284771 0.8243433 0.8279667 0.832701 0.8278117 0.8235003 0.819544 0.8126025 0.8096338 0.8080692 0.8074033 0.810382 0.8129706 0.8445851 0.8581435 0.8556519 0.8380849 0.8540079 0.8729295 0.8643906 0.8592354 0.8592354 0.8797472 0.8935909
0.8394283 0.8412234 0.8449913 0.8441629 0.8455619 0.8469978 0.8469239 0.848816 0.8495826 0.8501239 0.8543028 0.8583838 0.8725184 0.8701125 0.8691357 0.8692315 0.8693632 0.866604 0.8678719 0.8661168 0.8770375 0.8748253 0.8660004 0.8546191 0.8525742 0.8505667 0.8506585 0.8506585 0.8596311 0.8513506 0.8552293 0.8719732 0.8620926 0.8610461 0.8650712 0.8907925 0.8725411 0.8661916 0.8599068 0.8703184 0.8645687 0.8396981 0.8566114 0.8423364 0.8377096 0.8301962 0.8288918 0.8251984 0.8253602 0.8262668 0.8283693 0.8316234 0.8202128 0.8199405 0.8165514 0.8186181 0.8083315 0.8179333 0.8221403 0.8476796 0.8341581 0.8438904 0.8344181 0.8503982 0.86148 0.835681 0.847186 0.8590406 0.8608301
0.8418627 0.8442711 0.8413827 0.839753 0.8429283 0.8444688 0.8457897 0.8507528 0.8471234 0.8476495 0.8511713 0.8502186 0.8541917 0.8625325 0.867094 0.8773599 0.8759773 0.8661304 0.8564778 0.858382 0.8624439 0.871269 0.8852848 0.8720097 0.8607481 0.8578073 0.8507904 0.8500216 0.850067 0.8530054 0.852114 0.8594218 0.8590326 0.8613585 0.8643459 0.913658 0.8835742 0.8806699 0.8646948 0.8559985 0.8448666 0.8386648 0.8525511 0.8493337 0.8452842 0.8360243 0.8282369 0.8304525 0.8288532 0.8336921 0.8350499 0.8346486 0.8299766 0.8257363 0.8214386 0.8120025 0.814213 0.8150807 0.8314039 0.8261794 0.8284093 0.8350983 0.8207269 0.8365849 0.8283396 0.8207355 0.8401259 0.8426442 0.84583
0.837038 0.8388095 0.8368905 0.8390065 0.8410351 0.8432325 0.8475292 0.8539925 0.8530299 0.8530432 0.8549096 0.856298 0.8541068 0.8523388 0.8513256 0.8564728 0.8608361 0.8521879 0.858218 0.8639082 0.8656756 0.8693454 0.8758497 0.8722845 0.8720875 0.8630208 0.8561841 0.8525878 0.8521629 0.8529674 0.8578923 0.8767847 0.87072 0.8689678 0.8713169 0.9099396 0.9211197 0.8922466 0.8641392 0.8532296 0.8486472 0.8456129 0.8421226 0.8425441 0.8357673 0.8317511 0.8278144 0.832592 0.8286603 0.8269336 0.828472 0.8336748 0.8343421 0.8369582 0.8175125 0.8142888 0.8158736 0.8158665 0.8264591 0.8194402 0.8312919 0.8222543 0.8180494 0.8169728 0.8200758 0.8398471 0.8307465 0.840477 0.8362276
0.8340571 0.834293 0.8370209 0.8383757 0.839515 0.8423695 0.8481094 0.8510649 0.856747 0.8580837 0.8587958 0.8619428 0.8630009 0.8578452 0.851651 0.8581766 0.851728 0.8542656 0.8633436 0.8662989 0.8659691 0.8667449 0.8646355 0.8694867 0.868129 0.8602968 0.8570542 0.8641941 0.8583651 0.8580403 0.8730658 0.866991 0.8565806 0.8621905 0.8657648 0.8761944 0.9103098 0.9044886 0.8909324 0.8842949 0.8651905 0.8515438 0.848226 0.8557389 0.8487144 0.8337318 0.8290558 0.8341754 0.8399491 0.8362861 0.8267604 0.8346566 0.844102 0.8347268 0.8162244 0.8166181 0.8197591 0.8249879 0.8191175 0.8243449 0.8103873 0.8160883 0.8155986 0.8309908 0.8373377 0.8579329 0.836795 0.8589259 0.8390892
0.8320941 0.8327265 0.8361092 0.8373469 0.8384988 0.8505511 0.8497791 0.8510472 0.8580793 0.8637002 0.8673916 0.8608037 0.8612176 0.8615386 0.8633465 0.8639051 0.8533826 0.8717974 0.8557369 0.8584362 0.8561653 0.8567008 0.8575384 0.8588285 0.8692137 0.8676712 0.8667078 0.86526 0.8598704 0.8618484 0.8552309 0.8521525 0.8522776 0.8556617 0.8552738 0.8622894 0.8794927 0.8978157 0.9022448 0.869846 0.8575051 0.8549482 0.8660352 0.8860818 0.8744075 0.8451154 0.8329083 0.8337491 0.8556099 0.8421725 0.8341492 0.8407696 0.847616 0.8332602 0.8220519 0.8216968 0.8271315 0.8235413 0.8156907 0.8160162 0.8151682 0.8136932 0.8215112 0.8231392 0.8434417 0.8508626 0.8233364 0.832583 0.8309808
0.8298631 0.8315362 0.8340285 0.834763 0.8376018 0.8425478 0.8594929 0.8567441 0.8547465 0.8555861 0.8616573 0.8675369 0.8663434 0.8660216 0.8581338 0.854327 0.8525861 0.875082 0.8624501 0.8556223 0.8564162 0.8601828 0.865457 0.8572068 0.8672281 0.8702454 0.8759711 0.87097 0.8678817 0.862051 0.8523004 0.8479679 0.8745494 0.8559021 0.8621949 0.8661952 0.8677312 0.8785298 0.8801287 0.8837187 0.8827279 0.8744524 0.849784 0.8747476 0.8634973 0.8432474 0.8362467 0.8343567 0.833214 0.8605499 0.8419091 0.8509675 0.8442242 0.8334861 0.8273232 0.8276743 0.824819 0.8229925 0.8194183 0.8125109 0.8051821 0.8109269 0.8137427 0.8331063 0.8415482 0.8308023 0.8200415 0.8266552 0.8146753
0.828396 0.8298222 0.8312955 0.8325573 0.8401983 0.8483073 0.8620287 0.8672407 0.8548653 0.8557228 0.8542297 0.8632899 0.8673544 0.8673043 0.8598328 0.8536558 0.8472691 0.8536712 0.8719701 0.8603798 0.8602751 0.8607473 0.8664533 0.8607644 0.860976 0.862965 0.8675305 0.8752059 0.8738859 0.8736826 0.8498915 0.8473051 0.8651533 0.8646418 0.8676384 0.884491 0.870602 0.8661284 0.8926396 0.9091475 0.8871159 0.8640919 0.8545192 0.8680516 0.8529006 0.8470459 0.8549302 0.8382484 0.8318607 0.8568271 0.8529702 0.8545491 0.8475531 0.8379186 0.8336272 0.8230426 0.8174531 0.8179188 0.8096253 0.8050091 0.8049979 0.8132973 0.8232951 0.8393024 0.834021 0.8267458 0.8100212 0.8111243 0.8048624
0.8267932 0.8295182 0.830359 0.8318906 0.8409005 0.8507676 0.8655056 0.8607248 0.8537809 0.8562526 0.8639827 0.8602664 0.8651335 0.8659204 0.8544765 0.8499258 0.8502111 0.8547766 0.8486977 0.8673953 0.8550813 0.8582453 0.8764986 0.8710994 0.8642946 0.8643234 0.8613423 0.8645318 0.8665763 0.8677426 0.8657709 0.8484526 0.8468846 0.8540779 0.8547101 0.8721007 0.8847086 0.8792075 0.8993842 0.891838 0.8752105 0.8629159 0.856981 0.8650972 0.8691851 0.8772404 0.8597082 0.8438379 0.8381577 0.8461903 0.8421421 0.8531657 0.8496757 0.8436489 0.8306463 0.82037 0.8096647 0.8103057 0.8076105 0.8054175 0.807829 0.8317927 0.8339111 0.8396127 0.8418733 0.8398128 0.8209416 0.8021707 0.7875479
0.8255717 0.8280498 0.8300614 0.8301887 0.8385528 0.8439106 0.8503819 0.856103 0.8476369 0.8531861 0.8545245 0.8573716 0.8566722 0.8590775 0.8600254 0.8521673 0.853268 0.8582725 0.8544096 0.8621669 0.8545386 0.8572013 0.8575168 0.8754413 0.8762534 0.8648762 0.8800679 0.8715432 0.8811321 0.8812736 0.868242 0.8538612 0.8462403 0.8429496 0.844216 0.8496298 0.8681867 0.8847983 0.9059781 0.9051862 0.8772209 0.86465 0.864883 0.8904718 0.8710752 0.8694093 0.8580748 0.8434538 0.8534423 0.8624036 0.834353 0.8411562 0.8381308 0.8377135 0.8301551 0.8188639 0.8158743 0.8221136 0.8209158 0.8169123 0.8367199 0.834518 0.8245955 0.8437967 0.8320324 0.825498 0.8110005 0.8053767 0.7912722
0.8242176 0.826063 0.8358552 0.8301578 0.8311173 0.8379822 0.8351053 0.840893 0.8438846 0.8421346 0.8441567 0.8463587 0.8568549 0.8681058 0.8682693 0.8586692 0.8520787 0.8579074 0.8563333 0.848438 0.8514645 0.849904 0.8554355 0.860222 0.8470233 0.8706112 0.8867028 0.8878641 0.8851124 0.8862536 0.8740298 0.8628818 0.848207 0.8437657 0.8465348 0.8455254 0.8617055 0.8853103 0.9083141 0.8851097 0.8737856 0.8713188 0.895381 0.8933057 0.8633139 0.8495907 0.8409209 0.8442404 0.8641632 0.851672 0.8359349 0.8318026 0.8305411 0.834401 0.823424 0.8232877 0.8142551 0.8249021 0.8377823 0.8370003 0.8233353 0.8160145 0.8267981 0.8384121 0.8209046 0.8078108 0.7997264 0.7946686 0.7936965
0.8226039 0.8251044 0.8258517 0.829869 0.8280072 0.8297995 0.8325393 0.8397831 0.835192 0.8379368 0.8409826 0.8527716 0.8575681 0.8620124 0.8714867 0.8586512 0.8524846 0.8530175 0.8557272 0.8515673 0.8606268 0.8503119 0.8485646 0.8507192 0.8452736 0.8485413 0.8823917 0.8886558 0.8879951 0.8941039 0.8868545 0.8733568 0.8511323 0.8543788 0.8456863 0.8469664 0.857209 0.8900562 0.8899617 0.8836434 0.8972565 0.9064294 0.9103419 0.8917425 0.855958 0.8510642 0.8409832 0.8495063 0.8511035 0.8371781 0.8381578 0.8281164 0.8313962 0.8289495 0.8189201 0.822001 0.81473 0.8264769 0.8284045 0.8145614 0.8172274 0.8124599 0.8323022 0.8663325 0.8390002 0.8169779 0.8089308 0.7998084 0.7986078
0.8230763 0.8232439 0.8243895 0.8272588 0.8294039 0.8290212 0.8304882 0.8325163 0.8333023 0.8365796 0.8399144 0.843619 0.8484359 0.8494428 0.8651016 0.8493207 0.8442441 0.8445438 0.8493997 0.8517861 0.8588784 0.8525842 0.8483363 0.8652925 0.8453513 0.8489413 0.8669872 0.8747148 0.8836155 0.8894878 0.876151 0.8694566 0.86563 0.8683842 0.8495914 0.8429744 0.8493876 0.8700095 0.8658063 0.8777838 0.8891124 0.9050383 0.9141979 0.8976966 0.8737476 0.8431293 0.8395737 0.8495953 0.8390654 0.8299458 0.8320274 0.8285111 0.8282621 0.8266521 0.8210101 0.8191057 0.8220624 0.8153302 0.812404 0.8161955 0.815065 0.8271378 0.8307425 0.8794203 0.876987 0.8388178 0.8286105 0.8108758 0.7980695
0.8223957 0.8297212 0.8234436 0.8249089 0.82784 0.8334965 0.8302411 0.8298382 0.8320574 0.8336782 0.8363746 0.8412518 0.8401088 0.8456542 0.8546734 0.8434504 0.8416067 0.8437694 0.8551787 0.8681019 0.8573956 0.8516627 0.8526334 0.8708175 0.8613836 0.8493429 0.8531876 0.8589507 0.8668985 0.8674542 0.880432 0.8830442 0.8821612 0.8705463 0.8581605 0.8461176 0.8505862 0.8601979 0.8629664 0.8880718 0.8999905 0.9088388 0.909004 0.88433 0.8696259 0.8499953 0.8411909 0.8426567 0.8357415 0.8290458 0.8294504 0.8250507 0.8304002 0.8269802 0.8173923 0.8201591 0.817336 0.8160682 0.8215163 0.8379441 0.831544 0.8288369 0.8589833 0.8511323 0.8662645 0.8701489 0.8544339 0.8167717 0.826939
0.8326358 0.8291968 0.8236856 0.8244959 0.8262785 0.8287676 0.8288375 0.8307683 0.8302996 0.8311652 0.8333648 0.8356101 0.8382968 0.8438627 0.8458558 0.8389315 0.8438601 0.8399737 0.8517796 0.8588759 0.8516562 0.8482134 0.8579939 0.87494 0.878789 0.8571925 0.8467028 0.8692622 0.8790898 0.8735947 0.8873465 0.9045112 0.9016127 0.8776939 0.8634034 0.8450201 0.8438398 0.8518566 0.859987 0.8923255 0.8959333 0.8864749 0.8781927 0.8641292 0.8518013 0.8550147 0.8410736 0.8319986 0.8318723 0.8306425 0.8273851 0.8280542 0.8333135 0.8194845 0.821296 0.8188121 0.8103412 0.8174477 0.8331258 0.8464757 0.8534467 0.8323739 0.8528175 0.8554117 0.8541505 0.8435578 0.8306351 0.8321152 0.8501494
0.8431291 0.8284105 0.8241085 0.8263817 0.8265816 0.8282995 0.8316677 0.8325612 0.8311208 0.8295571 0.8352902 0.8355953 0.8391409 0.8422068 0.8370464 0.8355097 0.8355848 0.8360942 0.8375466 0.8499179 0.8491111 0.8607296 0.8657498 0.8818733 0.8971333 0.870637 0.8493956 0.8710681 0.8673673 0.89013 0.9027476 0.9180322 0.9062711 0.8700634 0.8541402 0.8466941 0.8496532 0.8476544 0.8551369 0.8742509 0.9115847 0.8966905 0.8712039 0.8746783 0.8559809 0.8418582 0.8323438 0.8292632 0.8299721 0.8278579 0.8251712 0.826014 0.8221866 0.818585 0.8192292 0.8141397 0.8140429 0.8287293 0.8409089 0.8447141 0.842239 0.8397416 0.8485481 0.8591225 0.8532434 0.8368499 0.8310181 0.8441139 0.8458281
0.82772 0.8293589 0.8293263 0.8328093 0.8267699 0.8250428 0.8276274 0.8277469 0.828985 0.8289836 0.8350422 0.8348323 0.8399959 0.8380272 0.8318058 0.8332686 0.8334984 0.8339036 0.8365332 0.849743 0.8558809 0.86327 0.8725103 0.8864948 0.9117817 0.8845476 0.8564781 0.8669998 0.8912615 0.891663 0.9218435 0.9138863 0.8992864 0.8682112 0.8687109 0.856729 0.8510953 0.8490026 0.8586605 0.8688461 0.8831365 0.8892334 0.8887022 0.8961959 0.8690041 0.8468326 0.8363007 0.8353774 0.8287193 0.8281012 0.8298208 0.827265 0.8232138 0.8192558 0.8223048 0.820959 0.8211662 0.8312616 0.8307427 0.8299329 0.8296258 0.8424601 0.8483667 0.8603483 0.8450583 0.8334265 0.8445411 0.8650674 0.8591489
0.8240076 0.8291169 0.8357478 0.8263389 0.8297582 0.8300407 0.8277177 0.8289085 0.8263401 0.8282872 0.8292532 0.8306537 0.8348696 0.8328265 0.8305758 0.8312922 0.8318007 0.8324857 0.838673 0.8478426 0.8517452 0.8495833 0.8742146 0.8979654 0.9113697 0.8808805 0.8575746 0.8622729 0.8857756 0.9053822 0.9219045 0.9069996 0.8706114 0.8600886 0.8716971 0.8806278 0.8654682 0.8565912 0.8686062 0.8657438 0.8629565 0.8702782 0.8759372 0.8823759 0.8750692 0.8631539 0.8543032 0.8530177 0.832877 0.8256848 0.8251958 0.8274426 0.8214471 0.8181908 0.8262904 0.819031 0.830389 0.8320577 0.827343 0.8274933 0.838245 0.8415472 0.8506311 0.842661 0.8343821 0.8388326 0.8495544 0.8709379 0.856291
0.8193721 0.8252909 0.8321996 0.8362397 0.8282312 0.8226738 0.8230261 0.8223066 0.8249898 0.8260533 0.8275521 0.8288437 0.8321441 0.8354045 0.8307605 0.8302181 0.8313892 0.8324816 0.8349189 0.8500713 0.8538669 0.8563879 0.8737468 0.9010866 0.8993217 0.8720238 0.8638652 0.871152 0.8833034 0.9026695 0.8855414 0.8884726 0.8846258 0.8723772 0.8743318 0.8953819 0.8958291 0.8774548 0.8743563 0.8872195 0.8625579 0.8585504 0.8750775 0.8701909 0.863966 0.8612151 0.8581476 0.8662963 0.8520035 0.8325156 0.822674 0.8240342 0.8217825 0.8185652 0.8277478 0.8198652 0.8245151 0.8358975 0.8237941 0.8327339 0.8358224 0.8352967 0.8351429 0.8336352 0.8445138 0.8463919 0.8375685 0.8348876 0.8353378
0.8291137 0.825598 0.8237382 0.8287221 0.8227219 0.8182755 0.8240637 0.822493 0.8235245 0.8244789 0.8258671 0.8271767 0.8347471 0.8394909 0.8292882 0.8285111 0.8361222 0.8377803 0.8417556 0.8495117 0.8577232 0.870488 0.878898 0.8907932 0.884128 0.8788949 0.8745465 0.8834081 0.8718042 0.863075 0.8677761 0.8722774 0.8798267 0.8840272 0.910409 0.9134202 0.9197921 0.8914592 0.8748421 0.8993825 0.8834707 0.8520412 0.8635091 0.867868 0.854499 0.8438323 0.8451926 0.8636025 0.8427436 0.8302064 0.8226527 0.8191576 0.8191935 0.8187934 0.8307784 0.8148643 0.817171 0.8320181 0.8314851 0.8166177 0.8266086 0.8316979 0.8457949 0.8537799 0.8498282 0.8406506 0.8252864 0.8205367 0.8124468
0.8294203 0.8187318 0.8245997 0.8205493 0.8166949 0.8206059 0.8212528 0.8222257 0.8231235 0.8239445 0.8253498 0.825902 0.8271515 0.8301591 0.8269281 0.8286044 0.8303424 0.8346658 0.8443714 0.8620182 0.8702534 0.8830114 0.8825486 0.882696 0.8658711 0.8800302 0.884339 0.8676977 0.8550888 0.8562803 0.8570032 0.8635317 0.8898162 0.9024044 0.9253982 0.938167 0.9221183 0.8872491 0.8898393 0.892508 0.8940242 0.8558081 0.8490329 0.8567302 0.8446733 0.8489066 0.8463303 0.8582284 0.8526065 0.8411148 0.8281757 0.8214119 0.8161947 0.8170235 0.8218897 0.8144796 0.8285971 0.819927 0.8248503 0.8128092 0.8302621 0.8302621 0.8443568 0.8533476 0.8510989 0.8358865 0.8432444 0.8186588 0.8053334
0.8137745 0.8153362 0.8311931 0.8218333 0.821047 0.818858 0.8209804 0.8197202 0.8207656 0.8221316 0.8234215 0.8246375 0.8251363 0.825943 0.8254737 0.8271702 0.8314499 0.8377851 0.8442013 0.8516064 0.8655238 0.8655238 0.8788369 0.872102 0.8594713 0.8521242 0.8487081 0.8555967 0.84778 0.8530636 0.8855035 0.8703965 0.8726034 0.8817315 0.9017781 0.9275161 0.9507264 0.9002067 0.8964566 0.908668 0.8883691 0.8780093 0.8711542 0.8669962 0.8604344 0.8499721 0.8517402 0.8601412 0.8491319 0.86322 0.8487365 0.8338202 0.8218025 0.8154325 0.8174147 0.8139147 0.819638 0.8234739 0.8325831 0.8101431 0.8272492 0.8524974 0.85869 0.8574612 0.8367034 0.8295466 0.8391117 0.8264905 0.804302
0.8107331 0.8123764 0.8108926 0.8260919 0.8224646 0.8173007 0.8175262 0.8174134 0.8181519 0.8192123 0.8205942 0.8220328 0.8227414 0.8238994 0.8233892 0.8246694 0.8260083 0.826748 0.8352154 0.8397831 0.8518677 0.8670644 0.8715209 0.8623003 0.8728191 0.8463942 0.8416927 0.8457993 0.8509167 0.8555669 0.9032026 0.9189326 0.8996782 0.8835074 0.922623 0.931415 0.952332 0.9119796 0.9271612 0.9099681 0.8899791 0.8977304 0.8803682 0.8915708 0.8747872 0.862794 0.8565813 0.8704169 0.8507038 0.8482347 0.8574728 0.8337659 0.8223146 0.8146592 0.822091 0.8244481 0.8103647 0.8151626 0.8133121 0.8346129 0.8429491 0.8559765 0.8589185 0.8556716 0.8281928 0.8177689 0.8343197 0.8275314 0.7944034
0.8044335 0.8062215 0.8100555 0.8168805 0.8134085 0.8146461 0.8142232 0.8174309 0.8173897 0.8188618 0.8203916 0.8214496 0.8211136 0.822547 0.8233892 0.8258854 0.8273803 0.8272133 0.8306762 0.8442876 0.8513446 0.8574138 0.8591351 0.8483754 0.8467543 0.8377774 0.8402609 0.8434674 0.8484706 0.8642347 0.8859885 0.9257129 0.9152541 0.9152734 0.9064988 0.9243616 0.921349 0.9232053 0.9389691 0.9187984 0.8885747 0.8995112 0.8957412 0.9052001 0.8865359 0.8659037 0.8732926 0.8703634 0.8619233 0.8393384 0.8472254 0.8355544 0.8278438 0.8173144 0.8192164 0.8254458 0.8165576 0.8108083 0.8228834 0.8364255 0.8253796 0.8456122 0.8409654 0.8412797 0.8187562 0.8065417 0.8168125 0.8154063 0.7938709
0.8014745 0.8034044 0.8069841 0.8085089 0.812079 0.8135931 0.8149025 0.8168005 0.820345 0.8175986 0.8195404 0.8196884 0.8210849 0.8204347 0.8231251 0.8255296 0.8238692 0.8263679 0.8299837 0.8365688 0.8460326 0.8479789 0.8473252 0.8516625 0.839301 0.8363253 0.8371157 0.8383653 0.8530889 0.8742815 0.8973978 0.8931981 0.907692 0.9173287 0.8981829 0.9062191 0.9114552 0.9127973 0.9184617 0.8870972 0.881008 0.9033445 0.9089212 0.9018471 0.8810279 0.8756309 0.8760729 0.8581946 0.8495615 0.8296697 0.8261817 0.8270157 0.8229131 0.8158591 0.8229468 0.8216709 0.8091139 0.8105435 0.8315396 0.8144907 0.8289411 0.8347674 0.8197112 0.8299955 0.8135663 0.7994167 0.8130065 0.8120317 0.8062645
0.7999871 0.8017942 0.8036641 0.806787 0.8085163 0.8104388 0.8122894 0.8140681 0.8140545 0.8168783 0.8175123 0.8186018 0.8196177 0.8191103 0.8230156 0.822409 0.8230161 0.8300322 0.8463008 0.8500226 0.8504664 0.8407096 0.8410105 0.8560406 0.8425958 0.8348812 0.8376821 0.8486379 0.8708075 0.886215 0.8895057 0.883419 0.8976699 0.8859766 0.8852153 0.9006773 0.9152571 0.9441549 0.8964497 0.8877121 0.879466 0.8966336 0.9125148 0.9057493 0.8651103 0.8805625 0.8678945 0.8639422 0.8423348 0.8279313 0.8238172 0.8228347 0.8169155 0.817702 0.8176726 0.81749 0.818064 0.8084159 0.8105069 0.8145487 0.834483 0.8283894 0.8306337 0.8212941 0.8062529 0.8023142 0.8126392 0.8038867 0.7913145
