02_Processed_Data/Guangdong-driving/Rain/piliangtxt/gd-rain-00-txt.txt
ncols         755
nrows         605
xllcorner     491130
yllcorner     2101946
cellsize      1000
NODATA_value  -9999
[rows 310 to 340 of 605, columns 276 to 344 of 755]
0.3537785 0.3378065 0.335556 0.3360703 0.3380771 0.347124 0.3472602 0.3521944 0.3586187 0.3639036 0.3664374 0.3646077 0.3685051 0.3716836 0.3748206 0.3769017 0.3825055 0.3855184 0.3897575 0.393609 0.3967323 0.4015866 0.413007 0.4154641 0.4303392 0.4375816 0.4400041 0.4349851 0.4428027 0.4555648 0.4538386 0.4461082 0.4495124 0.450898 0.4554399 0.4647488 0.4721206 0.4710208 0.4775697 0.5003366 0.4921429 0.4884557 0.4870679 0.4948515 0.4990761 0.5039592 0.5062172 0.5116196 0.5157529 0.5179378 0.5226707 0.5251989 0.5288314 0.533228 0.5373695 0.5417649 0.5470101 0.5518292 0.5562212 0.5568734 0.5627867 0.5731964 0.5755341 0.5836409 0.5820336 0.5835705 0.5873941 0.5913805 0.5955297
0.3392132 0.3430889 0.3394646 0.3389435 0.3411009 0.349654 0.3592662 0.3552728 0.3648103 0.3753285 0.3733397 0.3714821 0.3749266 0.375616 0.378216 0.3812867 0.3870281 0.3882266 0.3940448 0.4060088 0.4051102 0.411373 0.4158013 0.4213636 0.4278039 0.4389504 0.446175 0.4418853 0.445002 0.4622271 0.4513032 0.452788 0.4561591 0.4545419 0.4605784 0.4724856 0.489329 0.5003312 0.4961579 0.511512 0.4987909 0.4974498 0.4989175 0.4940294 0.5070793 0.5036187 0.5109401 0.5136845 0.5174516 0.5195252 0.5232986 0.5273289 0.5315302 0.5381931 0.5401046 0.5459204 0.5487653 0.5554298 0.5592897 0.5589862 0.563944 0.5692376 0.5758856 0.5779433 0.5819395 0.5853249 0.5893838 0.5933514 0.5974819
0.3361503 0.3406887 0.3398474 0.342531 0.3462805 0.3552703 0.3600266 0.3630485 0.3673886 0.3785588 0.3801906 0.3834781 0.3760391 0.3783951 0.3815631 0.3846027 0.3921791 0.3913088 0.3979427 0.4108066 0.4194627 0.4164427 0.4140487 0.4241588 0.4288675 0.4351762 0.4505972 0.4466125 0.4419735 0.4585706 0.458304 0.4556823 0.4575775 0.4580484 0.4736404 0.4927274 0.515236 0.5193329 0.5125716 0.5040509 0.4975784 0.4982435 0.4966269 0.5001099 0.5035704 0.5050025 0.5122957 0.5159458 0.5178187 0.5224958 0.5260733 0.5296533 0.53629 0.5465788 0.5452398 0.5489957 0.5535151 0.5574391 0.5600874 0.5617147 0.5654618 0.5694603 0.5737095 0.5796528 0.5840715 0.5874367 0.5914757 0.5955936 0.5995353
0.3486422 0.3430727 0.3431475 0.348442 0.350391 0.3599003 0.3665851 0.3664458 0.3729663 0.3801248 0.3872434 0.3887214 0.3783704 0.3815494 0.3841786 0.3894781 0.3955805 0.3960354 0.3983091 0.4043517 0.4121258 0.4223937 0.4169109 0.426308 0.4355645 0.4393243 0.4390132 0.4473827 0.447546 0.4570662 0.4585477 0.4564013 0.4603841 0.4617553 0.4801991 0.5027349 0.5200345 0.5128036 0.5084797 0.4999281 0.4958855 0.5005932 0.4975889 0.5054547 0.5047546 0.508194 0.5143557 0.5184019 0.520332 0.5254911 0.5310782 0.5313227 0.5397153 0.545225 0.5503146 0.5524325 0.5565883 0.5604038 0.5607362 0.5661618 0.5679335 0.5719102 0.5770721 0.5808713 0.5859659 0.5896501 0.5937537 0.5977668 0.601689
0.3439495 0.3458279 0.3480906 0.3527731 0.3561443 0.3729556 0.3732572 0.3680066 0.3715344 0.3776498 0.3855039 0.3813583 0.3837869 0.3860064 0.388945 0.3941289 0.4061392 0.4053743 0.4025241 0.4070914 0.4126259 0.4247268 0.4197193 0.4244152 0.4358438 0.4443498 0.4401862 0.4419878 0.4586629 0.46467 0.4631477 0.4613069 0.468226 0.4679514 0.5025728 0.5111612 0.5052447 0.5070719 0.5234283 0.5118701 0.5101722 0.5022911 0.501887 0.5066683 0.5176728 0.5173497 0.5186459 0.5199484 0.5235476 0.52817 0.5358513 0.5400572 0.5397688 0.5452524 0.5479382 0.5545318 0.5556061 0.5599918 0.5631879 0.5671468 0.5708488 0.5754824 0.5793487 0.582532 0.5880465 0.5918793 0.5959622 0.60004 0.6039424
0.3504822 0.3496308 0.3547596 0.3562858 0.3597221 0.371366 0.3717309 0.3710361 0.374709 0.3774066 0.3817573 0.3853021 0.3862643 0.390491 0.3918723 0.4019469 0.413332 0.4164382 0.4110101 0.4110474 0.4169728 0.4233551 0.4222168 0.4277274 0.4325881 0.4378625 0.4443559 0.4484143 0.4580125 0.4692464 0.4726962 0.4671729 0.4724461 0.4751081 0.5063025 0.4949099 0.5003383 0.5199561 0.5294061 0.5172195 0.4979259 0.5035054 0.5042588 0.5053613 0.5201778 0.5192311 0.5252498 0.5292389 0.5289066 0.5303617 0.5363185 0.5393094 0.541455 0.5481858 0.553394 0.554273 0.5592287 0.5619766 0.5655733 0.5710371 0.5731026 0.5774587 0.5813028 0.5842944 0.5900575 0.5940387 0.5983553 0.6020727 0.6060396
0.3519548 0.3543946 0.3582337 0.3613526 0.3648537 0.370396 0.3716712 0.3745148 0.3780783 0.3808352 0.3838874 0.3875787 0.3908883 0.397886 0.3975405 0.4013903 0.4222481 0.4218432 0.4179102 0.4140113 0.4224494 0.4245556 0.427796 0.4302179 0.4341961 0.4426857 0.4443083 0.4564783 0.4674 0.4684173 0.4822699 0.4757795 0.4790672 0.483223 0.493676 0.5028735 0.51939 0.5354182 0.5211422 0.5085928 0.5122626 0.5237505 0.5086058 0.5158722 0.5201778 0.5245281 0.52619 0.5287077 0.5326744 0.5341012 0.5380786 0.5414667 0.5460461 0.5495258 0.5547081 0.5568352 0.56253 0.5647437 0.5684009 0.5728218 0.5753734 0.579027 0.5830182 0.5861574 0.5924227 0.5963821 0.6001677 0.604034 0.6082349
0.3554892 0.3615588 0.3707229 0.3638158 0.3657705 0.3727565 0.3747726 0.3770838 0.3828278 0.3832695 0.3877391 0.3915755 0.3937539 0.399365 0.4031475 0.4095125 0.4163381 0.4220963 0.4272102 0.4190363 0.4219259 0.4235746 0.4328059 0.4348544 0.4407501 0.4493985 0.4483568 0.4548075 0.4679011 0.4687148 0.474727 0.4754998 0.4908029 0.5033257 0.5090796 0.5203716 0.5245461 0.5306895 0.5222433 0.5251049 0.5198336 0.5202595 0.5112781 0.5263202 0.5232984 0.5292513 0.5289321 0.5295538 0.5328977 0.5367568 0.539264 0.5460182 0.549807 0.5527521 0.5592668 0.5600943 0.56432 0.5678673 0.5726887 0.5742831 0.5769807 0.580526 0.5844942 0.588375 0.5954806 0.6000973 0.6028422 0.6063473 0.6118011
0.3604894 0.3769773 0.3797628 0.3726632 0.3706118 0.3764953 0.3793368 0.3826422 0.384376 0.3863184 0.3910209 0.3958482 0.3967258 0.4016293 0.4054668 0.415535 0.4202933 0.4254259 0.428811 0.4212835 0.4236311 0.4271133 0.4327473 0.4389201 0.4422364 0.4476478 0.4503054 0.4609645 0.4619753 0.4662338 0.4703452 0.4803331 0.4961963 0.4970605 0.5106712 0.5146264 0.5146106 0.531418 0.522602 0.516522 0.5152919 0.5082194 0.5104923 0.5238913 0.532464 0.5261869 0.5277046 0.5309273 0.5333937 0.538582 0.5427579 0.5466843 0.5576625 0.5610055 0.5601059 0.5645585 0.5668054 0.5731295 0.5761428 0.5779675 0.5797067 0.585521 0.5889564 0.5910308 0.6007591 0.6037399 0.6045095 0.6095214 0.6138499
0.3733139 0.3889438 0.3823741 0.3733061 0.3731848 0.3820345 0.3852775 0.3877113 0.3904379 0.3917662 0.3946616 0.3998859 0.4024326 0.4038281 0.408315 0.4155529 0.4392081 0.426994 0.4261046 0.4254178 0.4268842 0.4289758 0.436019 0.4418188 0.4484106 0.4473587 0.4565159 0.4600986 0.4638755 0.4699666 0.4793899 0.4804345 0.4918516 0.5015917 0.5173786 0.5117937 0.5280415 0.5293636 0.5212834 0.5086375 0.5068665 0.508078 0.5154107 0.5300516 0.5330783 0.5276371 0.530143 0.5334211 0.5382341 0.5405085 0.5461833 0.5498272 0.5567878 0.5692745 0.5697917 0.5790582 0.5797504 0.5778971 0.5802057 0.581496 0.5894946 0.596304 0.5996306 0.6019368 0.6006147 0.6039123 0.6067825 0.6109232 0.6153148
0.3911745 0.3883677 0.3856843 0.3753256 0.3771343 0.3860648 0.3892851 0.3909321 0.3945706 0.3961295 0.3966226 0.4017349 0.4058658 0.4057903 0.4111813 0.422971 0.4449852 0.4442812 0.4271502 0.4267706 0.4292227 0.4323845 0.440243 0.4427851 0.4461187 0.4526026 0.4569744 0.4630687 0.4714785 0.4788086 0.4794583 0.4886997 0.4942285 0.50962 0.5212165 0.5162765 0.5181463 0.5181659 0.5212556 0.5106139 0.5065199 0.5096513 0.5168678 0.520532 0.5234432 0.530291 0.5319185 0.5382214 0.5422415 0.5440627 0.5478421 0.5518821 0.5594096 0.5699158 0.5701512 0.5729373 0.574962 0.574781 0.5777435 0.5819806 0.5888507 0.6020895 0.5977497 0.5993528 0.6017548 0.6052841 0.6095752 0.6133538 0.6178934
0.3947936 0.3851788 0.3842627 0.3780415 0.3822038 0.3907892 0.3905099 0.3939995 0.3976173 0.3991506 0.4026722 0.4030907 0.4077876 0.4100594 0.4147421 0.4259081 0.4605455 0.4479201 0.4316913 0.4318736 0.4366693 0.4368285 0.4437206 0.4477566 0.4467295 0.4554862 0.4571941 0.4616426 0.4688306 0.4742603 0.4835311 0.4985087 0.5090101 0.5231875 0.5299969 0.5056723 0.5021635 0.5105505 0.5137774 0.5071764 0.5129779 0.5133625 0.5186806 0.5212955 0.5246003 0.531008 0.5381205 0.5405754 0.5451599 0.5479702 0.5496845 0.5555628 0.5672247 0.566749 0.5676365 0.5713298 0.5755358 0.5770271 0.5803036 0.5827322 0.5884735 0.5912428 0.5951158 0.5988181 0.6017548 0.6089582 0.6128865 0.6148595 0.6199713
0.3867156 0.3858292 0.3860816 0.3867095 0.3875438 0.3933229 0.3959888 0.3964905 0.402205 0.4045615 0.4076326 0.4102301 0.410487 0.4147668 0.4179779 0.4275868 0.4540384 0.4443585 0.4333619 0.4340216 0.4408216 0.4403542 0.4445831 0.4485011 0.4539742 0.4588083 0.4621798 0.4656612 0.4703549 0.4810117 0.4931338 0.5023079 0.521947 0.5320162 0.5193462 0.5221507 0.4989234 0.5077866 0.5067384 0.5094388 0.5123233 0.5146276 0.5206782 0.5234316 0.5272993 0.5354717 0.5393296 0.5420939 0.5484307 0.5508724 0.5513698 0.5623991 0.5707216 0.5680103 0.5709082 0.5706684 0.5744233 0.578096 0.580922 0.5861273 0.5897204 0.5928895 0.5982667 0.6067851 0.604688 0.6100087 0.6135742 0.6177321 0.6208683
0.3806989 0.3846285 0.3858793 0.3871658 0.3891664 0.3980734 0.4004663 0.400436 0.4060411 0.4083722 0.4127747 0.4162787 0.4159987 0.4169408 0.4214805 0.4305505 0.4453385 0.4397945 0.435979 0.4388981 0.4415082 0.4455903 0.4470712 0.4492593 0.455378 0.4639246 0.4660747 0.4730017 0.4758799 0.4850608 0.4968947 0.5129082 0.5278496 0.5192028 0.5133854 0.5052108 0.5001936 0.5047815 0.515071 0.5157027 0.5158399 0.5168396 0.5237921 0.5268536 0.5285693 0.5362136 0.5404655 0.545406 0.5491676 0.5535315 0.5547636 0.559312 0.5655681 0.5702166 0.5714735 0.576811 0.5781613 0.5811283 0.5846075 0.5877491 0.5914018 0.5957346 0.5984547 0.6020237 0.605677 0.612001 0.6158828 0.6193383 0.623301
0.3845325 0.3845426 0.3884034 0.3918746 0.3919883 0.4024978 0.4034275 0.4051553 0.4090388 0.4122779 0.4172482 0.422507 0.4212661 0.4235376 0.42423 0.430725 0.4369979 0.4392294 0.438183 0.4412401 0.4460244 0.4499897 0.4499955 0.4537629 0.4588305 0.4658269 0.4694713 0.4754315 0.4851494 0.4981152 0.5329301 0.5396637 0.5391144 0.5336596 0.5247459 0.5167929 0.5023243 0.5056917 0.5122151 0.5137479 0.5186049 0.5209303 0.5275118 0.5306271 0.5339239 0.5390027 0.5417816 0.5471163 0.5500845 0.5560312 0.5616472 0.5601418 0.5661989 0.5685265 0.5801157 0.5776135 0.5806351 0.5837452 0.5867735 0.5937954 0.5941958 0.5981639 0.6012836 0.6046583 0.6082026 0.6154438 0.6187925 0.6224796 0.6259947
0.388292 0.3900648 0.3915316 0.3950673 0.3958384 0.405066 0.4069912 0.4087801 0.4131481 0.4178042 0.4207968 0.4232287 0.427815 0.4287856 0.4312309 0.4315023 0.4356239 0.4396917 0.4450633 0.4465617 0.4474959 0.4510897 0.4530995 0.4578525 0.4617842 0.4687564 0.4722829 0.494247 0.5039316 0.527571 0.5390056 0.5271062 0.5176114 0.5262178 0.5155826 0.5163363 0.5067562 0.5128911 0.5121697 0.5154521 0.5189194 0.5249467 0.5284421 0.5337322 0.5385253 0.5418857 0.5433615 0.5494298 0.5517741 0.5581157 0.5605624 0.5633565 0.5658194 0.5717705 0.5773027 0.578934 0.5814189 0.5879839 0.5920898 0.5969626 0.5981864 0.603233 0.605139 0.6095081 0.6128583 0.6188927 0.6216233 0.6246923 0.6278448
0.3910431 0.3948326 0.3982303 0.3983536 0.3999514 0.4068774 0.4097978 0.4145326 0.4181123 0.4201977 0.4244369 0.4260783 0.4320797 0.4302219 0.4339115 0.4336445 0.4398575 0.4421131 0.4485569 0.4518061 0.453133 0.4544038 0.4572301 0.4614415 0.4653404 0.4734751 0.4863023 0.4957602 0.5157691 0.5325835 0.5360016 0.5181277 0.5088618 0.5238839 0.514828 0.5130882 0.5159487 0.5198449 0.5168849 0.5188626 0.5219584 0.5298208 0.5332846 0.5379495 0.5400814 0.5442675 0.5461372 0.5519208 0.5534718 0.5583413 0.5652567 0.5652213 0.5694389 0.5744276 0.5765353 0.5806864 0.5844181 0.5884086 0.5971584 0.5996274 0.6073639 0.6259717 0.6183418 0.6142793 0.6159067 0.6196294 0.6235248 0.6267402 0.6296145
0.3948261 0.3971487 0.401883 0.4037667 0.4055172 0.4134454 0.4160032 0.4181687 0.4202814 0.424293 0.4279972 0.4297816 0.4327857 0.4354821 0.439058 0.4385922 0.4407026 0.4489526 0.4528202 0.4554445 0.4580975 0.457979 0.4611975 0.4634252 0.4696674 0.4775201 0.4866662 0.4930367 0.5076618 0.5211257 0.5259547 0.5182425 0.506483 0.5193509 0.5128075 0.5112897 0.51276 0.5280789 0.5202502 0.5228744 0.5254293 0.5324115 0.5353348 0.5382716 0.541815 0.5480981 0.5489193 0.5533153 0.5564486 0.5601008 0.5662227 0.5662227 0.5670924 0.5703473 0.5743738 0.5791709 0.5843135 0.5892066 0.592406 0.6100453 0.613422 0.6195192 0.6336008 0.6242474 0.6199053 0.618622 0.6226632 0.6251758 0.6292166
0.4010615 0.4025243 0.4040181 0.4058816 0.4090527 0.4185741 0.4222968 0.4231657 0.4254236 0.4258461 0.4291849 0.4345064 0.4345064 0.4372286 0.4408304 0.4452264 0.443883 0.4446063 0.4489232 0.4550513 0.4584932 0.4603515 0.4606256 0.4653397 0.469911 0.477572 0.479448 0.4875434 0.4992269 0.5005825 0.5023856 0.5171086 0.5111498 0.5088608 0.5094774 0.5139323 0.5124667 0.5168745 0.5319065 0.5309185 0.5261288 0.5278883 0.5356874 0.5423128 0.5405517 0.5456398 0.54854 0.5523857 0.5556484 0.5585824 0.5643264 0.5666007 0.5692237 0.5744882 0.5803545 0.5876709 0.5924463 0.5921322 0.6046454 0.6067183 0.6053982 0.6236973 0.6428482 0.6323654 0.6268943 0.6210893 0.6255305 0.6274246 0.6299978
0.4038689 0.4046941 0.411037 0.409211 0.4140219 0.4196106 0.4252315 0.4264704 0.4279094 0.4293791 0.4317279 0.4367378 0.4395721 0.4393821 0.4435501 0.4473239 0.4484972 0.4513124 0.4527144 0.4583031 0.4604416 0.4634569 0.4645482 0.4698245 0.4744488 0.478516 0.4871481 0.4935989 0.4928619 0.4935062 0.501386 0.5097126 0.5140731 0.5126849 0.5102993 0.5129397 0.5155147 0.5198901 0.5238593 0.5303911 0.5271817 0.5307763 0.5373561 0.5453928 0.5432611 0.5501891 0.5567076 0.5589956 0.5605314 0.5619931 0.5655016 0.5685103 0.572633 0.5781236 0.5916041 0.5885329 0.5885251 0.6032987 0.5982072 0.6012723 0.6137673 0.630257 0.6379183 0.6237587 0.6205552 0.6243236 0.6263624 0.6287417 0.632225
0.405672 0.4136355 0.4150618 0.4170292 0.4180928 0.4219007 0.4321432 0.4322559 0.4324832 0.4348617 0.4403249 0.4414056 0.4406497 0.4417055 0.4469488 0.4474699 0.4503964 0.4533521 0.4563366 0.4613862 0.4634094 0.4669027 0.4678781 0.4727837 0.4766975 0.4816665 0.4847514 0.4876915 0.4911647 0.4949162 0.498691 0.501385 0.5107194 0.5162567 0.5167237 0.5153438 0.5204321 0.5220601 0.5329552 0.52817 0.5307836 0.5356195 0.5407253 0.5438944 0.5485198 0.5604261 0.5672535 0.5619597 0.5634655 0.564728 0.5690555 0.571611 0.5824142 0.5826963 0.5832412 0.588209 0.5902117 0.5964663 0.5978013 0.6061893 0.6166198 0.6177135 0.6183859 0.6182119 0.6205875 0.6251819 0.6274508 0.6309096 0.6346234
0.4121847 0.4174315 0.4169067 0.4168314 0.4183837 0.4233529 0.4304951 0.4337967 0.4391762 0.4387301 0.4421318 0.4440353 0.444865 0.4497122 0.4510247 0.4512632 0.4541611 0.4613302 0.4630127 0.4649776 0.4668856 0.4683968 0.4712928 0.4755732 0.4783524 0.487107 0.4871057 0.4927292 0.4949826 0.4968354 0.5008325 0.503749 0.5098268 0.5143987 0.5179729 0.5256401 0.5324783 0.532038 0.5373859 0.5335873 0.5361695 0.5401254 0.5450303 0.5496107 0.5564964 0.5582761 0.561849 0.5634829 0.5656378 0.5682284 0.5703205 0.5755637 0.5831112 0.5845537 0.5865989 0.5889913 0.593174 0.5967688 0.6015583 0.6032961 0.6116621 0.6139183 0.6160933 0.6202243 0.6215558 0.6265507 0.6297289 0.6333329 0.636768
0.4135665 0.4153478 0.4165705 0.4184944 0.420699 0.4269051 0.4304909 0.4344416 0.4362333 0.4396523 0.4423429 0.4460721 0.4504346 0.4546608 0.4546733 0.4550536 0.4592805 0.4648934 0.4658676 0.4665302 0.4696808 0.4735375 0.4762331 0.4794642 0.4830607 0.4888963 0.4980275 0.4989525 0.4976105 0.4999406 0.5028877 0.5067904 0.5118182 0.5186492 0.5226158 0.5236327 0.5310331 0.5322581 0.545805 0.5369685 0.5411316 0.5453108 0.5481482 0.5534615 0.5587044 0.5585021 0.562554 0.5648369 0.5665378 0.5695232 0.5729437 0.57663 0.5811768 0.5847987 0.5898725 0.5912181 0.5967318 0.5986858 0.6037031 0.6065179 0.6151971 0.61454 0.6170285 0.6208794 0.6232044 0.6283441 0.6317522 0.6354167 0.6389973
0.4171326 0.4192346 0.4196807 0.4225099 0.4243569 0.4309568 0.4335105 0.4361761 0.4387852 0.4423481 0.4448453 0.4505682 0.4553202 0.4562104 0.4583167 0.4596072 0.46219 0.4656522 0.4671063 0.4693514 0.4734057 0.4777412 0.4786245 0.4814852 0.4859843 0.4929723 0.4991873 0.4994871 0.5012532 0.5046549 0.5074856 0.5104233 0.519662 0.5206912 0.5249657 0.5266299 0.5295015 0.5303556 0.5381011 0.5364457 0.5410019 0.5449805 0.5502477 0.5539181 0.5564153 0.5599151 0.5628339 0.5659355 0.5689645 0.5719205 0.5753969 0.5789698 0.582554 0.5860624 0.5897496 0.5931901 0.5980819 0.6010276 0.6043194 0.6088058 0.6151658 0.6177942 0.6203417 0.6226383 0.6256173 0.6306463 0.6341146 0.6375846 0.6411416
0.4193504 0.4229482 0.4249736 0.4259313 0.4283464 0.4348334 0.4372805 0.4401754 0.4434339 0.4457103 0.4481825 0.4527017 0.4565756 0.4605615 0.4612936 0.462979 0.4658701 0.4673584 0.4698837 0.4735301 0.4769554 0.4804125 0.483132 0.4851139 0.4882245 0.5009458 0.5103543 0.5074835 0.5082852 0.5124192 0.5110608 0.5144762 0.5161316 0.5223055 0.5230696 0.5265691 0.5294093 0.5325232 0.5354011 0.5388907 0.5429067 0.5499939 0.5514122 0.5530157 0.5564157 0.5625985 0.5661663 0.5688141 0.5721532 0.5755042 0.5788668 0.5822423 0.5848638 0.5882592 0.5917485 0.5952462 0.5988366 0.6023494 0.6062087 0.6098192 0.6133505 0.6172264 0.619833 0.6233775 0.6269256 0.6328619 0.6364751 0.6400055 0.643539
0.4234968 0.4258978 0.4289132 0.4330481 0.4330861 0.4388695 0.4413784 0.4440818 0.4478216 0.4498212 0.4521001 0.4549952 0.4580858 0.4629705 0.4641804 0.4669321 0.4682806 0.4710026 0.4738355 0.4772844 0.4800026 0.4826632 0.4904334 0.4997672 0.4930892 0.5056028 0.5083623 0.5070729 0.509286 0.5172076 0.5147998 0.5168265 0.5196388 0.5219632 0.5257507 0.5288796 0.5321132 0.53579 0.5387218 0.5415866 0.5449778 0.5490648 0.5523193 0.555844 0.5583655 0.5654481 0.5682227 0.5709258 0.574066 0.5773033 0.5808067 0.5844084 0.5879356 0.5917275 0.5951888 0.5978097 0.6012878 0.6047733 0.608266 -9999 0.6160339 0.6195441 -9999 0.6258135 0.6293361 0.6351601 0.6386636 0.6421694 0.6456793
0.4285601 0.4300166 0.4325917 0.4387258 0.4375648 0.4427271 0.4449611 0.447894 0.4516943 0.4539219 0.4562602 0.4595506 0.4616896 0.4648652 0.4687405 0.4720539 0.4714391 0.4744694 0.4777786 0.4817033 0.4873417 0.494473 0.5001875 0.5014302 0.5020193 0.5047358 0.5067013 0.507762 0.5196979 0.5230914 0.5170042 0.5201033 0.5233089 0.5251781 0.5285955 0.5318633 0.5357448 0.538797 0.5414435 0.5443625 0.5476384 0.5510161 0.5556831 0.5584139 0.5609055 0.5674446 0.5705293 0.5736274 0.5769083 0.5802016 0.5835072 0.5869956 0.5905794 0.5940035 0.5974371 0.6008795 0.6043304 0.607619 0.6109998 0.6143873 0.6176959 0.6219441 0.6249236 -9999 0.6316595 0.6374551 0.6409337 0.644415 0.6479011
0.4320985 0.4341252 0.4365124 0.4410273 0.4419488 0.4469091 0.4491208 0.4514417 0.4542928 0.4573377 0.4603244 0.4630005 0.4653662 0.4684313 0.4743834 0.472705 0.4755966 0.4797767 0.4830576 0.4853549 0.4932418 0.4989862 0.49958 0.5019809 0.5055947 0.5049906 0.5084442 0.5115853 0.5179665 0.5183598 0.5201385 0.5228665 0.5267164 0.52864 0.5316873 0.5345004 0.5388604 0.5410336 0.5447527 0.5476414 0.5508024 0.5540651 0.5576838 0.5607243 0.5638649 0.5707081 0.5733393 0.5764085 0.5797455 0.5830101 0.5863727 0.589663 0.5929641 0.5965302 0.6001059 0.6034362 0.6066899 0.6102064 0.6136453 -9999 0.6200338 0.6243408 0.6273794 -9999 0.6339794 0.639746 0.6432847 0.6467414 0.6501192
0.4362979 0.4382216 0.440589 0.4423069 0.4455634 0.4511614 0.4534349 0.455733 0.4578034 0.4604877 0.4632814 0.4664372 0.4686929 0.4713953 0.4757223 0.4775507 0.4796576 0.4847355 0.4878198 0.4900044 0.4945707 0.504167 0.5033738 0.5007647 0.5018978 0.5091154 0.5168396 0.5176696 0.5173542 0.5209326 0.5230188 0.526558 0.5291933 0.53185 0.5346958 0.5377305 0.5411215 0.5450442 0.5483091 0.550998 0.5540441 0.5571074 0.560272 0.5637072 0.5669032 0.5733708 0.5765671 0.579353 0.5825765 0.5858975 0.5893176 0.5920703 0.5953434 0.5987969 0.6026848 0.6060727 0.609554 0.6128738 0.6162862 0.6196207 -9999 0.6265635 0.6294065 -9999 0.6362954 0.6421171 0.6455463 0.6490638 0.6525875
0.4407358 0.4426406 0.4447359 0.446686 0.4488277 0.4551457 0.457313 0.4597565 0.4618876 0.4642115 0.4668123 0.4696066 0.4726783 0.4751863 0.4779723 0.480363 0.4829474 0.4886709 0.490381 0.4964078 0.4966541 0.4970942 0.4993261 0.502172 0.5051265 0.5149941 0.5285512 0.5181883 0.5199466 0.5244206 0.525804 0.5288081 0.5319182 0.5350498 0.5380337 0.5411224 0.5443153 0.5472749 0.5506743 0.5537558 0.5567707 0.5600567 0.563192 0.5664281 0.5698495 0.5757716 0.5790235 0.5823748 0.5848073 0.589033 0.592765 0.5965089 0.5997543 0.6023312 0.6053426 0.6088732 0.6122427 0.6155358 0.6188368 0.6222298 -9999 0.6286961 0.6325324 -9999 0.6386915 0.6443129 0.6477174 0.6511261 0.6545429
0.445158 0.447128 0.4492038 0.4509653 0.4528337 0.4591129 0.4612581 0.4635947 0.4657867 0.468255 0.4706632 0.4731801 0.4763108 0.4798027 0.4821417 0.4840851 0.4862219 0.4920861 0.4943576 0.4963176 0.4977135 0.5004809 0.5027682 0.5057535 0.5085947 0.5305102 0.5236347 0.5211334 0.5239562 0.5268862 0.5291653 0.5321399 0.5349679 0.5379013 0.5409399 0.5437463 0.5470777 0.550765 0.5543873 0.5572707 0.5601722 0.5630911 0.5662792 0.5694838 0.5727042 0.5785134 0.5817353 0.5849714 0.5887262 0.5944536 0.5960349 0.5998361 0.6033089 0.6053488 0.6084181 0.6114969 0.614755 0.6181064 0.6214659 0.6248329 0.6281219 -9999 0.6347186 -9999 0.6409122 -9999 0.649973 0.6533596 0.6567531
