02_Processed_Data/Guangdong-driving/GDP/txt/gd-gdp-2-00.txt
ncols         755
nrows         605
xllcorner     491130
yllcorner     2101946
cellsize      1000
NODATA_value  -9999
[rows 120 to 149 of 605, columns 680 to 747 of 755]
0.003539314 0.001983023 0.00154623 0.001543684 0.001655833 0.001528772 0.001520043 0.00163874 0.001631829 0.002351277 0.001619828 0.001608189 0.001600916 0.001599097 0.001588914 0.001457125 0.00144876 0.001989338 0.001938166 0.003141852 0.001919981 0.002152645 0.001761204 0.001750657 0.001736837 0.001365475 0.01441879 0.01675783 0.02341617 0.02109365 0.02374331 0.01654464 0.01647827 0.01640385 0.01678328 0.02075376 0.02112112 0.01797136 0.01656004 0.0232023 0.01534322 0.01358616 -9999 -9999 -9999 -9999 -9999 -9999 -9999 -9999 -9999 -9999 -9999 -9999 -9999 -9999 -9999 -9999 -9999 -9999 -9999 -9999 -9999 -9999 -9999 -9999 -9999 -9999
0.003525661 0.002090535 0.001757933 0.001530227 0.001528772 0.001518589 0.001509133 0.001503678 0.001618373 0.002826787 0.002334911 0.001603462 0.001593278 0.001896465 0.001457125 0.001450215 0.001438941 0.001737036 0.001730126 0.003132032 0.00215119 0.001904342 0.002061482 0.001805179 0.001488171 0.002689675 0.02175967 0.01603306 0.01598077 0.01702262 0.02367896 0.01692407 0.02314668 0.0163757 0.01674105 0.0258425 0.02107687 0.02058482 0.0158393 0.01578299 0.0135942 0.01420232 -9999 -9999 -9999 -9999 -9999 -9999 -9999 -9999 -9999 -9999 -9999 -9999 -9999 -9999 -9999 -9999 -9999 -9999 -9999 -9999 -9999 -9999 -9999 -9999 -9999 -9999
0.003601985 0.001949962 0.001748961 0.00174272 0.001519316 0.001509497 0.001498586 0.001493131 0.001488039 0.001481129 0.001477128 0.001590005 0.00189101 0.001886282 0.001955259 0.001558727 0.001428757 0.001418574 0.001413118 0.003045961 0.003037232 0.001896705 0.002046934 0.001490353 0.001363656 0.001472533 0.02170939 0.02165308 0.01592848 0.02326131 0.01693614 0.01821069 0.02352007 0.01809806 0.01670284 0.01704204 0.02101855 0.02054258 0.01534724 0.01425461 0.01420835 0.01414802 -9999 -9999 -9999 -9999 -9999 -9999 -9999 -9999 -9999 -9999 -9999 -9999 -9999 -9999 -9999 -9999 -9999 -9999 -9999 -9999 -9999 -9999 -9999 -9999 -9999 -9999
0.002030577 0.00358248 0.00219639 0.001861058 0.001858327 0.001719314 0.001492039 0.001481856 0.001478219 0.001468036 0.001463671 0.001766859 0.003170584 0.002679071 0.002188287 0.001936711 0.001848458 0.0014113 0.001403662 0.001706122 0.001820817 0.002125368 0.001732472 0.00148017 0.0013542 0.01434237 0.01430013 0.01490825 0.01656877 0.02322511 0.01644005 0.0168034 0.02386732 0.021581 0.01748583 0.01741142 0.01692741 0.01645144 0.01597346 0.01354594 0.01416813 0.01410578 0.01405148 -9999 -9999 -9999 -9999 -9999 -9999 -9999 -9999 -9999 -9999 -9999 -9999 -9999 -9999 -9999 -9999 -9999 -9999 -9999 -9999 -9999 -9999 -9999 -9999 -9999
0.002277395 0.002268423 0.002183517 0.001855207 0.001847405 0.001836093 0.00170059 0.001692788 0.001469491 0.001460035 0.001453852 0.001565274 0.003160764 0.00266816 0.00217192 0.001804559 0.001531814 0.001402935 0.001395297 0.001382205 0.001379295 0.001490353 0.001482716 0.001352746 0.01434438 0.01429008 0.01424784 0.01553446 0.0141493 0.01408293 0.01639983 0.01675714 0.02156491 0.02234791 0.0227193 0.02265092 0.02173518 0.0163911 0.01590105 0.014146 0.01411785 0.01406757 0.01399919 0.01392678 -9999 -9999 -9999 -9999 -9999 -9999 -9999 -9999 -9999 -9999 -9999 -9999 -9999 -9999 -9999 -9999 -9999 -9999 -9999 -9999 -9999 -9999 -9999 -9999
0.002271934 0.002183517 0.002176886 0.001709952 0.001700981 0.00169747 0.001685767 0.001681086 0.001675625 0.001452398 0.001441487 0.001557636 0.003070328 0.001926891 0.001918526 0.001715942 0.001403662 0.001392752 0.001383296 0.001373112 0.001369476 0.001360383 0.001352382 0.01435041 0.01428807 0.01423175 0.01418147 0.01414326 0.01408293 0.01468903 0.01634553 0.01670284 0.01751198 0.02232378 0.02268712 0.02260265 0.01850145 0.01742088 0.01626641 0.01409572 0.01404142 0.01400522 0.02065754 0.01388254 0.01515106 -9999 -9999 -9999 -9999 -9999 -9999 -9999 -9999 -9999 -9999 -9999 -9999 -9999 -9999 -9999 -9999 -9999 -9999 -9999 -9999 -9999 -9999 -9999
0.002177275 0.002171815 0.001835702 0.001828681 0.001689668 0.001685767 0.001677965 0.001798644 0.001793963 0.00165612 0.00165144 0.001545999 0.003056872 0.001917799 0.001711577 0.001705395 0.001389115 0.001381477 0.001373476 0.01444695 0.01442282 0.001350927 0.01433835 0.0142941 0.01425187 0.01419555 0.01413522 0.01408091 0.01469506 0.01397231 0.01457841 0.01622285 0.02105878 0.02100246 0.02645254 0.02212065 0.02207237 0.02073497 0.01622015 0.01575021 0.01399919 0.01563759 0.01559334 0.0138222 -9999 -9999 -9999 -9999 -9999 -9999 -9999 -9999 -9999 -9999 -9999 -9999 -9999 -9999 -9999 -9999 -9999 -9999 -9999 -9999 -9999 -9999 -9999 -9999
0.001831801 0.001830241 0.00182595 0.001691228 0.001809176 0.001672894 0.001794353 0.001659631 0.00165378 0.001646368 0.001636226 0.001624914 0.002077414 0.001826636 0.001820817 0.00222944 0.001378568 0.001371294 0.001362929 0.0013542 0.01437656 0.01432025 0.01429611 0.01423175 0.01420159 0.02150224 0.02144995 0.0140065 0.01396024 0.01523882 0.01553629 0.01615446 0.02054861 0.02093207 0.0212753 0.0216487 0.02158836 0.01624026 0.02021878 0.01569189 0.01565368 0.02229191 0.01551892 0.01378198 0.02041418 -9999 -9999 -9999 -9999 -9999 -9999 -9999 -9999 -9999 -9999 -9999 -9999 -9999 -9999 -9999 -9999 -9999 -9999 -9999 -9999 -9999 -9999 -9999
0.001823609 0.001815418 0.001811907 0.002395618 0.002060285 0.002121103 0.002117203 0.001649879 0.001767437 0.001635836 0.001628815 0.001618672 0.001740131 0.001729989 0.001504901 0.00137384 0.001364748 0.001363293 0.001353837 0.001342926 0.01432829 0.01426997 0.01422773 0.01417142 0.01412516 0.01408091 0.01400248 0.01394415 0.01389991 0.01554836 0.01615648 0.01607402 0.02048627 0.01684093 0.02122502 0.020739 0.01667802 0.01619199 0.015712 0.01566172 0.01559133 0.01551892 0.01510279 0.0204001 0.0203458 -9999 -9999 -9999 -9999 -9999 -9999 -9999 -9999 -9999 -9999 -9999 -9999 -9999 -9999 -9999 -9999 -9999 -9999 -9999 -9999 -9999 -9999 -9999
0.002140608 0.002135927 0.002132026 0.002205619 0.002201719 0.002453218 0.002186115 0.002179484 0.002219157 0.002345686 0.001947764 0.00173701 0.001725698 0.001976807 0.001369839 0.001363293 0.001353837 0.001472896 0.001343653 0.001336743 0.01427399 0.01421566 0.01417142 0.01409901 0.0140608 0.01469506 0.01395421 0.01389387 0.01621681 0.01616653 0.01610619 0.01646551 0.01571461 0.02549859 0.02075709 0.01600152 0.01618998 0.01572005 0.01566574 0.01558127 0.01552496 0.01375985 0.01368544 0.02035787 0.01358488 0.0135346 0.02017485 0.0218233 -9999 -9999 -9999 -9999 -9999 -9999 -9999 -9999 -9999 -9999 -9999 -9999 -9999 -9999 -9999 -9999 -9999 -9999 -9999 -9999
0.002216932 0.003508364 0.003501342 0.003494321 0.00349315 0.002442685 0.002174022 0.002086386 0.002942562 0.002075073 0.002068832 0.001597998 0.00301947 0.002489557 0.002999186 0.002687129 0.001346563 0.001339289 0.001332015 0.001325832 0.01420159 0.01415131 0.01542787 0.01472322 0.01399242 0.01394415 0.01625905 0.01449998 0.01616452 0.01611223 0.01647155 0.02086168 0.02121899 0.01647347 0.02067061 0.01593314 0.01546522 0.02237035 0.01559736 0.01383226 0.01376991 0.02039608 0.01297274 0.01358488 0.01355471 0.0175091 0.02012055 0.01336365 -9999 -9999 -9999 -9999 -9999 -9999 -9999 -9999 -9999 -9999 -9999 -9999 -9999 -9999 -9999 -9999 -9999 -9999 -9999 -9999
0.002120323 0.002113302 0.002191576 0.002185335 0.002175583 0.002171682 0.00216232 0.001946593 0.002069612 0.001604239 0.001596827 0.001717506 0.001709704 0.001698392 0.002991384 0.001682398 0.001542216 0.001537925 0.001321104 0.01418349 0.01413522 0.01408293 0.01404471 0.01400248 0.01460657 0.01387979 0.01382549 0.01548199 0.02011689 0.02005253 0.02555088 0.02121698 0.02202612 0.02197383 0.02148378 0.01590298 0.02279604 0.02231605 0.01383025 0.01377192 0.01436595 0.01364924 0.01357885 0.01553995 0.01348834 0.02014669 0.01739446 0.02001999 -9999 -9999 -9999 -9999 -9999 -9999 -9999 -9999 -9999 -9999 -9999 -9999 -9999 -9999 -9999 -9999 -9999 -9999 -9999 -9999
0.00165261 0.001772898 0.002097698 0.002173632 0.002086776 0.001946203 0.001941132 0.001601899 0.001596047 0.001722967 0.001715946 0.001576543 0.001572642 0.001559379 0.001550407 0.001539485 0.001533243 0.001525442 0.001513349 0.001507498 0.001500866 0.01402862 0.0139703 0.01393812 0.01385365 0.01381342 0.01444165 0.01540959 0.01603178 0.01640116 0.01676048 0.02199394 0.02324687 0.02786368 0.02697006 0.01625626 0.01534857 0.01486254 0.01375985 0.02040211 0.01365125 0.02030356 0.02022312 0.01278771 0.01341594 0.02008435 0.02002803 0.0199697 -9999 -9999 -9999 -9999 -9999 -9999 -9999 -9999 -9999 -9999 -9999 -9999 -9999 -9999 -9999 -9999 -9999 -9999 -9999 -9999
0.001638177 0.001632325 0.001627254 0.001749883 0.002077414 0.001936061 0.001596437 0.001588246 0.001585905 0.001708144 0.001574592 0.001570692 0.00155977 0.001550797 0.001541825 0.001530123 0.001522321 0.001512179 0.03387968 0.03831879 0.03517102 0.03507988 0.01391398 0.01386572 0.01381543 0.01441349 0.01435718 0.02004248 0.0159634 0.02304141 0.01671623 0.0246436 0.01957136 0.02311011 0.01836057 0.01790874 0.01614363 0.01524398 0.01541836 0.01364522 0.01529367 0.01456689 0.01449449 0.01272536 0.02005619 0.02000792 0.01996568 0.01990535 -9999 -9999 -9999 -9999 -9999 -9999 -9999 -9999 -9999 -9999 -9999 -9999 -9999 -9999 -9999 -9999 -9999 -9999 -9999 -9999
0.001758855 0.001620233 0.001614772 0.00160736 0.001599948 0.001592927 0.001589416 0.001579664 0.001575373 0.001570692 0.001566011 0.00155977 0.001548847 0.001539485 0.001529343 0.03407564 0.03395715 0.0338341 0.03375663 0.03514367 0.03348776 0.03339661 0.01383957 0.0137913 0.01441148 0.01435517 0.0143069 0.0142526 0.01420433 0.02083855 0.02248298 0.02018258 0.02694593 0.02219437 0.01745891 0.01723777 0.0230367 0.01475394 0.01466344 0.02199023 0.02193995 0.01449449 0.0144241 0.02176699 0.02171269 0.01992546 0.0215719 0.01983496 0.01977261 -9999 -9999 -9999 -9999 -9999 -9999 -9999 -9999 -9999 -9999 -9999 -9999 -9999 -9999 -9999 -9999 -9999 -9999 -9999
0.001748713 0.001612041 0.001603069 0.001593707 0.001585905 0.001580834 0.001577323 0.001570302 0.00156367 0.00168864 0.002463811 0.001808148 0.001536754 0.001530903 0.00151881 0.03394803 0.03381132 0.03372473 0.05029009 0.03498873 0.03339206 0.03325079 0.03316876 0.01373297 0.01435115 0.01429081 0.01423651 0.01419025 0.0141279 0.01406153 0.02272322 0.01967242 0.01730414 0.01811731 0.01653111 0.02076244 0.01491273 0.0146936 0.01461516 0.02021909 0.01411657 0.01272335 0.01265497 0.01998378 0.0199516 0.01987317 0.02152967 0.02147738 0.01704652 -9999 -9999 -9999 -9999 -9999 -9999 -9999 -9999 -9999 -9999 -9999 -9999 -9999 -9999 -9999 -9999 -9999 -9999 -9999
0.00160775 0.001600338 0.001590586 0.001581614 0.001575763 0.00156484 0.00156094 0.001557429 0.001551578 0.001675376 0.001672256 0.001533243 0.001656262 0.001647681 0.03392981 0.05052251 0.03368828 0.03354245 0.03340118 0.03332371 0.03320521 0.03309129 0.03449656 0.01434109 0.01360024 0.01825123 0.01417617 0.0141098 0.01405751 0.01971867 0.01564563 0.01962817 0.01638841 0.01675979 0.02115595 0.01982257 0.01509113 0.02199023 0.02022714 0.02016479 0.01203479 0.02005015 0.01997775 0.01991943 0.01986713 0.01981082 0.01307202 0.02141905 0.02134866 -9999 -9999 -9999 -9999 -9999 -9999 -9999 -9999 -9999 -9999 -9999 -9999 -9999 -9999 -9999 -9999 -9999 -9999 -9999
0.001727258 0.001979537 0.001970566 0.001962763 0.0015625 0.001554308 0.001549237 0.001673816 0.00297032 0.001663674 0.001653532 0.001651581 0.001510618 0.03538065 0.0337703 0.03366549 0.03355156 0.03338294 0.04998476 0.04985716 0.03456036 0.03292723 0.0343325 0.03419578 0.02090492 0.01414802 0.01810441 0.01404947 0.01400321 0.0156396 0.02429324 0.01955577 0.0159064 0.02255671 0.01578774 0.02244006 0.02195001 0.01216552 0.0201668 0.01206094 0.02001798 0.01998781 0.01992948 0.01987317 0.0198068 0.01975652 0.01469835 0.01465813 0.01459578 -9999 -9999 -9999 -9999 -9999 -9999 -9999 -9999 -9999 -9999 -9999 -9999 -9999 -9999 -9999 -9999 -9999 -9999 -9999
0.001711655 0.003005427 0.001958863 0.00169098 0.001810878 0.001546116 0.001665235 0.002962518 0.002954326 0.001648071 0.001509839 0.001503207 0.03380221 0.0337065 0.03360625 0.0334513 0.03720477 0.03327357 0.0498207 0.03303204 0.04962018 0.03814065 0.03418211 0.03403628 0.04910522 0.01339308 0.01603671 0.01398712 0.0206334 0.02260054 0.02051474 0.01376186 0.02211493 0.0153701 0.0152997 0.01522529 0.01384817 0.01210317 0.02009239 0.01199457 0.01998378 0.01993149 0.01987116 0.01980881 0.0197525 0.02139894 0.02133659 -9999 -9999 -9999 -9999 -9999 -9999 -9999 -9999 -9999 -9999 -9999 -9999 -9999 -9999 -9999 -9999 -9999 -9999 -9999 -9999 -9999
0.001699562 0.00169059 0.001683569 0.001677717 0.001798006 0.001663284 0.001654702 0.00164651 0.001634418 0.001631687 0.001623886 0.03367005 0.03363815 0.03357435 0.03348776 0.03332371 0.03323256 0.03312319 0.03296824 0.05346024 0.03809508 0.03801305 0.03786266 0.05294072 0.0489685 0.0337036 0.01597839 0.01392477 0.01388455 0.01381013 0.01375382 0.01370354 0.02034781 0.01528563 0.01523535 0.02188565 0.01378582 0.01441002 0.01478744 0.01472509 0.02162621 0.01986915 0.0198068 0.01976255 0.0170244 0.0213205 0.01219441 -9999 -9999 -9999 -9999 -9999 -9999 -9999 -9999 -9999 -9999 -9999 -9999 -9999 -9999 -9999 -9999 -9999 -9999 -9999 -9999 -9999
0.001685909 0.001676937 0.001669525 0.001792544 0.001656262 0.001648071 0.002942624 0.001628957 0.001620765 0.001612963 0.03512545 0.03356979 0.03349232 0.03342396 0.03331459 0.03320066 0.0331004 0.04971132 0.03669893 0.03757235 0.03896851 0.03885457 0.03778519 0.03764847 0.03365804 0.03356234 0.01390064 0.01385438 0.01377796 0.01372968 0.01300894 0.01363918 0.01357281 0.01352454 0.015173 0.02182733 0.01372749 0.01409486 0.01405464 0.02202374 0.02195737 0.01978266 0.01973842 0.01968613 0.01694596 0.01686953 0.01214011 -9999 -9999 -9999 -9999 -9999 -9999 -9999 -9999 -9999 -9999 -9999 -9999 -9999 -9999 -9999 -9999 -9999 -9999 -9999 -9999 -9999
0.001670696 0.002963688 0.001656262 0.001780061 0.001642219 0.001635978 0.00292546 0.001619985 0.001611013 0.00147278 0.001466148 0.05014426 0.03334649 0.03476087 0.04373023 0.0436801 0.0329728 0.03289077 0.03657588 0.03743108 0.03979636 0.03972344 0.0386176 0.03754366 0.03352588 0.03186085 0.01314168 0.01311151 0.01304716 0.01301095 0.01360901 0.01358287 0.01351047 0.02015071 0.01340387 0.0120187 0.01434365 0.01471101 0.01398827 0.0145823 0.014528 0.01405203 0.02137079 0.01692987 0.01955942 0.01949506 0.01945685 0.01268386 0.01663221 -9999 -9999 -9999 -9999 -9999 -9999 -9999 -9999 -9999 -9999 -9999 -9999 -9999 -9999 -9999 -9999 -9999 -9999 -9999
0.001657043 0.001648071 0.001640659 0.001630907 0.001496575 0.001491504 0.001482923 0.001479022 0.00159892 0.001462248 0.001454056 0.03323711 0.03321433 0.03306394 0.0345239 0.03137613 0.03279507 0.03274038 0.03800849 0.03883179 0.05486986 0.03955483 0.03849456 0.03736137 0.03337549 0.0332251 0.03157374 0.01304514 0.01298883 0.01293654 0.01289028 0.01351248 0.02186353 0.02010445 0.01333147 0.01431751 0.02165034 0.01464666 0.01457224 0.02188496 0.01448576 0.02336809 0.02128229 0.01685746 0.01948501 0.01943473 0.01268788 0.01932009 0.01926981 0.01919137 -9999 -9999 -9999 -9999 -9999 -9999 -9999 -9999 -9999 -9999 -9999 -9999 -9999 -9999 -9999 -9999 -9999 -9999
0.001514129 0.001635588 0.001628177 0.001622325 0.001484873 0.00147278 0.001465369 0.001458347 0.001456787 0.001448985 0.001442353 0.03304116 0.03296369 0.03445554 0.03281786 0.03272215 0.03265379 0.03487439 0.03882268 0.03966876 0.05567493 0.04036902 0.05446427 0.038171 0.05227993 0.04832594 0.0329699 0.03133221 0.01359695 0.01355471 0.01348633 0.02015474 0.02180922 0.01506439 0.01431952 0.02163224 0.01421292 0.01458029 0.01452397 0.02384808 0.01910055 0.01862257 0.0185562 0.01680518 0.01943272 0.01937439 0.01929796 0.01923964 0.01382366 -9999 -9999 -9999 -9999 -9999 -9999 -9999 -9999 -9999 -9999 -9999 -9999 -9999 -9999 -9999 -9999 -9999 -9999 -9999
0.001960778 0.001625836 0.001616474 0.001477071 0.001470439 0.001462248 0.001450935 0.001443914 0.001571224 0.0330366 0.03296369 0.032909 0.0328133 0.03273582 0.03268114 0.03646195 0.0363708 0.03568402 0.03863583 0.04765076 0.0485014 0.03928595 0.03817555 0.05323538 0.03693755 0.03147804 0.03130943 0.03120461 0.03105878 0.03249595 0.0127676 0.01270726 0.01437985 0.0132832 0.01893833 0.01250615 0.0124438 0.01451593 0.01444755 0.01908848 0.02374149 0.01856424 0.02117369 0.01205161 0.0119772 0.01192893 0.01923763 0.01918534 -9999 -9999 -9999 -9999 0.01604877 -9999 -9999 -9999 -9999 -9999 -9999 -9999 -9999 -9999 -9999 -9999 -9999 -9999 -9999 -9999
0.00189965 0.001809283 0.00160126 0.001595409 0.001457957 0.001447815 0.002872798 0.04974778 0.03295913 0.03289077 0.03280874 0.03271304 0.03265835 0.03258544 0.03249885 0.03241682 0.03616573 0.05372755 0.03845355 0.03686143 0.03673838 0.03662446 0.03552773 0.03156463 0.03145526 0.03131854 0.03119094 0.03107701 0.03093118 0.03085371 0.0322362 0.01264894 0.01328521 0.01321683 0.01249207 0.01243575 0.01476674 0.01402186 0.0217663 0.01543308 0.01939752 0.01935126 0.01886122 0.01838525 0.01660405 0.01922757 0.0118163 0.01913103 0.01907271 0.01902444 0.01225749 0.01388382 0.01597755 -9999 -9999 -9999 -9999 -9999 -9999 -9999 -9999 -9999 -9999 -9999 -9999 -9999 -9999 -9999
0.00279745 0.00160087 0.001587997 0.001579026 0.001577075 0.001568103 0.03451023 0.0343963 0.03277228 0.0327176 0.03268114 0.04927839 0.03248518 0.03238036 0.03231656 0.03225732 0.03597889 0.03687966 0.03682042 0.05342223 0.03661079 0.03165121 0.03153273 0.0314188 0.03130943 0.03114537 0.03100409 0.01278972 0.01273341 0.01267911 0.01263285 0.01260268 0.01254436 0.01246793 0.01242368 0.01236536 0.01405002 0.01908245 0.01903418 0.01896982 0.01932713 0.0219587 0.01881496 0.01362767 0.01253503 0.01919338 0.01912902 0.01908276 0.01901237 0.01895606 0.01888165 0.01382147 0.0182116 0.02241277 -9999 -9999 -9999 -9999 -9999 -9999 -9999 -9999 -9999 -9999 -9999 -9999 -9999 -9999
0.001665199 0.001584097 0.001446644 0.001440013 0.001561472 0.03447833 0.03436895 0.03427781 0.03266747 0.03255809 0.03251708 0.03243505 0.03230745 0.03223453 0.03217529 0.03207959 0.03584217 0.03672016 0.0366518 0.03559153 0.0315783 0.03146893 0.03135956 0.03123651 0.03116816 0.0310679 0.03089472 0.01271732 0.012659 0.0126248 0.01256044 0.01252827 0.01247396 0.01242167 0.01234726 0.01163657 0.01224067 0.01860447 0.01897183 0.0215853 0.01885317 0.02148876 0.02143647 0.01357739 0.01651355 0.01243447 0.01638886 0.01900835 0.01156691 0.01151462 0.01144222 0.01310274 0.01303838 0.01299213 0.02027468 -9999 -9999 -9999 -9999 -9999 -9999 -9999 -9999 -9999 -9999 -9999 -9999 -9999
0.002364339 0.001569274 0.001565372 0.03449656 0.03438263 0.03430972 0.04939688 0.03412743 0.03252164 0.04914623 0.03233935 0.04892749 0.0321434 0.03203402 0.03199756 0.04863127 0.03569179 0.03562343 0.03553228 0.03540012 0.03141424 0.03131398 0.03506289 0.03644082 0.03483959 0.03090839 0.03232278 0.01266905 0.01261073 0.01255844 0.01250011 0.01245788 0.01978669 0.01237944 0.01231307 0.01292721 0.0215889 0.02121793 0.01850391 0.02153703 0.01880289 0.01874658 0.01868423 0.01351705 0.01913506 0.01304661 0.01299029 0.01628025 0.0205844 0.02052608 0.01875293 0.01304039 0.0203511 0.02030284 0.02024853 0.02020967 -9999 -9999 -9999 -9999 -9999 -9999 -9999 -9999 -9999 -9999 -9999 -9999
0.001636724 0.001561472 0.03441909 0.03435073 0.03419578 0.03413198 0.03794013 0.0339816 0.03236214 0.03230745 0.0321844 0.03203402 0.03198389 0.03186996 0.03182895 0.03179249 0.03316586 0.0316102 0.03149172 0.03519505 0.03517227 0.03498086 0.03738717 0.03634968 0.04528714 0.03459806 0.03600789 0.01261073 0.01992546 0.01250615 0.01243977 0.01238547 0.01873922 0.01296141 0.0122467 0.01457969 0.02121592 0.01848782 0.02111737 0.01369605 0.01192692 0.01357336 0.01821028 0.01413522 0.0140789 0.02073525 0.01628226 0.0179267 0.01786636 0.01778993 0.01772558 0.01296799 0.0129157 0.01288151 0.01280508 -9999 -9999 -9999 -9999 -9999 -9999 -9999 -9999 -9999 -9999 -9999 -9999 -9999
