02_Processed_Data/Guangdong-driving/GDP/txt/gd-gdp-2-00.txt
ncols         755
nrows         605
xllcorner     491130
yllcorner     2101946
cellsize      1000
NODATA_value  -9999
[rows 240 to 269 of 605, columns 476 to 543 of 755]
0.01885349 0.0144503 0.0173006 0.1101285 0.1006977 0.1006126 0.09536864 0.09536864 0.09524706 0.09253997 0.01008206 0.01038217 0.01034911 0.01083517 0.01083066 0.03182818 0.0256 0.02500485 0.02497824 0.01877666 0.01932392 0.02848131 0.02900196 0.02956252 0.02066247 0.0253818 0.0186037 0.0185904 0.01856645 0.01628428 0.01625767 0.01623904 0.009918755 0.00991704 0.01620179 0.009887893 0.01100019 0.009843314 0.009833026 0.009822738 0.0004890186 0.0004868878 0.0004850615 0.0004850615 0.0004859746 0.0004850615 0.0004890186 0.009800449 0.01381008 0.009800449 0.009797019 0.01380151 0.00977816 0.01092818 0.009774731 0.009774731 0.009767871 0.01089389 0.01601411 0.01232323 0.01554233 0.01265356 0.0122958 0.01368321 0.009682142 0.01080301 0.01363863 0.00961013
0.01793391 0.0147414 0.01287938 0.1097638 0.09782043 0.101837 0.1518316 0.09497959 0.0922968 0.09217522 0.01053204 0.01034309 0.01013009 0.01612969 0.01643281 0.01107666 0.009742792 0.02014714 0.02546695 0.02900994 0.01922813 0.02895673 0.02893278 0.02889819 0.01910838 0.01910306 0.01851855 0.01626299 0.01620977 0.0161805 0.0161672 0.009872462 0.009874175 0.009850171 0.009848458 0.009824454 0.009817595 0.0160844 0.01606383 0.009791875 0.009773016 0.0004786693 0.0004774518 0.0004756256 0.0004762342 0.0004747124 0.0004774518 0.009754155 0.009750726 0.009743867 0.009747297 0.00973701 0.01372607 0.01086474 0.009713005 0.009709575 0.009709575 0.009690716 0.01081845 0.01512798 0.01263299 0.01260555 0.0107773 0.009640993 0.00961013 0.009598128 0.009570694 0.009555263
0.0188553 0.01819043 0.01253567 0.1028091 0.1259364 0.09734626 0.09476075 0.09468779 0.09457838 0.09188344 0.01049597 0.01079458 0.01140834 0.01170996 0.01734067 0.01530624 0.0178459 0.01601244 0.0201019 0.0253951 0.01826388 0.02830569 0.01941095 0.02879174 0.0252115 0.01901791 0.01615655 0.01616986 0.01612196 0.01609535 0.009807307 0.01609641 0.009821024 0.009795305 0.009785019 0.009783303 0.009764442 0.009738724 0.01600553 0.01601068 0.00971129 0.009702718 0.0004692334 0.0004658851 0.0004661896 0.0004646677 0.0004683202 0.009697573 0.009699288 0.009689 0.009680429 0.009658138 0.01365406 0.009663282 0.009666712 0.009663282 0.01021943 0.009656424 0.009622132 0.01507311 0.01219978 0.01218606 0.01359919 0.009580981 0.009556977 0.01354432 0.01066928 0.009503826
0.0145708 0.01879968 0.1077978 0.09856153 0.09984667 0.09968862 0.09443248 0.09427442 0.09020922 0.09415284 0.01027695 0.01106013 0.01136626 0.01197551 0.01560185 0.01558681 0.01460078 0.01427211 0.009946708 0.03150088 0.01817075 0.02822053 0.0281886 0.01839082 0.01838018 0.01834559 0.01609535 0.01605809 0.01601286 0.009769586 0.009766158 0.009749012 0.0137415 0.009723293 0.009714719 0.0160021 0.009704432 0.009683858 0.009652994 0.01080644 0.00965471 0.01078072 0.00962899 0.0004552317 0.0004549274 0.000457058 0.000457058 0.009639277 0.009635849 0.009616988 0.009622132 0.009604986 0.009589555 0.009596414 0.009594698 0.00958784 0.009584411 0.009586126 0.009575838 0.01216206 0.01070528 0.01068299 0.01353232 0.01066413 0.009503826 0.01349117 0.01060069 0.009447245
0.01770875 0.01482882 0.1085875 0.1033678 0.1021526 0.116341 0.1302199 0.1032067 0.1004631 0.1002929 0.01105111 0.0140261 0.01131214 0.01193042 0.01554924 0.01649318 0.01551767 0.01899827 0.01152207 0.01924664 0.02576674 0.02870393 0.02866136 0.02508643 0.01885559 0.01823382 0.01598625 0.01599157 0.009726722 0.009702718 0.009709575 0.009709575 0.01369178 0.01023486 0.01022972 0.009647851 0.009625562 0.009630705 0.00961013 0.009598128 0.009596414 0.009596414 0.009577553 0.009584411 0.009582696 0.009582696 0.009594698 0.009591269 0.009584411 0.009574123 0.009558693 0.009562122 0.009544975 0.009555263 0.009534688 0.009531259 0.009519257 0.009522686 0.009526115 0.01065727 0.01065042 0.00948668 0.0106127 0.01060755 0.01345859 0.01058698 0.009402664 0.009392377
0.1794263 0.1448303 0.1185405 0.1456479 0.1187198 0.1159276 0.1348925 0.1298187 0.1270994 0.1025137 0.0998674 0.01096994 0.01127306 0.0118748 0.01782667 0.01580726 0.01373563 0.01989862 0.01511534 0.0104808 0.02921926 0.02915805 0.01970541 0.02499329 0.02497201 0.01905438 0.01590376 0.01590642 0.009678714 0.009673569 0.009652994 0.01023315 0.01362148 0.01017314 0.01360091 0.009579266 0.009574123 0.009562122 0.009563836 0.009551834 0.009548405 0.009541546 0.009531259 0.009529545 0.009517542 0.0095244 0.009538117 0.009536403 0.009527829 0.009517542 0.01008569 0.01006683 0.009476392 0.00948668 0.009479822 0.009459246 0.0100274 0.01001882 0.01059898 0.01058869 0.01344316 0.009433527 0.01056811 0.01054925 0.01052868 0.01052697 0.009358085 0.009327224
0.2364754 0.1583531 0.1796913 0.1556496 0.1528817 0.1475769 0.1020912 0.09695667 0.1266374 0.142801 0.09957559 0.09916223 0.09088593 0.01621185 0.01714076 0.01778158 0.01902113 0.01868343 0.01571858 0.01474307 0.01009952 0.02021808 0.03117624 0.01870658 0.0186773 0.01807949 0.01581328 0.01581328 0.009637563 0.009623846 0.00961013 0.01588208 0.01356147 0.01354604 0.009538117 0.009536403 0.00952097 0.009510684 0.009503826 0.009502111 0.009483251 0.009479822 0.009462675 0.009459246 0.009459246 0.009471249 0.009469533 0.009471249 0.00946439 0.009457532 0.009436957 0.0094421 0.00942324 0.009411238 0.009416381 0.009400951 0.01339515 0.01054068 0.0105424 0.01053725 0.01053211 0.009373517 0.009938237 0.01335572 0.009903947 0.01046181 0.01043609 0.009275785
0.1993202 0.1941406 0.175969 0.1628347 0.160237 0.1711201 0.02931639 0.0270156 0.01989235 0.1421931 0.1258715 0.1256405 0.1390605 0.1416581 0.01078242 0.01203099 0.01697617 0.01695061 0.02237585 0.01069674 0.01637668 0.02545008 0.02543411 0.02483098 0.01803159 0.01800232 0.01573611 0.009589555 0.009011116 0.009580981 0.009541546 0.01352889 0.01352375 0.01348088 0.009472962 0.00949011 0.009476392 0.009459246 0.00943867 0.0157312 0.009418096 0.009426668 0.009411238 0.009411238 0.009407809 0.009407809 0.009418096 0.00940438 0.009400951 0.009957098 0.009392377 0.009392377 0.009370088 0.009354657 0.009364944 0.009349513 0.01047553 0.01047724 0.01048924 0.01333686 0.01046867 0.01333343 0.01045495 0.01042752 0.01327856 0.01325627 0.009797642 0.00922092
0.3647686 0.2065818 0.180751 0.165092 0.159775 0.1707675 0.0292339 0.027491 0.02744311 0.03306283 0.09550986 0.1251906 0.09270549 0.09259607 0.02723289 0.02680858 0.03113288 0.0372972 0.02406486 0.02178535 0.02332812 0.02271434 0.01913409 0.0247405 0.0179491 0.01565362 0.009529545 0.009512398 0.01008741 0.009515828 0.009481536 0.01346545 0.01345174 0.009994821 0.009418096 0.009424955 0.00942324 0.009397522 0.009390662 0.009371803 0.009364944 0.009371803 0.009371803 0.009352942 0.009339225 0.009351227 0.009346084 0.009354657 0.009924522 0.009898804 0.009330653 0.009320364 0.009303219 0.009304933 0.009303219 0.009287788 0.009279215 0.01042752 0.01042066 0.01040694 0.01040694 0.0132717 0.01039837 0.009222633 0.01549802 0.01319283 0.009152336 0.009131759
0.3643795 0.2113152 0.1854721 0.1853627 0.1523979 0.1702691 0.03703733 0.02698953 0.02849239 0.02734731 0.02728345 0.02667765 0.02133655 0.02662975 0.02393658 0.02770564 0.02991862 0.02398503 0.02818637 0.02700937 0.02530639 0.01850966 0.01847773 0.01787193 0.01786395 0.01781338 0.01185737 0.01528342 0.01527142 0.01489308 0.01124635 0.01524056 0.01143274 0.009375232 0.009370088 0.009368373 0.009344368 0.009352942 0.009332366 0.009335796 0.00931865 0.009313506 0.009304933 0.009298075 0.00929979 0.009292932 0.009289503 0.009279215 0.009287788 0.009256925 0.009280929 0.00925864 0.009250066 0.00923635 0.009227777 0.01037608 0.009232921 0.01035379 0.009219204 0.009210631 0.01035036 0.01033322 0.009184913 0.0131654 0.009730774 0.009694768 0.009104327 0.008508743
0.3640026 0.3586127 0.2186341 0.1927424 0.1395366 0.0382548 0.02586962 0.024156 0.02954433 0.02778547 0.03339454 0.02658185 0.02126204 0.02124607 0.02594678 0.02647009 0.02760186 0.03320561 0.02696945 0.02580575 0.01899838 0.01784266 0.01781072 0.01777879 0.01777347 0.0112515 0.01123092 0.01559832 0.01558118 0.01557432 0.01519255 0.01517884 0.0113693 0.01135901 0.009315221 0.00931865 0.00929636 0.009275785 0.009267213 0.009284358 0.01555117 0.009251781 0.009239779 0.009234636 0.009229491 0.009227777 0.009231206 0.00921749 0.009239779 0.01322198 0.009207202 0.009202057 0.009200344 0.009190056 0.009178054 0.01031264 0.01030235 0.01030064 0.01314825 0.009148906 0.01030064 0.009126617 0.009130046 0.01170769 0.01682791 0.01051309 0.009046031 0.009591893
0.2210615 0.3634434 0.3479546 0.2053296 0.1571733 0.038006 0.03629238 0.02922967 0.03057764 0.02882145 0.02178801 0.02651799 0.03269827 0.02588558 0.02054448 0.01932024 0.0198675 0.02158577 0.02575785 0.02572059 0.01981893 0.01775218 0.01772025 0.01085773 0.01141559 0.01177507 0.01555889 0.01552974 0.01588236 0.01551945 0.01549545 0.01512568 0.01074113 0.01131272 0.008690488 0.009248353 0.009231206 0.009222633 0.009208917 0.00921749 0.009207202 0.009205488 0.01546887 0.009164337 0.009171196 0.009164337 0.009159193 0.009150621 0.009166052 0.009157479 0.009155764 0.009159193 0.009136904 0.009140333 0.01025778 0.009123188 0.009111185 0.01024063 0.009099183 0.01023891 0.009076893 0.01110011 0.01051481 0.01198659 0.01199345 0.01024441 0.009561028 0.009537025
0.2284412 0.3706163 0.3526149 0.334565 0.180066 0.04413495 0.04069972 0.03785698 0.03274273 0.02456688 0.02228471 0.02112367 0.02641421 0.02582437 0.02045134 0.01922977 0.02631309 0.02183246 0.02036087 0.02504827 0.01914927 0.0182409 0.01765639 0.01080972 0.01080114 0.01172192 0.01549545 0.01584978 0.01982684 0.01582921 0.01544058 0.0150691 0.01505367 0.01126471 0.01010097 0.01064512 0.009184913 0.009164337 0.009155764 0.009160908 0.009143761 0.009142048 0.009121472 0.009109471 0.009102613 0.009102613 0.009102613 0.009109471 0.009092324 0.009097468 0.009102613 0.009665621 0.009650188 0.009073464 0.01020291 0.01019605 0.009056319 0.009047746 0.009617612 0.009039172 0.01302309 0.01481706 0.0147982 0.01114118 0.01170933 0.01133785 0.01095265 0.009482159
0.2139422 0.3807395 0.3728493 0.3547506 0.1796162 0.04856092 0.0398112 0.04059594 0.03434991 0.02982016 0.02753001 0.02637429 0.02134641 0.02043005 0.02037684 0.02567802 0.0256727 0.02564609 0.02501634 0.02497908 0.01908274 0.01816905 0.01757389 0.01756059 0.01075142 0.01130929 0.01544744 0.01579149 0.0157692 0.0157692 0.015384 0.01120641 0.01156418 0.01118755 0.01118584 0.0102955 0.009130046 0.009109471 0.009097468 0.009106042 0.009088896 0.009075179 0.009063177 0.009049459 0.009047746 0.009047746 0.009042601 0.009040887 0.009047746 0.009034029 0.009049459 0.009603894 0.009598752 0.01301452 0.008999737 0.01300423 0.009567888 0.0095576 0.01697786 0.01297165 0.009525023 0.01703822 0.01738227 0.01166475 0.01049416 0.01507537 0.01469189 0.01430498
0.393351 0.3906561 0.3879977 0.2206076 0.05246357 0.05128657 0.03909963 0.03229569 0.03427806 0.02919574 0.02209844 0.02571261 0.01978168 0.01889992 0.0188467 0.01972314 0.02502166 0.01788511 0.0178452 0.01961137 0.01868438 0.01984475 0.01751003 0.01751535 0.01070684 0.01504681 0.01502281 0.01900158 0.01534114 0.01534799 0.01496965 0.01115326 0.01114126 0.01685878 0.01682791 0.009645044 0.01020977 0.009059748 0.009047746 0.009035744 0.009020313 0.009016883 0.008999737 0.008994593 0.008980876 0.00898602 0.008974019 0.008970589 0.01526312 0.008972304 0.009552457 0.009554171 0.009550741 0.01296308 0.01133099 0.01133442 0.01131385 0.01703137 0.01094408 0.009473586 0.01662559 0.01698507 0.01124012 0.01728968 0.01728968 0.01728454 0.01690449 0.01024047
0.3956205 0.3955232 0.390182 0.2576923 0.05290173 0.0523252 0.03901181 0.03649637 0.03195332 0.02907067 0.02735705 0.031845 0.02028104 0.01971515 0.01876421 0.01875889 0.01871897 0.01868438 0.02486732 0.01774142 0.02037605 0.02422427 0.02421096 0.01744085 0.01066912 0.01501252 0.01727312 0.01725255 0.01721483 0.0172234 0.01891928 0.01453302 0.01680562 0.01164082 0.01677819 0.01531284 0.009018598 0.009003166 0.01299394 0.01298194 0.008979161 0.0100966 0.008934583 0.008932868 0.008919151 0.008917437 0.008907149 0.008898576 0.01005374 0.008917437 0.008936297 0.01094922 0.01093893 0.0109235 0.01128127 0.01199165 0.01733598 0.01732741 0.01180827 0.01656387 0.01656901 0.01462845 0.01461988 0.0115173 0.01458216 0.01056395 0.01418324 0.008725404
0.3951706 0.2330124 0.3896105 0.3870007 0.2519742 0.0511136 0.04321515 0.02930927 0.03130494 0.02843028 0.02129639 0.02612948 0.02552102 0.01874292 0.01869236 0.01866043 0.01863914 0.01860455 0.01914649 0.0208967 0.02474225 0.02414976 0.02414976 0.01790562 0.01099088 0.01725255 0.01723026 0.01720282 0.01717196 0.0171531 0.01714453 0.0148342 0.01674218 0.0167439 0.01672847 0.01443014 0.009531882 0.0166856 0.01522368 0.01693157 0.008910579 0.008896861 0.008872857 0.01286535 0.009413575 0.009427292 0.009430721 0.01514481 0.01513624 0.008853997 0.008867715 0.01089607 0.0112384 0.01466789 0.01500508 0.01250837 0.01837326 0.01835269 0.01797264 0.01208373 0.01134935 0.01648157 0.01683933 0.01109609 0.01452215 0.01415409 0.00867911 0.00867225
0.3948666 0.2299892 0.3919286 0.3865752 0.2489631 0.04667222 0.03376983 0.03640445 0.03573889 0.03117455 0.02887908 0.02604433 0.02011872 0.02042129 0.02040266 0.01859125 0.01852472 0.01909593 0.02084347 0.02525492 0.02078227 0.02463582 0.01752322 0.02404598 0.01090858 0.01719425 0.01717196 0.01714624 0.01712567 0.01196773 0.01480677 0.01707423 0.01706737 0.01477076 0.01703994 0.01702279 0.01036736 0.0109115 0.01090121 0.01000744 0.01513795 0.01512424 0.009962866 0.01280019 0.01279505 0.009367281 0.01509166 0.009368997 0.009367281 0.01825289 0.01825804 0.01826832 0.01460273 0.01154302 0.01280955 0.01566917 0.01438627 0.01973745 0.01863844 0.01753428 0.01450843 0.0126956 0.009559162 0.01638384 0.01010331 0.01009131 0.008627672 0.00861224
0.394356 0.3917462 0.3890026 0.3785025 0.2410121 0.05151983 0.04303687 0.03251831 0.03395076 0.03110271 0.02350605 0.02119993 0.02003357 0.02089404 0.01853537 0.01905335 0.01991648 0.01988987 0.02518307 0.02517775 0.02682751 0.02566647 0.02510058 0.02451341 0.02447083 0.01749543 0.01711023 0.01708623 0.01707594 0.01514053 0.01511824 0.01509595 0.01736513 0.01507537 0.01698164 0.01125555 0.01695078 0.01085835 0.01083606 0.01280534 0.009363852 0.01277962 0.01277105 0.01275047 0.009882281 0.009880566 0.009314129 0.009303842 0.01647299 0.01455301 0.01419696 0.01418667 0.01454787 0.01453929 0.01717138 0.01826182 0.02005407 0.02077817 0.01359702 0.01819838 0.01445871 0.008639674 0.008608812 0.008586522 0.008584808 0.008567661 0.008565946 0.008567661
0.3915274 0.3914179 0.3783566 0.205759 0.2509686 0.2207352 0.03023348 0.03171505 0.04122556 0.02764275 0.0267896 0.02225719 0.02221994 0.01960859 0.01957932 0.02041584 0.02628025 0.0303705 0.03032261 0.03088051 0.02788743 0.02574685 0.02727365 0.02613124 0.02551213 0.01816467 0.0177829 0.01777261 0.01739599 0.0120208 0.0177126 0.01878075 0.01839727 0.01802579 0.01537827 0.01212488 0.01691134 0.01688905 0.01078805 0.01274533 0.01818259 0.01500422 0.01498878 0.00926955 0.01269732 0.01497507 0.01641984 0.01642327 0.01412152 0.009920356 0.01163338 0.014481 0.01448271 0.01447757 0.01518624 0.01856471 0.02108793 0.02107421 0.01961229 0.01149836 0.01077083 0.008581378 0.008559088 0.009103235 0.00852994 0.008502508 0.00851451 0.008483646
0.3859673 0.3858821 0.3781012 0.2412126 0.2153939 0.1460003 0.1790508 0.02998014 0.03493884 0.04056122 0.03375119 0.02297198 0.02744129 0.02009997 0.02037859 0.02621905 0.03029866 0.03084059 0.03081664 0.03456708 0.02834954 0.02121034 0.03396127 0.02716987 0.03010973 0.01161375 0.0180858 0.01807037 0.01771432 0.01577204 0.01802064 0.01873789 0.0194517 0.01870874 0.01224826 0.01187849 0.0145633 0.01682733 0.01109266 0.01129276 0.0164147 0.008667108 0.0149442 0.008643103 0.008069808 0.0149082 0.0149082 0.01121389 0.01443642 0.01672617 0.01671588 0.01100179 0.0144107 0.0144107 0.01705136 0.01261923 0.01766487 0.01992376 0.0131038 0.01143321 0.01033419 0.00853337 0.00850765 0.008485361 0.008464786 0.01473674 0.008449354 0.008435638
0.2239276 0.2147278 0.3675404 0.2409938 0.2021624 0.1839665 0.1658557 0.1521074 0.03260611 0.03314539 0.03928576 0.02966492 0.02082008 0.02618978 0.02561591 0.02613656 0.02664922 0.02778099 0.02773842 0.02827503 0.03447128 0.02820851 0.02500001 0.02651883 0.01328562 0.01840927 0.01647214 0.01874646 0.02046635 0.01908365 0.01713623 0.01747685 0.02109443 0.02047013 0.01936254 0.0182721 0.01029527 0.01198257 0.01675532 0.0167416 0.01008788 0.01489962 0.01635297 0.0163324 0.01059259 0.01630496 0.01484819 0.0111556 0.01438327 0.01702735 0.01016324 0.01665244 0.009978144 0.01397921 0.0143404 0.01125154 0.01233512 0.01576289 0.01504221 0.01064738 0.01027418 0.008457928 0.008437352 0.00842535 0.008399631 0.008385915 0.00836877 0.008370483
0.2042033 0.1938005 0.1885687 0.2201273 0.2018098 0.1552547 0.1551853 0.1414006 0.03082064 0.03133597 0.02420475 0.02957711 0.02252505 0.02669712 0.01843413 0.02550947 0.030139 0.03066231 0.02710867 0.02708472 0.03117231 0.0270182 0.02197966 0.03260332 0.01323076 0.01607151 0.01907851 0.01906136 0.01905279 0.01747514 0.03646924 0.01923481 0.01920566 0.01812894 0.02221266 0.01774203 0.01553715 0.01478389 0.01020096 0.01667473 0.01666444 0.01399807 0.01628782 0.01091263 0.01662158 0.01660786 0.01623638 0.01622781 0.01431297 0.0143164 0.01088348 0.0108732 0.009923277 0.0124607 0.009904416 0.01024675 0.01060623 0.01059937 0.01024675 0.01022275 0.00984955 0.008389344 0.008382486 0.008361911 0.008346479 0.008325906 0.008313903 0.008310474
0.1832639 0.1677994 0.1650315 0.157202 0.1808946 0.1217944 0.149686 0.1495401 0.1382072 0.03314405 0.03630199 0.03246906 0.02776237 0.02661463 0.0201258 0.02896199 0.02539505 0.03267783 0.03264057 0.02166911 0.02373253 0.02936822 0.0252274 0.02519813 0.02019153 0.02001942 0.01351136 0.01636241 0.01899621 0.01742199 0.01994005 0.04110646 0.02205749 0.03889472 0.01586526 0.01986118 0.01313295 0.01202879 0.01507308 0.01104972 0.01467759 0.01430268 0.01087491 0.01085262 0.01084576 0.01424781 0.01387976 0.01045714 0.009883841 0.01424953 0.01023818 0.009861552 0.009856408 0.008394488 0.008391059 0.01237326 0.009832405 0.01382147 0.009825546 0.009818688 0.008344765 0.008336192 0.008320761 0.008312188 0.008289899 0.008288183 0.008269323 0.008252177
0.1392249 0.1262244 0.1234808 0.1653086 0.1625893 0.1546625 0.1035469 0.1440287 0.1438098 0.1460792 0.1145297 0.03503717 0.03179674 0.03062505 0.03002191 0.02886353 0.02941079 0.03049999 0.0242452 0.02987556 0.02308149 0.02758807 0.01869599 0.03020141 0.01831626 0.01885287 0.01594635 0.01230648 0.01858872 0.01523503 0.01773767 0.03086245 0.0482909 0.04826175 0.02342118 0.02741367 0.02413207 0.01704435 0.01720595 0.01573031 0.01535368 0.01497535 0.01461072 0.01422552 0.01421181 0.01647755 0.01611122 0.00894035 0.008928346 0.008351624 0.008360196 0.008348195 0.008339622 0.01234411 0.00834305 0.008300186 0.008317331 0.008322475 0.01231154 0.008308759 0.008276182 0.008267609 0.008257322 0.008253892 0.008226458 0.008229888 0.008767175 0.01342268
0.1208467 0.1104681 0.1128591 0.1435606 0.1596877 0.1381707 0.1275733 0.140969 0.09474778 0.1121965 0.0300911 0.03440742 0.03116167 0.03053458 0.02994741 0.02579861 0.02635119 0.02154138 0.02472859 0.02621814 0.01978785 0.02695034 0.01716586 0.02746832 0.01912084 0.01212824 0.0118887 0.01853042 0.01852356 0.01995462 0.02283903 0.0315334 0.02464185 0.04928189 0.05000942 0.02661706 0.02121072 0.02187403 0.01442684 0.01867558 0.01530739 0.01684046 0.01454728 0.01416551 0.01643983 0.01641583 0.01230982 0.008892342 0.008298471 0.008291613 0.008300186 0.008295042 0.008301901 0.008279611 0.008271038 0.008259035 0.008265894 0.008262465 0.008240175 0.008247034 0.008219601 0.00820417 0.008193882 0.008765462 0.008169877 0.01427331 0.01333824 0.0133224
0.1203968 0.1023347 0.1073112 0.1380856 0.1161584 0.1565064 0.1298306 0.1579466 0.09992792 0.1402152 0.02267261 0.03052926 0.02695433 0.02636982 0.02363673 0.02574007 0.02626072 0.03355148 0.02731798 0.02612767 0.02445396 0.02330356 0.01708869 0.02737253 0.01342349 0.01777889 0.0116183 0.01617552 0.01160116 0.01547278 0.02049612 0.02125873 0.02916992 0.04923046 0.04995456 0.04956764 0.04447664 0.04011317 0.01474002 0.01289805 0.01180418 0.01450442 0.01640897 0.01066573 0.01030282 0.009714099 0.0122481 0.008229888 0.008236746 0.008233317 0.008247034 0.008236746 0.008228173 0.008212741 0.008212741 0.008202454 0.00820417 0.01220523 0.00817845 0.008173306 0.00815959 0.008144158 0.008142443 0.00811501 0.01417831 0.01328282 0.01325116 0.01322213
0.1097873 0.09934793 0.1017876 0.1095076 0.1454653 0.1734475 0.1423448 0.1318325 0.126467 0.09668586 0.1370218 0.02313472 0.02573209 0.02927774 0.02922984 0.02565758 0.02618355 0.02049199 0.02044675 0.02907018 0.02436082 0.0170062 0.01699023 0.01931963 0.01737483 0.01236427 0.01877331 0.01648527 0.01647156 0.01318088 0.01935596 0.02062371 0.04559109 0.04809372 0.04842919 0.04771538 0.02541567 0.03969711 0.01411529 0.01154578 0.0108114 0.01044334 0.01634382 0.01003586 0.01003414 0.00966266 0.008193882 0.008185309 0.008176735 0.008171592 0.008180165 0.008743173 0.008157875 0.008154445 0.008157875 0.008145873 0.008144158 0.008130441 0.008132157 0.008123583 0.008104722 0.008087577 0.00807729 0.01323005 0.01319838 0.01316408 0.01315616 0.01315352
0.02141456 0.02048491 0.09367841 0.1054272 0.1130379 0.1757048 0.1471025 0.1340655 0.0976458 0.09221945 0.1366327 0.02869855 0.02507839 0.02864001 0.03068214 0.02001324 0.01930966 0.02905422 0.02901696 0.02487083 0.02726875 0.02667093 0.0168971 0.01069539 0.01332919 0.01803721 0.01873387 0.01944769 0.01616387 0.01515951 0.0175795 0.02302655 0.02407584 0.02248275 0.02682958 0.02230451 0.0184479 0.01551206 0.01331232 0.01149092 0.01039019 0.01001871 0.009992991 0.009992991 0.009626655 0.009604364 0.01214179 0.008133871 0.008108152 0.00811501 0.008116725 0.008106438 0.008094435 0.008092722 0.008091006 0.008089292 0.00807729 0.008073861 0.008061858 0.008053286 0.01320102 0.01316672 0.01314033 0.01311922 0.01310866 0.01307964 0.01305061 0.01305589
0.01933983 0.01871541 0.09891934 0.09841176 0.1049287 0.1529847 0.1443103 0.1549988 0.1065173 0.09712302 0.09690417 0.02860009 0.0250092 0.027973 0.02383752 0.02381889 0.0175641 0.02729004 0.02369648 0.01776289 0.02305875 0.02660174 0.016577 0.01657014 0.01728053 0.01762458 0.01978316 0.02120394 0.01901227 0.02009414 0.02288217 0.02152176 0.01780224 0.01517487 0.01478453 0.01498463 0.01365979 0.01256764 0.01258607 0.01068966 0.01146134 0.009944984 0.00958036 0.009564928 0.00991755 0.00989869 0.008067003 0.01206464 0.008060143 0.008039569 0.008048141 0.008042998 0.00803271 0.008044713 0.008042998 0.008606005 0.008008706 0.008005277 0.01312978 0.0131113 0.01310866 0.01307964 0.01305853 0.01304269 0.0130295 0.01300575 0.01298728 0.02263714
