02_Processed_Data/Guangdong-driving/GDP/txt/gd-gdp-2-00.txt
ncols         755
nrows         605
xllcorner     491130
yllcorner     2101946
cellsize      1000
NODATA_value  -9999
[rows 540 to 569 of 605, columns 0 to 67 of 755]
-9999 -9999 -9999 -9999 -9999 -9999 -9999 0.004035838 0.002463498 -9999 -9999 -9999 0.006311462 0.003461855 0.00346851 0.003489426 0.006345688 0.00715537 0.004509845 0.007374665 0.007387024 0.004532663 0.007197201 0.006398929 0.006401781 0.006404634 0.006417944 0.006427452 0.003580696 0.003587351 0.003583549 0.003597809 0.003605415 0.006457875 0.003608267 0.003611119 0.006467382 0.003622528 0.006469284 0.006466432 0.00646453 0.004424603 0.007479246 0.007678575 0.007875053 0.008828727 0.008625592 0.008217424 0.005191066 0.00741345 0.005194868 -9999 0.007412498 0.005995993 0.005994091 0.007267556 0.007466886 0.00746023 0.007447871 0.004392278 0.006427452 0.006416994 0.006417944 0.006419846 0.006410338 0.006409388 0.002601354 0.006400831
-9999 -9999 -9999 -9999 -9999 -9999 -9999 -9999 0.003085969 -9999 -9999 0.006285791 0.006294348 0.003458051 0.006315265 0.003464707 0.006329525 0.006339032 0.003353991 0.004312417 0.004318121 0.00431717 0.00432953 0.006379915 0.006385619 0.006392274 0.006404634 0.006409388 0.006416043 0.00357309 0.006434106 0.006433156 0.003581647 0.003589252 0.003591154 0.003596859 0.003601613 0.006456924 0.006458826 0.006457875 0.006457875 0.004409391 0.007462133 0.004176073 0.007863645 0.007861743 0.007665265 0.005988387 0.007254246 0.007397286 0.005173953 -9999 0.006449318 0.003286575 0.006456924 0.007260901 0.007251394 0.004597313 0.004387525 0.004060127 0.006416994 0.006407486 0.006404634 0.002920196 0.00291259 0.002907837 0.006394176 0.00638657
-9999 -9999 -9999 -9999 -9999 -9999 -9999 -9999 -9999 -9999 -9999 0.004056755 0.007240415 0.0031259 0.006299102 0.006304807 0.003470411 0.003478017 0.002534803 0.003491327 0.003496081 0.004313367 0.003506539 0.006366605 0.003522701 0.003529357 0.003538864 0.003541716 0.003541716 0.004359954 0.007214314 0.007224773 0.003576893 0.003577844 0.003577844 0.003582598 0.006437909 0.006440762 0.006433156 0.006436008 0.002947767 0.004387525 0.007445019 0.007641496 0.004157059 0.00784368 0.007638645 0.008192707 0.006432205 0.005161593 0.005160642 -9999 0.002943014 0.002956324 0.006437909 0.003576893 0.006433156 0.007227624 0.007218118 0.004363757 0.003554075 0.006396078 0.006392274 0.006382767 0.00289833 0.006384669 0.006369456 0.006370408
-9999 -9999 -9999 -9999 -9999 -9999 -9999 -9999 -9999 -9999 -9999 -9999 0.003093575 0.006276285 0.00628294 0.006298152 0.003454249 0.003463756 0.00346851 0.003483722 0.003486573 0.003493228 0.003503687 0.003506539 0.003515096 0.003521751 0.003519849 0.003528406 0.004340938 0.004348545 0.004559284 0.004568791 0.003569287 0.003571189 0.006428402 0.003574992 0.007373518 0.006420796 0.006425549 0.006420796 0.006422698 0.007226674 0.007424103 0.007418398 0.007425054 0.007621532 0.007425054 0.007224773 0.005152086 0.006426501 0.005158741 0.006429353 0.002943014 0.00262227 0.00355978 0.006413191 0.006407486 0.007353552 0.006412239 0.006402732 0.00639988 0.00638657 0.007326932 0.005101697 0.006363752 0.003512244 0.006364703 0.006352343
-9999 -9999 -9999 -9999 -9999 -9999 -9999 -9999 -9999 -9999 -9999 -9999 0.006249664 0.006261074 0.003428578 0.003434283 0.003443791 0.003449495 0.003459002 0.003460903 0.003473264 0.006336181 0.003488475 0.003502736 0.003500835 0.003510342 0.003521751 0.004333333 0.008339745 0.004544072 0.00454217 0.00455453 0.004353298 0.007214314 0.00355978 0.006410338 0.006416043 0.006412239 0.002611812 0.002613714 0.003245692 0.006410338 0.007203856 0.003928256 0.007209561 0.004045866 0.006409388 0.003555026 0.003557879 0.006416043 0.006412239 0.006422698 0.002931605 0.002602305 0.003548371 0.003549322 0.00354647 0.002589946 0.006390372 0.003531258 0.005114056 0.006376112 0.006378965 0.006374211 0.006364703 0.003505589 0.006349491 0.006350441
-9999 -9999 -9999 -9999 -9999 -9999 -9999 -9999 -9999 -9999 -9999 -9999 0.00406931 0.006250615 0.003405761 0.003412416 0.003427628 0.003436185 0.003447593 0.003454249 0.006311462 0.003464707 0.003479919 0.003485623 0.003492278 0.003500835 0.003509391 0.004323826 0.00452886 0.004533614 0.004536466 0.004536466 0.004545973 0.004343791 0.003537913 0.003536012 0.006390372 0.006395126 0.006397028 0.002596601 0.003226677 0.002591847 0.007200053 0.004345692 0.004035408 0.005125465 0.003547421 0.003545519 0.003555977 0.003554075 0.005139726 0.006404634 0.006400831 0.002597552 0.006398929 0.006388472 0.006395126 0.006391323 0.002585192 0.003527455 0.002882167 0.006372308 0.002884068 0.006364703 0.002874561 0.006348541 0.006341886 0.002848891
-9999 -9999 -9999 -9999 -9999 -9999 -9999 -9999 -9999 -9999 -9999 -9999 -9999 0.007046035 0.003402909 0.00421259 0.004223999 0.003426677 0.003434283 0.003444741 0.003449495 0.003460903 0.003471362 0.003482771 0.003488475 0.003496081 0.003501785 0.003510342 0.00431717 0.004522205 0.005156085 0.004526007 0.004330481 0.004328579 0.006378965 0.006379915 0.006387522 0.002903083 0.002577586 0.002579488 0.002900231 0.003228579 0.007201004 0.007397482 0.00434189 0.004346644 0.004347594 0.003548371 0.00354647 0.003548371 0.003548371 0.003549322 0.002587093 0.006387522 0.006391323 0.006381816 0.006378965 0.003523652 0.003524603 0.003518899 0.006368506 0.006364703 0.006358998 0.002869807 0.002853644 0.002855546 0.006331427 0.006324772
-9999 -9999 -9999 -9999 -9999 -9999 -9999 -9999 -9999 -9999 -9999 0.003619549 0.007232055 0.007035577 0.004198329 0.007061246 0.004214491 0.004221146 0.003428578 0.003431431 0.003441889 0.003455199 0.003461855 0.003471362 0.003478967 0.003490377 0.003494179 0.003501785 0.004308613 0.006099299 0.007374665 0.004514599 0.004309565 0.007162975 0.006370408 0.003515096 0.006366605 0.006373259 0.002568079 0.007176286 0.007186743 0.006378965 0.007187694 0.004339037 0.004339037 0.003533159 0.003542667 0.003540765 0.006400831 0.002600404 0.002588995 0.003529357 0.006383718 0.006381816 0.003522701 0.003528406 0.003517948 0.003514145 0.006359949 0.0063609 0.002875511 0.002870758 0.002865053 0.002850792 0.002851743 0.007279395 0.006324772 0.006317166
-9999 -9999 -9999 -9999 -9999 -9999 -9999 -9999 -9999 -9999 -9999 0.003402154 0.004048394 0.007033675 0.003558744 0.006248714 0.00340481 0.003408613 0.003413367 0.003425726 0.003439988 0.003436185 0.006304807 0.003457101 0.003462805 0.00505321 0.003480869 0.005068421 0.003490377 0.006349491 0.004298156 0.004306712 0.004307664 0.006359949 0.003500835 0.003513194 0.006367555 0.002882167 0.006363752 0.007170581 0.007168679 0.007179137 0.004530761 0.004526007 0.004328579 0.004336185 0.004332382 0.004336185 0.003529357 0.002571881 0.003526504 0.006377063 0.002893575 0.003526504 0.003518899 0.006369456 0.003512244 0.006361851 0.006344738 0.006344738 0.006344738 0.002858398 0.006340935 0.00284699 0.006329525 0.007275593 0.007266085 0.006318117
-9999 -9999 -9999 -9999 -9999 -9999 -9999 -9999 -9999 -9999 -9999 -9999 0.00321043 0.007974037 0.006233502 0.006235403 0.006249664 0.00340481 0.003419071 0.003422874 0.003420973 0.006280088 0.006290546 0.006300053 0.005038949 0.005044653 0.005056061 0.005058913 0.00633428 0.003483722 0.003482771 0.003486573 0.003487524 0.003497982 0.003502736 0.003497032 0.006356146 0.007162975 0.007364207 0.007167729 0.00431622 0.004315269 0.004516501 0.004522205 0.004526959 0.004525058 0.004333333 0.003521751 0.003522701 0.003524603 0.003522701 0.006376112 0.002890723 0.006373259 0.006361851 0.004305762 0.004300057 0.004302909 0.007152516 0.005078879 0.007144911 0.002843186 0.007128749 0.0039603 0.007128749 0.007120192 0.006314314 0.006311462
-9999 -9999 -9999 -9999 -9999 -9999 -9999 -9999 -9999 -9999 -9999 -9999 0.006200226 0.002411208 0.00716816 0.006226847 0.006236354 0.006249664 0.006256319 0.006262024 0.006273432 0.00247871 0.006281989 0.006286742 0.006296251 0.007258479 0.006310511 0.00504085 0.005049407 0.003467559 0.003478967 0.005060815 0.003484672 0.003494179 0.003492278 0.006346639 0.004300057 0.0073566 0.007558783 0.007557833 0.007561636 0.004509845 0.007360404 0.004512698 0.004517451 0.004522205 0.004312417 0.003516997 0.003516997 0.003515096 0.003522701 0.006371358 0.006359949 0.003505589 0.004302909 0.004501289 0.004498436 0.0042915 0.004294353 0.007142059 0.003651917 0.006323822 0.004150122 0.004151073 0.004147271 0.004151073 0.007313818 0.006307658
-9999 -9999 -9999 -9999 -9999 -9999 -9999 -9999 -9999 -9999 -9999 -9999 -9999 0.002395045 0.002406454 -9999 -9999 -9999 -9999 0.002447336 0.002457794 0.002465399 -9999 0.006284841 0.002485365 0.006288644 0.0062972 0.006305757 0.003454249 0.003457101 0.006315265 0.003472313 0.00348182 0.003478967 0.006337131 0.007140157 0.007342339 0.004892344 0.005097378 0.008905411 0.004898998 0.007550226 0.007556882 0.003553321 0.003545715 0.003554272 0.00430386 0.00350749 0.004312417 0.003512244 0.003503687 0.006361851 0.005087436 0.006355196 0.003496081 0.007149664 0.004495584 0.003486573 0.004276288 0.006329525 0.00283463 0.006312413 0.007324276 0.00414632 0.003826528 0.007311916 0.007310965 0.006306708
-9999 -9999 -9999 -9999 -9999 -9999 -9999 -9999 -9999 -9999 -9999 -9999 -9999 -9999 0.00240075 -9999 -9999 -9999 -9999 -9999 -9999 -9999 0.006267728 0.006276285 0.006276285 0.006274383 0.003437135 0.003431431 0.003438086 0.003447593 0.003454249 0.003459953 0.006319068 0.003464707 0.00427724 0.004281043 0.004483224 0.007946985 0.008150119 0.009103791 0.004349692 0.008155824 0.007550226 0.003545715 0.00450224 0.004506043 0.004309565 0.004305762 0.004308613 0.004306712 0.00715727 0.006350441 0.006346639 0.002540508 0.003484672 0.003483722 0.006335231 0.003480869 0.006325723 0.006317166 0.006305757 0.006311462 0.007313818 0.007315719 0.007308113 0.007310015 0.0044509 0.006292447
-9999 -9999 -9999 -9999 -9999 -9999 -9999 -9999 -9999 -9999 -9999 -9999 -9999 -9999 -9999 -9999 -9999 -9999 -9999 -9999 -9999 0.003399106 0.00340386 0.006261074 0.003414318 0.00311259 0.003104034 0.003431431 0.003433332 0.003440938 0.003438086 0.003445692 0.003455199 0.00630861 0.006318117 0.002836531 0.007332832 0.008137759 0.008340892 0.008342793 0.004540465 0.004342086 0.007345192 0.003548567 0.003555223 0.003355892 0.00430386 0.005884757 0.004302909 0.004301008 0.006335231 0.006336181 0.003474214 0.003472313 0.003479919 0.003473264 0.006328574 0.006320018 0.003464707 0.003137309 0.006306708 0.00726038 0.005834368 0.007298606 0.006033699 0.004454703 0.007301459 0.006295299
-9999 -9999 -9999 -9999 -9999 -9999 -9999 -9999 -9999 -9999 -9999 -9999 -9999 -9999 -9999 -9999 -9999 -9999 0.006215438 0.006222093 0.004961939 0.004971446 0.003388648 0.00340481 0.006260122 0.003414318 0.00341717 0.00341717 0.003424776 0.003424776 0.003433332 0.00628389 0.006285791 0.006295299 0.006299102 0.007253726 0.005039899 0.007526458 0.007732444 0.004884738 0.007741001 0.003941524 0.003344483 0.004299107 0.007153468 0.003492278 0.003486573 0.006343787 0.005881904 0.006331427 0.003482771 0.00727274 0.003472313 0.004275338 0.004270584 0.006320018 0.006312413 0.00345615 0.00345615 0.00345615 0.003458051 0.003446643 0.004454703 0.004456605 0.004448999 0.00443854 0.004127305 0.003431431
-9999 -9999 -9999 -9999 -9999 -9999 -9999 -9999 -9999 -9999 -9999 -9999 -9999 0.003001354 0.003011812 -9999 -9999 0.003028926 0.003040334 0.004941974 0.006217339 0.00702797 0.004192624 0.004192624 0.007192878 0.003401008 0.003409564 0.003412416 0.00341717 0.003420973 0.003425726 0.003428578 0.005018983 0.007234711 0.005023737 0.006305757 0.007112586 0.00731762 0.00732998 0.00447752 0.007539769 0.007348044 0.003343533 0.003490377 0.006346639 0.003491327 0.006340935 0.006338082 0.006330476 0.003478017 0.003470411 0.003465657 0.003463756 0.004262979 0.007115438 0.004261077 0.003451396 0.00345615 0.0062972 0.006295299 0.003437135 0.006290546 0.00425252 0.006030846 0.007290049 0.004436639 0.007284345 -9999
-9999 -9999 -9999 -9999 -9999 -9999 -9999 -9999 -9999 -9999 -9999 -9999 0.006149837 0.003797725 0.002997551 0.003001354 0.003010861 0.004922959 0.003336358 0.004157447 0.004166954 0.00417361 0.007233005 0.007243463 0.00705364 0.007051739 0.006255369 0.003407663 0.003409564 0.003407663 0.003420022 0.003425726 0.005012328 0.006287694 0.006291497 0.005030393 0.007110685 0.004256323 0.008062455 0.004475619 0.004481324 0.007136354 0.006336181 0.006339032 0.003483722 0.006331427 0.003483722 0.003478017 0.003477066 0.003465657 0.002512936 0.003466608 0.003460903 0.004263929 0.004254422 0.00425157 0.006295299 0.006293398 0.006291497 0.006293398 0.003443791 0.003439037 0.003430481 0.004435688 0.007286246 0.004639772 0.007484626 -9999
-9999 -9999 -9999 -9999 -9999 -9999 -9999 -9999 -9999 -9999 -9999 0.004864965 0.006138428 0.006950961 0.005686054 0.00616695 0.006173606 0.00491155 0.003335407 0.007002301 0.004153645 0.004362482 0.008181924 0.007234906 0.007233005 0.005777324 0.007041282 0.006242058 0.003082166 0.003410515 0.003099279 0.006272482 0.006280088 0.00628389 0.003426677 0.006278186 0.006292447 0.007104029 0.003457101 0.004269633 0.004471816 0.00586289 0.006324772 0.006330476 0.003484672 0.006336181 0.003475165 0.003472313 0.003463756 0.003465657 0.00346946 0.004270584 0.004262028 0.004257274 0.004262979 0.004248718 0.003439988 0.003439988 0.003437135 0.003436185 0.003434283 0.006289596 0.004243013 0.004430935 0.004629314 0.004825792 0.004827694 0.00482294
-9999 -9999 -9999 -9999 -9999 -9999 -9999 -9999 -9999 -9999 -9999 0.002956669 0.002638778 0.004866865 0.005689856 0.006154591 0.006161247 0.004894437 0.003327801 0.006185965 0.004150792 0.00700135 0.008162908 0.005947182 0.007224448 0.007023217 0.007036527 0.004972396 0.004974299 0.006249664 0.003085018 0.003094526 0.003103082 0.006281989 0.003437135 0.003441889 0.003439988 0.006301004 0.003452347 0.004267732 0.004269633 0.005856235 0.005051308 0.006328574 0.00348182 0.003478017 0.00346946 0.00632192 0.006318117 0.006320018 0.003463756 0.003451396 0.003448544 0.004453752 0.003439988 0.003445692 0.003444741 0.003440938 0.003436185 0.003433332 0.003436185 0.00628389 0.003430481 0.004440442 0.004635969 0.00482199 0.008625269 0.005016565
-9999 -9999 -9999 -9999 -9999 -9999 -9999 -9999 -9999 -9999 -9999 0.003754941 0.002953817 0.002966177 0.006139379 0.002978536 0.006158394 0.006161247 0.002988994 0.002999452 0.006175507 0.006178359 0.007189272 0.006991842 0.007004202 0.003215184 0.006224945 0.003055545 0.003066955 0.003072659 0.003088822 0.00308692 0.003093575 0.005003771 0.003421924 0.003439988 0.003446643 0.003447593 0.003450446 0.00426488 0.004468964 0.007322374 0.003476115 0.004480373 0.00346851 0.003471362 0.005052259 0.006325723 0.006320969 0.003460903 0.003453298 0.004461357 0.004454703 0.003448544 0.003444741 0.00344284 0.00344284 0.006292447 0.003436185 0.006288644 0.005014229 0.007238513 0.003428578 0.004230653 0.00422495 0.004420476 0.004613151 0.004805827
-9999 -9999 -9999 -9999 -9999 -9999 -9999 -9999 -9999 -9999 -9999 0.002302824 0.00294336 -9999 -9999 -9999 0.004866865 0.006143182 0.006156493 0.006157443 0.006164098 0.002685365 0.004912501 0.002381735 0.007002301 0.00384431 0.006215438 0.003053644 0.003058398 0.003068856 0.002754768 0.002771882 0.003102131 0.003102131 0.00342953 0.003435234 0.003448544 0.003458051 0.003459002 0.004262028 0.004466112 0.004474668 0.004471816 0.004468964 0.004269633 0.003459953 0.006316215 0.006312413 0.006304807 0.003449495 0.003447593 0.003449495 0.004253471 0.00425062 0.00344284 0.006296251 0.006290546 0.006288644 0.003438086 0.003435234 0.003428578 0.003431431 0.005011377 0.006273432 0.003418121 0.004217343 0.005989014 0.004598891
-9999 -9999 -9999 -9999 -9999 -9999 -9999 -9999 -9999 -9999 -9999 -9999 -9999 -9999 -9999 -9999 -9999 0.004871619 0.002972831 0.002984241 0.004890634 0.004893486 0.0061679 0.003016565 0.006190719 0.004930565 0.003036531 0.003041285 0.003050792 0.00306125 0.003069807 0.003079314 0.003090723 0.006275333 0.006285791 0.003439037 0.003447593 0.003455199 0.003455199 0.004259176 0.004469914 0.00446326 0.004669245 0.004468014 0.00426488 0.00630861 0.00345615 0.00630861 0.006303856 0.003457101 0.003453298 0.003455199 0.006305757 0.003447593 0.003444741 0.003441889 0.006298152 0.007252775 0.003439988 0.003439988 0.003428578 0.003415268 0.003410515 0.003413367 0.003408613 0.004985707 0.004198329 0.008816252
-9999 -9999 -9999 -9999 -9999 -9999 -9999 -9999 -9999 -9999 -9999 -9999 -9999 -9999 -9999 -9999 -9999 0.003906539 0.004866865 0.00265304 0.006148886 0.006160295 0.003002305 0.006182162 0.006187866 0.006193571 0.004939121 0.003050792 0.003053644 0.003059348 0.003069807 0.003080265 0.003090723 0.003096427 0.003109738 0.003441889 0.003440938 0.003447593 0.003451396 0.003451396 0.004262028 0.007318572 0.004660688 0.007513148 0.007311916 0.006303856 0.003450446 0.007110685 0.006307658 0.006309561 0.003453298 0.003450446 0.007249922 0.003444741 0.003438086 0.003449495 0.003444741 0.006296251 0.006290546 0.006280088 0.003423825 0.003415268 0.003409564 0.003406712 0.003393401 0.003397205 0.006243008 0.005603209
-9999 -9999 -9999 -9999 -9999 -9999 -9999 -9999 -9999 -9999 -9999 -9999 -9999 -9999 -9999 -9999 -9999 -9999 0.002313282 0.006133674 0.007101608 0.006151739 0.004894437 0.002999452 0.00300991 0.004928663 0.004932466 0.00303558 0.003050792 0.00307361 0.003072659 0.003084067 0.003090723 0.003096427 0.006277235 0.003431431 0.003436185 0.003439988 0.006307658 0.006313364 0.006313364 0.004257274 0.004659737 0.004659737 0.004338044 0.007308113 0.007110685 0.007104979 0.006302905 0.007254676 0.006311462 0.003457101 0.006293398 0.006293398 0.003446643 0.003446643 0.003441889 0.005019934 0.003432382 0.003431431 0.003421924 0.003415268 0.003406712 0.003397205 0.003385796 0.003376288 0.003381993 0.004383485
-9999 -9999 -9999 -9999 -9999 -9999 -9999 -9999 -9999 -9999 -9999 -9999 -9999 -9999 -9999 -9999 -9999 -9999 -9999 0.007081643 0.006142231 0.002351312 0.002992797 0.006171705 0.003012762 0.003019418 0.003030827 0.003044137 0.003057447 0.003066003 0.003076461 0.003083117 0.003095477 0.003104984 0.003102131 0.003426677 0.006289596 0.003446643 0.003451396 0.003443791 0.003443791 0.003443791 0.004455653 0.004665442 0.007712478 0.007708675 0.007713428 0.007510296 0.004456605 0.008057701 0.003451396 0.003457101 0.006306708 0.003449495 0.007251824 0.00502754 0.007240415 0.00501518 0.005010427 0.00341717 0.003413367 0.00340386 0.00340481 0.006252517 0.002443533 0.003382943 0.003376288 0.004370878
-9999 -9999 -9999 -9999 -9999 -9999 -9999 -9999 -9999 -9999 -9999 -9999 -9999 -9999 -9999 -9999 -9999 -9999 -9999 -9999 0.007895126 -9999 0.006959518 0.002997551 0.003011812 0.00492486 0.00303558 0.00304889 0.003054595 0.003062201 0.003066003 0.003084067 0.003088822 0.003090723 0.006276285 0.006278186 0.006284841 0.003440938 0.003437135 0.003439037 0.003439037 0.003446643 0.003446643 0.004454703 0.007300507 0.007710577 0.005697982 0.005497701 0.004667344 0.007109733 0.003447593 0.006302905 0.003458051 0.006306708 0.005028491 0.005020885 0.005011377 0.007226154 0.003415268 0.006270581 0.007871187 0.007855142 0.00441099 0.006249664 0.006240157 0.003381042 0.004377755 0.004366294
-9999 -9999 -9999 -9999 -9999 -9999 -9999 -9999 -9999 -9999 -9999 -9999 -9999 -9999 -9999 -9999 -9999 -9999 -9999 -9999 -9999 -9999 0.003478883 0.005707921 0.006184064 0.002386488 0.004934368 0.003042235 0.003057447 0.003068856 0.004983805 0.006255369 0.00308787 0.003096427 0.006272482 0.006278186 0.006281039 0.003424776 0.003423825 0.00342953 0.003441889 0.003446643 0.003445692 0.004448048 0.00413301 0.004654984 0.004855265 0.004850511 0.00750269 0.006041304 0.003450446 0.006298152 0.006294348 0.006295299 0.002490119 0.006291497 0.007235662 0.006278186 0.003413367 0.004420158 0.00785285 0.00441672 0.004404114 0.007831076 0.004386923 0.004381193 0.004372024 0.004354834
-9999 -9999 -9999 -9999 -9999 -9999 -9999 -9999 -9999 -9999 -9999 -9999 -9999 -9999 -9999 -9999 -9999 -9999 -9999 -9999 -9999 -9999 0.004945022 0.005714576 0.002695823 0.002394095 0.006208783 0.00304889 0.003049841 0.003064102 0.003072659 0.006253467 0.006258221 0.006267728 0.003104034 0.006274383 0.003413367 0.00626963 0.006275333 0.003433332 0.003431431 0.003436185 0.00344284 0.003448544 0.008057701 0.007302409 0.004660688 0.008663299 0.008460165 0.00425252 0.003451396 0.003447593 0.003439988 0.003428578 0.006279138 0.006277235 0.006272482 0.00341717 0.006340708 0.00442245 0.007853996 0.004400675 0.004397237 0.004397237 0.007829929 0.004377755 0.004364002 0.004353688
-9999 -9999 -9999 -9999 -9999 -9999 -9999 -9999 -9999 -9999 -9999 -9999 -9999 -9999 -9999 -9999 -9999 -9999 -9999 -9999 -9999 0.005337027 0.003998005 0.004754249 0.003331604 0.004922008 0.006202127 0.002403602 0.00495148 0.00306125 0.003066955 0.006243008 0.006253467 0.002464449 0.003089772 0.006271531 0.003418121 0.007223302 0.006277235 0.003423825 0.003422874 0.006281039 0.006281989 0.006284841 0.00709167 0.007305261 0.00730431 0.004644526 0.003505785 0.004258225 0.003435234 0.004453393 0.004455685 0.004449955 0.004438495 0.003420022 0.007878062 0.004425888 0.007862018 0.004417866 0.004402968 0.007840244 0.007836805 0.007821907 0.00436744 0.004364002 0.004352542 0.007777213
-9999 -9999 -9999 -9999 -9999 -9999 -9999 -9999 -9999 -9999 -9999 -9999 -9999 -9999 -9999 -9999 -9999 -9999 -9999 -9999 -9999 -9999 -9999 0.004126072 0.006182162 0.004919156 0.003031777 0.006208783 0.006212585 0.003056497 0.003067905 0.006244911 0.002446385 0.007201435 0.003088822 0.006262974 0.004992362 0.003418121 0.003415268 0.006267728 0.006275333 0.006272482 0.006276285 0.00628294 0.006289596 0.006285791 0.00709167 0.004446147 0.003490573 0.004237309 0.005825812 0.005420234 0.004439641 0.004443079 0.004437349 0.004430472 0.007862018 0.004423596 0.007853996 0.004406406 0.004401822 0.00782649 0.005350325 0.008779578 0.005343448 0.004353688 0.007776066 0.007758875
