02_Processed_Data/Guangdong-driving/GDP/txt/gd-gdp-2-00.txt
ncols         755
nrows         605
xllcorner     491130
yllcorner     2101946
cellsize      1000
NODATA_value  -9999
[rows 90 to 119 of 605, columns 680 to 747 of 755]
0.002338103 0.003063005 0.002128608 0.002124244 0.002239302 0.001991727 0.001914022 0.00202908 0.002021079 0.002091147 0.002086419 0.002079873 0.002225829 0.002371422 0.002366694 0.002592538 0.002354692 0.00215638 0.002030411 0.002024592 0.001633152 0.001625514 0.001613149 0.001604784 0.001602238 0.001591691 0.001589145 0.001584417 0.001575325 0.001566233 0.001566596 0.00155714 0.001550594 0.001542229 0.001532046 -9999 -9999 -9999 -9999 -9999 -9999 -9999 -9999 -9999 -9999 -9999 -9999 -9999 -9999 -9999 -9999 -9999 -9999 -9999 -9999 -9999 -9999 -9999 -9999 -9999 -9999 -9999 -9999 -9999 -9999 -9999 -9999 -9999
0.002902138 0.002172507 0.002124971 0.002242212 0.002112605 0.002033808 0.002028353 0.002020715 0.002088965 0.002160489 0.002155033 0.00222692 0.002605631 0.002672427 0.002663334 0.003427044 0.00277221 0.00222754 0.002023501 0.001941067 0.001932338 0.001617149 0.00160442 0.001596419 0.001594964 0.001588418 0.001582599 0.001576416 0.001568051 0.001560414 0.001554231 0.001548412 0.001540411 0.001532773 0.001525863 -9999 -9999 -9999 -9999 -9999 -9999 -9999 -9999 -9999 -9999 -9999 -9999 -9999 -9999 -9999 -9999 -9999 -9999 -9999 -9999 -9999 -9999 -9999 -9999 -9999 -9999 -9999 -9999 -9999 -9999 -9999 -9999 -9999
0.002168506 0.002168506 0.002039263 0.002157959 0.00203199 0.00202908 0.001713164 0.002015259 0.002084601 0.002153942 0.002226557 0.002375423 0.002982887 0.003127753 0.004043965 0.003961895 0.00264515 0.002176367 0.002018046 0.001931611 0.001925792 0.00246293 0.001599329 0.001592418 0.001586236 0.001579689 0.001574234 0.001569869 0.001561141 0.001554958 0.001545502 0.001538228 0.001533501 0.001527681 0.001640558 0.001508042 -9999 -9999 -9999 -9999 -9999 -9999 -9999 -9999 -9999 -9999 -9999 -9999 -9999 -9999 -9999 -9999 -9999 -9999 -9999 -9999 -9999 -9999 -9999 -9999 -9999 -9999 -9999 -9999 -9999 -9999 -9999 -9999
0.001855864 0.002038173 0.001725893 0.001722984 0.001717165 0.001717165 0.001709527 0.002084601 0.002078419 0.002149942 0.002217464 0.00256455 0.003163014 0.008467999 0.008690935 0.005266639 0.003177091 0.002248618 0.002011135 0.001926883 0.001919245 0.001911244 0.001593873 0.001581871 0.00157678 0.00157387 0.002901707 0.001560414 0.001556413 0.001546957 0.001901589 0.001532046 0.001527318 0.00163874 0.001508769 0.001625283 0.001496768 -9999 -9999 -9999 -9999 -9999 -9999 -9999 -9999 -9999 -9999 -9999 -9999 -9999 -9999 -9999 -9999 -9999 -9999 -9999 -9999 -9999 -9999 -9999 -9999 -9999 -9999 -9999 -9999 -9999 -9999 -9999
0.001726257 0.001724802 0.00171971 0.001717892 0.001712437 0.001704435 0.001701526 0.002001439 0.002068962 0.002062416 0.002333251 0.00243458 0.002933805 0.003345596 0.003833273 0.005951446 0.00494007 0.002702126 0.002308867 0.001995496 0.001912335 0.002265876 0.00158769 0.001886513 0.00169002 0.001561141 0.00155714 0.002887887 0.001546957 0.001540411 0.001532046 0.001524044 0.001518225 0.002845335 0.003143794 0.001925924 0.001792681 -9999 -9999 -9999 -9999 -9999 -9999 -9999 -9999 -9999 -9999 -9999 -9999 -9999 -9999 -9999 -9999 -9999 -9999 -9999 -9999 -9999 -9999 -9999 -9999 -9999 -9999 -9999 -9999 -9999 -9999 -9999
0.002027262 0.001716801 0.001711345 0.001711345 0.001705163 0.00169898 0.002001439 0.001997802 0.001986165 0.002057324 0.002174201 0.002199644 0.002501012 0.003031862 0.003256615 0.003402935 0.00331541 0.002465007 0.002226796 0.001983858 0.001980949 0.001896696 0.001889059 0.002729748 0.00198957 0.001983387 0.001548048 0.002875522 0.001903044 0.001531318 0.00152659 0.001637648 0.001513134 0.001623465 0.001924833 0.001920832 0.001909558 0.003114699 -9999 -9999 -9999 -9999 -9999 -9999 -9999 -9999 -9999 -9999 -9999 -9999 -9999 -9999 -9999 -9999 -9999 -9999 -9999 -9999 -9999 -9999 -9999 -9999 -9999 -9999 -9999 -9999 -9999 -9999
0.002019624 0.001831133 0.001706981 0.001699708 0.001691706 0.001811493 0.001685524 0.001991256 0.003317275 0.001974526 0.002089222 0.002042777 0.00218946 0.002411304 0.002756935 0.002778377 0.0026186 0.002226796 0.002065929 0.001979858 0.001974403 0.001963492 0.001958764 0.001949308 0.001863237 0.001854872 0.001542229 0.001533864 0.001650742 0.001521862 0.00151677 0.001509861 0.001810138 0.001803591 0.001798864 0.001908467 0.001899375 -9999 -9999 -9999 -9999 -9999 -9999 -9999 -9999 -9999 -9999 -9999 -9999 -9999 -9999 -9999 -9999 -9999 -9999 -9999 -9999 -9999 -9999 -9999 -9999 -9999 -9999 -9999 -9999 -9999 -9999 -9999
0.002212026 0.002130682 0.001698617 0.001932007 0.001687342 0.001803856 0.001799855 0.001796945 0.001975618 0.001659338 0.001965435 0.002884557 0.002180004 0.002096115 0.002286335 0.003567363 0.002226433 0.001987859 0.001977312 0.002820911 0.001967856 0.001839341 0.002876431 0.002791815 0.001854508 0.001850871 0.003174344 0.00152659 0.001640922 0.001822139 0.001506223 0.001501859 0.001678713 0.001796318 0.00166562 0.002627187 0.001889918 -9999 -9999 -9999 -9999 -9999 -9999 -9999 -9999 -9999 -9999 -9999 -9999 -9999 -9999 -9999 -9999 -9999 -9999 -9999 -9999 -9999 -9999 -9999 -9999 -9999 -9999 -9999 -9999 -9999 -9999 -9999
0.002129955 0.002126318 0.001933098 0.001929825 0.001804583 0.001674613 0.001788944 0.00166843 0.001969435 0.00189782 0.001649154 0.001949795 0.002095751 0.002089569 0.002124376 0.002191534 0.002111283 0.001907243 0.002745386 0.001965674 0.0019584 0.001953308 0.002949046 0.002859702 0.001922394 0.001839233 0.00195902 0.002679195 0.001633284 0.001935743 0.001808319 0.001802136 0.001916104 0.001783952 0.001899375 0.002617367 0.00195635 0.001873916 -9999 -9999 -9999 -9999 -9999 -9999 -9999 -9999 -9999 -9999 -9999 -9999 -9999 -9999 -9999 -9999 -9999 -9999 -9999 -9999 -9999 -9999 -9999 -9999 -9999 -9999 -9999 -9999 -9999 -9999
0.001569737 0.001568646 0.001924734 0.001799491 0.002907106 0.00217602 0.002093222 0.001968707 0.0016517 0.001649154 0.001640789 0.001631697 0.001934884 0.002779573 0.00204085 0.002035032 0.001906153 0.001588781 0.001887968 0.001881785 0.001952218 0.001946035 0.002136617 0.002051637 0.001922759 0.001911848 0.001905301 0.002670466 0.001892208 0.002126326 0.002119416 0.001867114 0.001860567 0.002621004 0.001767586 0.001570002 0.001560546 0.001553272 0.001541634 0.001533269 -9999 -9999 -9999 -9999 -9999 -9999 -9999 -9999 -9999 -9999 -9999 -9999 -9999 -9999 -9999 -9999 -9999 -9999 -9999 -9999 -9999 -9999 -9999 -9999 -9999 -9999 -9999 -9999
0.001807856 0.001803856 0.00155519 0.002224283 0.002170928 0.002166564 0.001967253 0.001774033 0.0016477 0.001884727 0.001754757 0.001626242 0.00162115 0.001732572 0.001606602 0.00190688 0.002018665 0.002432381 0.001574598 0.001562959 0.001867237 0.001861418 0.001930032 0.001918758 0.001912939 0.001831596 0.0019013 0.001890754 0.001884571 0.003208407 0.00186675 0.00185984 0.00185293 0.001768313 0.001757039 0.001441123 0.001552181 0.001544544 0.001536906 0.002257445 -9999 -9999 -9999 -9999 -9999 -9999 -9999 -9999 -9999 -9999 -9999 -9999 -9999 -9999 -9999 -9999 -9999 -9999 -9999 -9999 -9999 -9999 -9999 -9999 -9999 -9999 -9999 -9999
0.001800946 0.001795127 0.001795127 0.002093222 0.001783125 0.001653155 0.001775487 0.00176785 0.001759121 0.001754394 0.001746029 0.001738755 0.001609148 0.00160442 0.001598965 0.001591691 0.002433835 0.001575325 0.001566596 0.002407649 0.001860328 0.001853781 0.001921304 0.002152148 0.001907847 0.001900573 0.002737989 0.00176442 0.001877297 0.001868932 0.001864931 0.001853294 0.001843474 0.001754857 0.001747947 0.001430939 0.00226981 0.0022629 0.001406208 0.001398207 -9999 -9999 -9999 -9999 -9999 -9999 -9999 -9999 -9999 -9999 -9999 -9999 -9999 -9999 -9999 -9999 -9999 -9999 -9999 -9999 -9999 -9999 -9999 -9999 -9999 -9999 -9999 -9999
0.001549734 0.001789308 0.001666611 0.001662611 0.001657519 0.001649518 0.001766395 0.001760212 0.001755848 0.001744574 0.001740937 0.00173039 0.001603329 0.00159751 0.001590964 0.001584417 0.00242838 0.001568415 0.001558595 0.001552049 0.002395284 0.001537501 0.001836324 0.002675922 0.002746718 0.001891845 0.001879479 0.001994174 0.001988355 0.002711076 0.002096867 0.00184311 0.001833654 0.001747947 0.001739218 0.00142112 0.001410573 0.001644691 0.001398207 0.001385478 -9999 -9999 -9999 -9999 -9999 -9999 -9999 -9999 -9999 -9999 -9999 -9999 -9999 -9999 -9999 -9999 -9999 -9999 -9999 -9999 -9999 -9999 -9999 -9999 -9999 -9999 -9999 -9999
0.001786398 0.001542097 0.001780579 0.001781307 0.001775487 0.0016477 0.001761304 0.001636062 0.001625514 0.001736209 0.001610603 0.001602965 0.001595692 0.001708568 0.001705659 0.001937231 0.001568415 0.001562232 0.001674745 0.001670381 0.001540411 0.001529136 0.002680286 0.001822139 0.001813411 0.001806501 0.00272235 0.001865295 0.001982172 0.001854384 0.002085957 0.001834381 0.001750493 0.002588272 0.001731217 0.002744229 0.00140148 0.002727499 0.001381477 0.001374931 0.001368021 -9999 -9999 -9999 -9999 -9999 -9999 -9999 -9999 -9999 -9999 -9999 -9999 -9999 -9999 -9999 -9999 -9999 -9999 -9999 -9999 -9999 -9999 -9999 -9999 -9999 -9999 -9999
0.001661156 0.001778033 0.002502209 0.001529368 0.001771487 0.001640426 0.001635334 0.001628424 0.001739119 0.001732572 0.002108373 0.001903606 0.001707841 0.001700204 0.001814171 0.001811262 0.001680928 0.002400012 0.001665289 0.002386919 0.00189577 0.001643468 0.00163583 0.00162892 0.001499677 0.001801045 0.001790862 0.001782498 0.001467308 0.001460398 0.001450215 0.00168506 0.001435667 0.001425848 0.001412755 0.001402572 0.002727499 0.003028504 0.00180336 0.001918782 0.001362202 -9999 -9999 -9999 -9999 -9999 -9999 -9999 -9999 -9999 -9999 -9999 -9999 -9999 -9999 -9999 -9999 -9999 -9999 -9999 -9999 -9999 -9999 -9999 -9999 -9999 -9999 -9999
0.001779488 0.001771123 0.001772215 0.002493117 0.00248948 0.001636062 0.001628787 0.00213165 0.002117465 0.002109828 0.002106191 0.001895242 0.001702386 0.001935412 0.001684201 0.001680928 0.001672199 0.001663471 0.002381827 0.001647468 0.001517498 0.002847517 0.001628193 0.00234764 0.001613645 0.001603462 0.003116517 0.003109607 0.001457853 0.001759585 0.001442941 0.001678878 0.001423302 0.001418938 0.001403299 0.001395297 0.002718043 0.001806633 0.003009592 0.02352679 -9999 -9999 -9999 -9999 -9999 -9999 -9999 -9999 -9999 -9999 -9999 -9999 -9999 -9999 -9999 -9999 -9999 -9999 -9999 -9999 -9999 -9999 -9999 -9999 -9999 -9999 -9999 -9999
0.001654246 0.001649154 0.001646245 0.001761667 0.002484388 0.001507546 0.001501727 0.002851461 0.001918154 0.002030304 0.001975857 0.002012483 0.002731566 0.001684565 0.001679473 0.002883523 0.002876612 0.003178708 0.001959383 0.00164274 0.001632921 0.001503678 0.0016191 0.001609644 0.001602007 0.001475673 0.001469491 0.00310197 0.002609366 0.001750129 0.001434213 0.001546362 0.001415664 0.002741683 0.001397843 0.001391297 0.001376749 0.001676663 0.0161477 0.02347048 0.01604111 0.01601295 0.01426393 -9999 -9999 -9999 -9999 -9999 -9999 -9999 -9999 -9999 -9999 -9999 -9999 -9999 -9999 -9999 -9999 -9999 -9999 -9999 -9999 -9999 -9999 -9999 -9999 -9999
0.001645881 0.00176494 0.001639334 0.001754394 0.00175403 0.00174421 0.001736936 0.002846006 0.001989314 0.002144635 0.002092007 0.002327944 0.001689293 0.001678382 0.001671472 0.001664198 0.002870067 0.001959747 0.001951019 0.001939017 0.001627465 0.001497495 0.001488767 0.001480038 0.001472037 0.002315272 0.001456761 0.001759585 0.001750129 0.001429121 0.001422574 0.001539452 0.0014113 0.001397843 0.001388751 0.001382205 0.001367657 0.001669389 0.01609541 0.01604111 0.02070416 0.01594859 0.01486802 0.01885056 -9999 -9999 -9999 -9999 -9999 -9999 -9999 -9999 -9999 -9999 -9999 -9999 -9999 -9999 -9999 -9999 -9999 -9999 -9999 -9999 -9999 -9999 -9999 -9999
0.001763122 0.001758394 0.001756212 0.00175112 0.002474568 0.001740937 0.001733663 0.002112738 0.002102918 0.002018665 0.002127541 0.00207455 0.001682019 0.001670744 0.001663107 0.001652924 0.001953565 0.001945927 0.002671557 0.002737262 0.001806865 0.002647917 0.001483311 0.001595824 0.001466218 0.001456398 0.001449124 0.001749765 0.001741037 0.001730853 0.001410209 0.001408027 0.002245806 0.001390933 0.001380386 0.001375658 0.001366202 0.001658478 0.01606323 0.01601295 0.01596267 0.01591038 0.01885459 0.01477551 0.01473327 0.02139565 -9999 -9999 -9999 -9999 -9999 -9999 -9999 -9999 -9999 -9999 -9999 -9999 -9999 -9999 -9999 -9999 -9999 -9999 -9999 -9999 -9999 -9999
0.001756212 0.0029679 0.001747847 0.001745665 0.001742028 0.001735845 0.001727844 0.001721298 0.002021938 0.001844796 0.002807091 0.002072004 0.001985569 0.001976113 0.001654742 0.001646377 0.001637648 0.001939017 0.002659556 0.001806501 0.001491312 0.001486584 0.001477128 0.001588914 0.001583822 0.002786417 0.001441487 0.001740309 0.001852822 0.001417483 0.001404754 0.001396025 0.001385842 0.002228349 0.001370567 0.001364748 0.001475078 0.00298668 0.01602099 0.01639037 0.01633003 0.0205493 0.01581384 0.01572535 0.02307829 0.01865347 0.01391197 0.005356162 -9999 -9999 -9999 -9999 -9999 -9999 -9999 -9999 -9999 -9999 -9999 -9999 -9999 -9999 -9999 -9999 -9999 -9999 -9999 -9999
0.002962807 0.002958079 0.002959535 0.001739119 0.001732936 0.001725662 0.001474814 0.001466449 0.002017574 0.003295694 0.002315214 0.002140981 0.002298848 0.002695561 0.001649287 0.00163874 0.001631102 0.001932471 0.00192556 0.001611099 0.001604552 0.001475673 0.001468763 0.001458943 0.001453488 0.001567456 0.001557636 0.001547453 0.001416392 0.0014073 0.001399298 0.001386205 0.001379659 0.001369839 0.001361838 0.001353473 0.001468168 0.0166814 0.01640042 0.02371516 0.0236689 0.01690999 0.0157535 0.01571127 0.01630933 0.01388784 0.01384761 -9999 -9999 -9999 -9999 -9999 -9999 -9999 -9999 -9999 -9999 -9999 -9999 -9999 -9999 -9999 -9999 -9999 -9999 -9999 -9999 -9999
0.00174421 0.001738391 0.002463294 0.001735118 0.001730026 0.001724207 0.00171657 0.001465722 0.001766726 0.001832794 0.001901772 0.002863339 0.002855338 0.002039272 0.00268065 0.00193829 0.001623465 0.001924106 0.001919377 0.001603462 0.001594369 0.001465126 0.001464399 0.001450942 0.001446214 0.001439668 0.001431667 0.001728307 0.002257081 0.001400025 0.001388024 0.001380023 0.01449522 0.001361474 0.0013542 0.001472169 0.01430818 0.02334176 0.02105343 0.01697033 0.02562397 0.02088046 0.01571529 0.01395019 0.01389186 0.01449796 -9999 -9999 -9999 -9999 -9999 -9999 -9999 -9999 -9999 -9999 -9999 -9999 -9999 -9999 -9999 -9999 -9999 -9999 -9999 -9999 -9999 -9999
0.001738391 0.00246293 0.001728571 0.002452747 0.001719479 0.001714751 0.00146463 0.002009573 0.002079642 0.003359943 0.001970749 0.00220705 0.002119888 0.002032361 0.002025088 0.001937198 0.001928106 0.00192156 0.001912831 0.001598006 0.001586732 0.001457489 0.001453488 0.001450579 0.001563092 0.001430939 0.001423302 0.001719578 0.001403299 0.001392388 0.001384751 0.001372021 0.014455 0.01507518 0.001345108 0.01497864 0.02064986 0.02104136 0.02100516 0.02094281 0.0208865 0.02083421 0.01566501 0.0156087 0.01452813 -9999 -9999 -9999 -9999 -9999 -9999 -9999 -9999 -9999 -9999 -9999 -9999 -9999 -9999 -9999 -9999 -9999 -9999 -9999 -9999 -9999 -9999 -9999
0.001737664 0.001726025 0.001725298 0.001719115 0.001712569 0.001711115 0.001703113 0.002001936 0.002073095 0.00189959 0.002330109 0.002930134 0.002115523 0.002027997 0.002018541 0.001935743 0.001921923 0.001917923 0.001601279 0.001592914 0.001579458 0.001571093 0.001567092 0.001561273 0.001434213 0.001547089 0.001416028 0.001529632 0.001394207 0.01457768 0.01452941 0.01447913 0.01509127 0.01439064 0.01498065 0.01425187 0.02329148 0.02099309 0.02137856 0.01686574 0.01680139 0.02035421 0.02297773 0.01622285 -9999 -9999 -9999 -9999 -9999 -9999 -9999 -9999 -9999 -9999 -9999 -9999 -9999 -9999 -9999 -9999 -9999 -9999 -9999 -9999 -9999 -9999 -9999 -9999
0.001725662 0.001725662 0.001717661 0.002021938 0.00201321 0.002008118 0.001697658 0.001998662 0.001825157 0.002057456 0.002780177 0.002116614 0.002030907 0.002025815 0.001936835 0.001927743 0.001915013 0.001913195 0.001904102 0.001585641 0.001575821 0.00156782 0.001868461 0.001552545 0.001858641 0.001418574 0.001530723 0.001401117 0.01630658 0.01456762 0.01448114 0.01443891 0.0143846 0.01431622 0.0142941 0.01625118 0.01656676 0.01734372 0.02132224 0.02083421 0.0167491 0.0156087 0.01450601 -9999 -9999 -9999 -9999 -9999 -9999 -9999 -9999 -9999 -9999 -9999 -9999 -9999 -9999 -9999 -9999 -9999 -9999 -9999 -9999 -9999 -9999 -9999 -9999 -9999
0.002444382 0.001713296 0.002438926 0.00274175 0.002007755 0.002000844 0.00168711 0.0014399 0.001983023 0.001976841 0.002045818 0.002033817 0.002025088 0.002018178 0.001934289 0.001925924 0.00191174 0.001904102 0.00189501 0.001887373 0.001882281 0.00187137 0.001862278 0.002582453 0.001849549 0.001722125 0.001831364 0.01699716 0.0182878 0.01450126 0.01444092 0.01439265 0.01434237 0.01427801 0.01491428 0.01656877 0.01693614 0.02133833 0.02127196 0.01677524 0.01670083 0.01384359 -9999 -9999 -9999 -9999 -9999 -9999 -9999 -9999 -9999 -9999 -9999 -9999 -9999 -9999 -9999 -9999 -9999 -9999 -9999 -9999 -9999 -9999 -9999 -9999 -9999 -9999
0.0015906 0.001585872 0.002011028 0.002008846 0.00200339 0.001995389 0.001985933 0.001672199 0.001666017 0.001967021 0.001962657 0.001950655 0.002020723 0.00181232 0.001924833 0.001917923 0.00190883 0.001900466 0.00189101 0.002608275 0.001875007 0.00307833 0.001853913 0.001728671 0.001841548 0.001526359 0.01530848 0.01693883 0.01689458 0.01445902 0.02177174 0.02171543 0.01429209 0.01490825 0.01486199 0.02321707 0.02359247 0.02128604 0.02592094 0.01672094 0.01623692 0.01379734 -9999 -9999 -9999 -9999 -9999 -9999 -9999 -9999 -9999 -9999 -9999 -9999 -9999 -9999 -9999 -9999 -9999 -9999 -9999 -9999 -9999 -9999 -9999 -9999 -9999 -9999
0.001703113 0.001699112 0.001695112 0.00241856 0.00272102 0.001744905 0.00198266 0.001665289 0.001659834 0.001650378 0.001646377 0.001636921 0.001506951 0.001804319 0.001488403 0.00191174 0.001903011 0.001894283 0.00309906 0.001952713 0.001747583 0.001737763 0.001730126 0.001842639 0.001833183 0.001396389 0.01457969 0.01822143 0.01818523 0.02350869 0.02343629 0.02166716 0.01424181 0.01487205 0.01719901 0.02090058 0.02555559 0.02080605 0.02544698 0.02068336 0.01616854 0.01613033 -9999 -9999 -9999 -9999 -9999 -9999 -9999 -9999 -9999 -9999 -9999 -9999 -9999 -9999 -9999 -9999 -9999 -9999 -9999 -9999 -9999 -9999 -9999 -9999 -9999 -9999
0.001695839 0.001691111 0.001993935 0.001990298 0.001983023 0.001976113 0.001973204 0.00165947 0.001653651 0.001646013 0.001639103 0.001627829 0.001618736 0.001492767 0.001481129 0.001901557 0.001894283 0.001884099 0.001876098 0.001945803 0.001937438 0.001927619 0.001722125 0.001404754 0.001397116 0.0145817 0.01453343 0.01821741 0.02082483 0.0234383 0.02340009 0.02333573 0.02155453 0.01652453 0.02359851 0.02086035 0.02124179 0.02075376 0.02069543 0.02331895 0.01612229 0.01437126 -9999 -9999 -9999 -9999 -9999 -9999 -9999 -9999 -9999 -9999 -9999 -9999 -9999 -9999 -9999 -9999 -9999 -9999 -9999 -9999 -9999 -9999 -9999 -9999 -9999 -9999
0.001873784 0.001679109 0.001985206 0.001428989 0.001661652 0.002871521 0.001652924 0.002375644 0.001641649 0.001637648 0.001630011 0.0016191 0.001920468 0.001484038 0.001473855 0.001465126 0.001579094 0.001876826 0.001869915 0.001939257 0.001929801 0.0021581 0.001765932 0.001758295 0.001751385 0.01453343 0.01447913 0.01681615 0.02347249 0.02384186 0.02376343 0.01700452 0.01650039 0.01646017 0.0164119 0.02081007 0.02118749 0.02111509 0.02331493 0.02058482 0.01607 0.01432902 -9999 -9999 -9999 -9999 -9999 -9999 -9999 -9999 -9999 -9999 -9999 -9999 -9999 -9999 -9999 -9999 -9999 -9999 -9999 -9999 -9999 -9999 -9999 -9999 -9999 -9999
